# degauss   lambda    int alpha2F  <log w>     N(Ef)
  0.002    0.656522    0.656496    99.674   17.383928
  0.004    0.564611    0.564588    96.977   16.780744
  0.006    0.576805    0.576780    95.664   17.377453
  0.008    0.585803    0.585777    95.330   17.680918
  0.010    0.585464    0.585438    95.399   17.659055
  0.012    0.580561    0.580535    95.657   17.453704
  0.014    0.573530    0.573504    95.991   17.161433
  0.016    0.565403    0.565379    96.353   16.835865
  0.018    0.556905    0.556881    96.721   16.504081
  0.020    0.548364    0.548341    97.094   16.177430
  0.022    0.539825    0.539802    97.445   15.858728
  0.024    0.531164    0.531142    97.783   15.547304
  0.026    0.522144    0.522122    98.093   15.242496
  0.028    0.512836    0.512815    98.379   14.945920
  0.030    0.502791    0.502770    98.638   14.662406
  0.032    0.492280    0.492260    98.909   14.399539
  0.034    0.480922    0.480903    99.173   14.166165
  0.036    0.468734    0.468716    99.442   13.970543
  0.038    0.455755    0.455737    99.698   13.818769
  0.040    0.442481    0.442464   100.008   13.713878
