&CONTROL
  calculation = 'bands'
  verbosity = 'high'
  prefix = 'si'
  outdir = './tmp'
  pseudo_dir = '../pseudo'
  tprnfor = .true.
  tstress = .true.
/
&SYSTEM
  ibrav = 2
  A = 5.397607551
  nbnd = 8
  nat = 2
  ntyp = 1
  ecutwfc = 60
  ecutrho = 640
  occupations = 'fixed'
/
&ELECTRONS
  conv_thr = 1.0d-12
/
ATOMIC_SPECIES
Si 28.085 Si.pbe-n-rrkjus_psl.1.0.0.UPF
ATOMIC_POSITIONS alat
Si 0.00 0.00 0.00
Si 0.25 0.25 0.25
K_POINTS tpiba
891
0.75000000 -0.08000000 -0.08000000 1.0
0.75000000 -0.08000000 -0.06000000 1.0
0.75000000 -0.08000000 -0.04000000 1.0
0.75000000 -0.08000000 -0.02000000 1.0
0.75000000 -0.08000000 0.00000000 1.0
0.75000000 -0.08000000 0.02000000 1.0
0.75000000 -0.08000000 0.04000000 1.0
0.75000000 -0.08000000 0.06000000 1.0
0.75000000 -0.08000000 0.08000000 1.0
0.75000000 -0.06000000 -0.08000000 1.0
0.75000000 -0.06000000 -0.06000000 1.0
0.75000000 -0.06000000 -0.04000000 1.0
0.75000000 -0.06000000 -0.02000000 1.0
0.75000000 -0.06000000 0.00000000 1.0
0.75000000 -0.06000000 0.02000000 1.0
0.75000000 -0.06000000 0.04000000 1.0
0.75000000 -0.06000000 0.06000000 1.0
0.75000000 -0.06000000 0.08000000 1.0
0.75000000 -0.04000000 -0.08000000 1.0
0.75000000 -0.04000000 -0.06000000 1.0
0.75000000 -0.04000000 -0.04000000 1.0
0.75000000 -0.04000000 -0.02000000 1.0
0.75000000 -0.04000000 0.00000000 1.0
0.75000000 -0.04000000 0.02000000 1.0
0.75000000 -0.04000000 0.04000000 1.0
0.75000000 -0.04000000 0.06000000 1.0
0.75000000 -0.04000000 0.08000000 1.0
0.75000000 -0.02000000 -0.08000000 1.0
0.75000000 -0.02000000 -0.06000000 1.0
0.75000000 -0.02000000 -0.04000000 1.0
0.75000000 -0.02000000 -0.02000000 1.0
0.75000000 -0.02000000 0.00000000 1.0
0.75000000 -0.02000000 0.02000000 1.0
0.75000000 -0.02000000 0.04000000 1.0
0.75000000 -0.02000000 0.06000000 1.0
0.75000000 -0.02000000 0.08000000 1.0
0.75000000 0.00000000 -0.08000000 1.0
0.75000000 0.00000000 -0.06000000 1.0
0.75000000 0.00000000 -0.04000000 1.0
0.75000000 0.00000000 -0.02000000 1.0
0.75000000 0.00000000 0.00000000 1.0
0.75000000 0.00000000 0.02000000 1.0
0.75000000 0.00000000 0.04000000 1.0
0.75000000 0.00000000 0.06000000 1.0
0.75000000 0.00000000 0.08000000 1.0
0.75000000 0.02000000 -0.08000000 1.0
0.75000000 0.02000000 -0.06000000 1.0
0.75000000 0.02000000 -0.04000000 1.0
0.75000000 0.02000000 -0.02000000 1.0
0.75000000 0.02000000 0.00000000 1.0
0.75000000 0.02000000 0.02000000 1.0
0.75000000 0.02000000 0.04000000 1.0
0.75000000 0.02000000 0.06000000 1.0
0.75000000 0.02000000 0.08000000 1.0
0.75000000 0.04000000 -0.08000000 1.0
0.75000000 0.04000000 -0.06000000 1.0
0.75000000 0.04000000 -0.04000000 1.0
0.75000000 0.04000000 -0.02000000 1.0
0.75000000 0.04000000 0.00000000 1.0
0.75000000 0.04000000 0.02000000 1.0
0.75000000 0.04000000 0.04000000 1.0
0.75000000 0.04000000 0.06000000 1.0
0.75000000 0.04000000 0.08000000 1.0
0.75000000 0.06000000 -0.08000000 1.0
0.75000000 0.06000000 -0.06000000 1.0
0.75000000 0.06000000 -0.04000000 1.0
0.75000000 0.06000000 -0.02000000 1.0
0.75000000 0.06000000 0.00000000 1.0
0.75000000 0.06000000 0.02000000 1.0
0.75000000 0.06000000 0.04000000 1.0
0.75000000 0.06000000 0.06000000 1.0
0.75000000 0.06000000 0.08000000 1.0
0.75000000 0.08000000 -0.08000000 1.0
0.75000000 0.08000000 -0.06000000 1.0
0.75000000 0.08000000 -0.04000000 1.0
0.75000000 0.08000000 -0.02000000 1.0
0.75000000 0.08000000 0.00000000 1.0
0.75000000 0.08000000 0.02000000 1.0
0.75000000 0.08000000 0.04000000 1.0
0.75000000 0.08000000 0.06000000 1.0
0.75000000 0.08000000 0.08000000 1.0
0.77000000 -0.08000000 -0.08000000 1.0
0.77000000 -0.08000000 -0.06000000 1.0
0.77000000 -0.08000000 -0.04000000 1.0
0.77000000 -0.08000000 -0.02000000 1.0
0.77000000 -0.08000000 0.00000000 1.0
0.77000000 -0.08000000 0.02000000 1.0
0.77000000 -0.08000000 0.04000000 1.0
0.77000000 -0.08000000 0.06000000 1.0
0.77000000 -0.08000000 0.08000000 1.0
0.77000000 -0.06000000 -0.08000000 1.0
0.77000000 -0.06000000 -0.06000000 1.0
0.77000000 -0.06000000 -0.04000000 1.0
0.77000000 -0.06000000 -0.02000000 1.0
0.77000000 -0.06000000 0.00000000 1.0
0.77000000 -0.06000000 0.02000000 1.0
0.77000000 -0.06000000 0.04000000 1.0
0.77000000 -0.06000000 0.06000000 1.0
0.77000000 -0.06000000 0.08000000 1.0
0.77000000 -0.04000000 -0.08000000 1.0
0.77000000 -0.04000000 -0.06000000 1.0
0.77000000 -0.04000000 -0.04000000 1.0
0.77000000 -0.04000000 -0.02000000 1.0
0.77000000 -0.04000000 0.00000000 1.0
0.77000000 -0.04000000 0.02000000 1.0
0.77000000 -0.04000000 0.04000000 1.0
0.77000000 -0.04000000 0.06000000 1.0
0.77000000 -0.04000000 0.08000000 1.0
0.77000000 -0.02000000 -0.08000000 1.0
0.77000000 -0.02000000 -0.06000000 1.0
0.77000000 -0.02000000 -0.04000000 1.0
0.77000000 -0.02000000 -0.02000000 1.0
0.77000000 -0.02000000 0.00000000 1.0
0.77000000 -0.02000000 0.02000000 1.0
0.77000000 -0.02000000 0.04000000 1.0
0.77000000 -0.02000000 0.06000000 1.0
0.77000000 -0.02000000 0.08000000 1.0
0.77000000 0.00000000 -0.08000000 1.0
0.77000000 0.00000000 -0.06000000 1.0
0.77000000 0.00000000 -0.04000000 1.0
0.77000000 0.00000000 -0.02000000 1.0
0.77000000 0.00000000 0.00000000 1.0
0.77000000 0.00000000 0.02000000 1.0
0.77000000 0.00000000 0.04000000 1.0
0.77000000 0.00000000 0.06000000 1.0
0.77000000 0.00000000 0.08000000 1.0
0.77000000 0.02000000 -0.08000000 1.0
0.77000000 0.02000000 -0.06000000 1.0
0.77000000 0.02000000 -0.04000000 1.0
0.77000000 0.02000000 -0.02000000 1.0
0.77000000 0.02000000 0.00000000 1.0
0.77000000 0.02000000 0.02000000 1.0
0.77000000 0.02000000 0.04000000 1.0
0.77000000 0.02000000 0.06000000 1.0
0.77000000 0.02000000 0.08000000 1.0
0.77000000 0.04000000 -0.08000000 1.0
0.77000000 0.04000000 -0.06000000 1.0
0.77000000 0.04000000 -0.04000000 1.0
0.77000000 0.04000000 -0.02000000 1.0
0.77000000 0.04000000 0.00000000 1.0
0.77000000 0.04000000 0.02000000 1.0
0.77000000 0.04000000 0.04000000 1.0
0.77000000 0.04000000 0.06000000 1.0
0.77000000 0.04000000 0.08000000 1.0
0.77000000 0.06000000 -0.08000000 1.0
0.77000000 0.06000000 -0.06000000 1.0
0.77000000 0.06000000 -0.04000000 1.0
0.77000000 0.06000000 -0.02000000 1.0
0.77000000 0.06000000 0.00000000 1.0
0.77000000 0.06000000 0.02000000 1.0
0.77000000 0.06000000 0.04000000 1.0
0.77000000 0.06000000 0.06000000 1.0
0.77000000 0.06000000 0.08000000 1.0
0.77000000 0.08000000 -0.08000000 1.0
0.77000000 0.08000000 -0.06000000 1.0
0.77000000 0.08000000 -0.04000000 1.0
0.77000000 0.08000000 -0.02000000 1.0
0.77000000 0.08000000 0.00000000 1.0
0.77000000 0.08000000 0.02000000 1.0
0.77000000 0.08000000 0.04000000 1.0
0.77000000 0.08000000 0.06000000 1.0
0.77000000 0.08000000 0.08000000 1.0
0.79000000 -0.08000000 -0.08000000 1.0
0.79000000 -0.08000000 -0.06000000 1.0
0.79000000 -0.08000000 -0.04000000 1.0
0.79000000 -0.08000000 -0.02000000 1.0
0.79000000 -0.08000000 0.00000000 1.0
0.79000000 -0.08000000 0.02000000 1.0
0.79000000 -0.08000000 0.04000000 1.0
0.79000000 -0.08000000 0.06000000 1.0
0.79000000 -0.08000000 0.08000000 1.0
0.79000000 -0.06000000 -0.08000000 1.0
0.79000000 -0.06000000 -0.06000000 1.0
0.79000000 -0.06000000 -0.04000000 1.0
0.79000000 -0.06000000 -0.02000000 1.0
0.79000000 -0.06000000 0.00000000 1.0
0.79000000 -0.06000000 0.02000000 1.0
0.79000000 -0.06000000 0.04000000 1.0
0.79000000 -0.06000000 0.06000000 1.0
0.79000000 -0.06000000 0.08000000 1.0
0.79000000 -0.04000000 -0.08000000 1.0
0.79000000 -0.04000000 -0.06000000 1.0
0.79000000 -0.04000000 -0.04000000 1.0
0.79000000 -0.04000000 -0.02000000 1.0
0.79000000 -0.04000000 0.00000000 1.0
0.79000000 -0.04000000 0.02000000 1.0
0.79000000 -0.04000000 0.04000000 1.0
0.79000000 -0.04000000 0.06000000 1.0
0.79000000 -0.04000000 0.08000000 1.0
0.79000000 -0.02000000 -0.08000000 1.0
0.79000000 -0.02000000 -0.06000000 1.0
0.79000000 -0.02000000 -0.04000000 1.0
0.79000000 -0.02000000 -0.02000000 1.0
0.79000000 -0.02000000 0.00000000 1.0
0.79000000 -0.02000000 0.02000000 1.0
0.79000000 -0.02000000 0.04000000 1.0
0.79000000 -0.02000000 0.06000000 1.0
0.79000000 -0.02000000 0.08000000 1.0
0.79000000 0.00000000 -0.08000000 1.0
0.79000000 0.00000000 -0.06000000 1.0
0.79000000 0.00000000 -0.04000000 1.0
0.79000000 0.00000000 -0.02000000 1.0
0.79000000 0.00000000 0.00000000 1.0
0.79000000 0.00000000 0.02000000 1.0
0.79000000 0.00000000 0.04000000 1.0
0.79000000 0.00000000 0.06000000 1.0
0.79000000 0.00000000 0.08000000 1.0
0.79000000 0.02000000 -0.08000000 1.0
0.79000000 0.02000000 -0.06000000 1.0
0.79000000 0.02000000 -0.04000000 1.0
0.79000000 0.02000000 -0.02000000 1.0
0.79000000 0.02000000 0.00000000 1.0
0.79000000 0.02000000 0.02000000 1.0
0.79000000 0.02000000 0.04000000 1.0
0.79000000 0.02000000 0.06000000 1.0
0.79000000 0.02000000 0.08000000 1.0
0.79000000 0.04000000 -0.08000000 1.0
0.79000000 0.04000000 -0.06000000 1.0
0.79000000 0.04000000 -0.04000000 1.0
0.79000000 0.04000000 -0.02000000 1.0
0.79000000 0.04000000 0.00000000 1.0
0.79000000 0.04000000 0.02000000 1.0
0.79000000 0.04000000 0.04000000 1.0
0.79000000 0.04000000 0.06000000 1.0
0.79000000 0.04000000 0.08000000 1.0
0.79000000 0.06000000 -0.08000000 1.0
0.79000000 0.06000000 -0.06000000 1.0
0.79000000 0.06000000 -0.04000000 1.0
0.79000000 0.06000000 -0.02000000 1.0
0.79000000 0.06000000 0.00000000 1.0
0.79000000 0.06000000 0.02000000 1.0
0.79000000 0.06000000 0.04000000 1.0
0.79000000 0.06000000 0.06000000 1.0
0.79000000 0.06000000 0.08000000 1.0
0.79000000 0.08000000 -0.08000000 1.0
0.79000000 0.08000000 -0.06000000 1.0
0.79000000 0.08000000 -0.04000000 1.0
0.79000000 0.08000000 -0.02000000 1.0
0.79000000 0.08000000 0.00000000 1.0
0.79000000 0.08000000 0.02000000 1.0
0.79000000 0.08000000 0.04000000 1.0
0.79000000 0.08000000 0.06000000 1.0
0.79000000 0.08000000 0.08000000 1.0
0.81000000 -0.08000000 -0.08000000 1.0
0.81000000 -0.08000000 -0.06000000 1.0
0.81000000 -0.08000000 -0.04000000 1.0
0.81000000 -0.08000000 -0.02000000 1.0
0.81000000 -0.08000000 0.00000000 1.0
0.81000000 -0.08000000 0.02000000 1.0
0.81000000 -0.08000000 0.04000000 1.0
0.81000000 -0.08000000 0.06000000 1.0
0.81000000 -0.08000000 0.08000000 1.0
0.81000000 -0.06000000 -0.08000000 1.0
0.81000000 -0.06000000 -0.06000000 1.0
0.81000000 -0.06000000 -0.04000000 1.0
0.81000000 -0.06000000 -0.02000000 1.0
0.81000000 -0.06000000 0.00000000 1.0
0.81000000 -0.06000000 0.02000000 1.0
0.81000000 -0.06000000 0.04000000 1.0
0.81000000 -0.06000000 0.06000000 1.0
0.81000000 -0.06000000 0.08000000 1.0
0.81000000 -0.04000000 -0.08000000 1.0
0.81000000 -0.04000000 -0.06000000 1.0
0.81000000 -0.04000000 -0.04000000 1.0
0.81000000 -0.04000000 -0.02000000 1.0
0.81000000 -0.04000000 0.00000000 1.0
0.81000000 -0.04000000 0.02000000 1.0
0.81000000 -0.04000000 0.04000000 1.0
0.81000000 -0.04000000 0.06000000 1.0
0.81000000 -0.04000000 0.08000000 1.0
0.81000000 -0.02000000 -0.08000000 1.0
0.81000000 -0.02000000 -0.06000000 1.0
0.81000000 -0.02000000 -0.04000000 1.0
0.81000000 -0.02000000 -0.02000000 1.0
0.81000000 -0.02000000 0.00000000 1.0
0.81000000 -0.02000000 0.02000000 1.0
0.81000000 -0.02000000 0.04000000 1.0
0.81000000 -0.02000000 0.06000000 1.0
0.81000000 -0.02000000 0.08000000 1.0
0.81000000 0.00000000 -0.08000000 1.0
0.81000000 0.00000000 -0.06000000 1.0
0.81000000 0.00000000 -0.04000000 1.0
0.81000000 0.00000000 -0.02000000 1.0
0.81000000 0.00000000 0.00000000 1.0
0.81000000 0.00000000 0.02000000 1.0
0.81000000 0.00000000 0.04000000 1.0
0.81000000 0.00000000 0.06000000 1.0
0.81000000 0.00000000 0.08000000 1.0
0.81000000 0.02000000 -0.08000000 1.0
0.81000000 0.02000000 -0.06000000 1.0
0.81000000 0.02000000 -0.04000000 1.0
0.81000000 0.02000000 -0.02000000 1.0
0.81000000 0.02000000 0.00000000 1.0
0.81000000 0.02000000 0.02000000 1.0
0.81000000 0.02000000 0.04000000 1.0
0.81000000 0.02000000 0.06000000 1.0
0.81000000 0.02000000 0.08000000 1.0
0.81000000 0.04000000 -0.08000000 1.0
0.81000000 0.04000000 -0.06000000 1.0
0.81000000 0.04000000 -0.04000000 1.0
0.81000000 0.04000000 -0.02000000 1.0
0.81000000 0.04000000 0.00000000 1.0
0.81000000 0.04000000 0.02000000 1.0
0.81000000 0.04000000 0.04000000 1.0
0.81000000 0.04000000 0.06000000 1.0
0.81000000 0.04000000 0.08000000 1.0
0.81000000 0.06000000 -0.08000000 1.0
0.81000000 0.06000000 -0.06000000 1.0
0.81000000 0.06000000 -0.04000000 1.0
0.81000000 0.06000000 -0.02000000 1.0
0.81000000 0.06000000 0.00000000 1.0
0.81000000 0.06000000 0.02000000 1.0
0.81000000 0.06000000 0.04000000 1.0
0.81000000 0.06000000 0.06000000 1.0
0.81000000 0.06000000 0.08000000 1.0
0.81000000 0.08000000 -0.08000000 1.0
0.81000000 0.08000000 -0.06000000 1.0
0.81000000 0.08000000 -0.04000000 1.0
0.81000000 0.08000000 -0.02000000 1.0
0.81000000 0.08000000 0.00000000 1.0
0.81000000 0.08000000 0.02000000 1.0
0.81000000 0.08000000 0.04000000 1.0
0.81000000 0.08000000 0.06000000 1.0
0.81000000 0.08000000 0.08000000 1.0
0.83000000 -0.08000000 -0.08000000 1.0
0.83000000 -0.08000000 -0.06000000 1.0
0.83000000 -0.08000000 -0.04000000 1.0
0.83000000 -0.08000000 -0.02000000 1.0
0.83000000 -0.08000000 0.00000000 1.0
0.83000000 -0.08000000 0.02000000 1.0
0.83000000 -0.08000000 0.04000000 1.0
0.83000000 -0.08000000 0.06000000 1.0
0.83000000 -0.08000000 0.08000000 1.0
0.83000000 -0.06000000 -0.08000000 1.0
0.83000000 -0.06000000 -0.06000000 1.0
0.83000000 -0.06000000 -0.04000000 1.0
0.83000000 -0.06000000 -0.02000000 1.0
0.83000000 -0.06000000 0.00000000 1.0
0.83000000 -0.06000000 0.02000000 1.0
0.83000000 -0.06000000 0.04000000 1.0
0.83000000 -0.06000000 0.06000000 1.0
0.83000000 -0.06000000 0.08000000 1.0
0.83000000 -0.04000000 -0.08000000 1.0
0.83000000 -0.04000000 -0.06000000 1.0
0.83000000 -0.04000000 -0.04000000 1.0
0.83000000 -0.04000000 -0.02000000 1.0
0.83000000 -0.04000000 0.00000000 1.0
0.83000000 -0.04000000 0.02000000 1.0
0.83000000 -0.04000000 0.04000000 1.0
0.83000000 -0.04000000 0.06000000 1.0
0.83000000 -0.04000000 0.08000000 1.0
0.83000000 -0.02000000 -0.08000000 1.0
0.83000000 -0.02000000 -0.06000000 1.0
0.83000000 -0.02000000 -0.04000000 1.0
0.83000000 -0.02000000 -0.02000000 1.0
0.83000000 -0.02000000 0.00000000 1.0
0.83000000 -0.02000000 0.02000000 1.0
0.83000000 -0.02000000 0.04000000 1.0
0.83000000 -0.02000000 0.06000000 1.0
0.83000000 -0.02000000 0.08000000 1.0
0.83000000 0.00000000 -0.08000000 1.0
0.83000000 0.00000000 -0.06000000 1.0
0.83000000 0.00000000 -0.04000000 1.0
0.83000000 0.00000000 -0.02000000 1.0
0.83000000 0.00000000 0.00000000 1.0
0.83000000 0.00000000 0.02000000 1.0
0.83000000 0.00000000 0.04000000 1.0
0.83000000 0.00000000 0.06000000 1.0
0.83000000 0.00000000 0.08000000 1.0
0.83000000 0.02000000 -0.08000000 1.0
0.83000000 0.02000000 -0.06000000 1.0
0.83000000 0.02000000 -0.04000000 1.0
0.83000000 0.02000000 -0.02000000 1.0
0.83000000 0.02000000 0.00000000 1.0
0.83000000 0.02000000 0.02000000 1.0
0.83000000 0.02000000 0.04000000 1.0
0.83000000 0.02000000 0.06000000 1.0
0.83000000 0.02000000 0.08000000 1.0
0.83000000 0.04000000 -0.08000000 1.0
0.83000000 0.04000000 -0.06000000 1.0
0.83000000 0.04000000 -0.04000000 1.0
0.83000000 0.04000000 -0.02000000 1.0
0.83000000 0.04000000 0.00000000 1.0
0.83000000 0.04000000 0.02000000 1.0
0.83000000 0.04000000 0.04000000 1.0
0.83000000 0.04000000 0.06000000 1.0
0.83000000 0.04000000 0.08000000 1.0
0.83000000 0.06000000 -0.08000000 1.0
0.83000000 0.06000000 -0.06000000 1.0
0.83000000 0.06000000 -0.04000000 1.0
0.83000000 0.06000000 -0.02000000 1.0
0.83000000 0.06000000 0.00000000 1.0
0.83000000 0.06000000 0.02000000 1.0
0.83000000 0.06000000 0.04000000 1.0
0.83000000 0.06000000 0.06000000 1.0
0.83000000 0.06000000 0.08000000 1.0
0.83000000 0.08000000 -0.08000000 1.0
0.83000000 0.08000000 -0.06000000 1.0
0.83000000 0.08000000 -0.04000000 1.0
0.83000000 0.08000000 -0.02000000 1.0
0.83000000 0.08000000 0.00000000 1.0
0.83000000 0.08000000 0.02000000 1.0
0.83000000 0.08000000 0.04000000 1.0
0.83000000 0.08000000 0.06000000 1.0
0.83000000 0.08000000 0.08000000 1.0
0.85000000 -0.08000000 -0.08000000 1.0
0.85000000 -0.08000000 -0.06000000 1.0
0.85000000 -0.08000000 -0.04000000 1.0
0.85000000 -0.08000000 -0.02000000 1.0
0.85000000 -0.08000000 0.00000000 1.0
0.85000000 -0.08000000 0.02000000 1.0
0.85000000 -0.08000000 0.04000000 1.0
0.85000000 -0.08000000 0.06000000 1.0
0.85000000 -0.08000000 0.08000000 1.0
0.85000000 -0.06000000 -0.08000000 1.0
0.85000000 -0.06000000 -0.06000000 1.0
0.85000000 -0.06000000 -0.04000000 1.0
0.85000000 -0.06000000 -0.02000000 1.0
0.85000000 -0.06000000 0.00000000 1.0
0.85000000 -0.06000000 0.02000000 1.0
0.85000000 -0.06000000 0.04000000 1.0
0.85000000 -0.06000000 0.06000000 1.0
0.85000000 -0.06000000 0.08000000 1.0
0.85000000 -0.04000000 -0.08000000 1.0
0.85000000 -0.04000000 -0.06000000 1.0
0.85000000 -0.04000000 -0.04000000 1.0
0.85000000 -0.04000000 -0.02000000 1.0
0.85000000 -0.04000000 0.00000000 1.0
0.85000000 -0.04000000 0.02000000 1.0
0.85000000 -0.04000000 0.04000000 1.0
0.85000000 -0.04000000 0.06000000 1.0
0.85000000 -0.04000000 0.08000000 1.0
0.85000000 -0.02000000 -0.08000000 1.0
0.85000000 -0.02000000 -0.06000000 1.0
0.85000000 -0.02000000 -0.04000000 1.0
0.85000000 -0.02000000 -0.02000000 1.0
0.85000000 -0.02000000 0.00000000 1.0
0.85000000 -0.02000000 0.02000000 1.0
0.85000000 -0.02000000 0.04000000 1.0
0.85000000 -0.02000000 0.06000000 1.0
0.85000000 -0.02000000 0.08000000 1.0
0.85000000 0.00000000 -0.08000000 1.0
0.85000000 0.00000000 -0.06000000 1.0
0.85000000 0.00000000 -0.04000000 1.0
0.85000000 0.00000000 -0.02000000 1.0
0.85000000 0.00000000 0.00000000 1.0
0.85000000 0.00000000 0.02000000 1.0
0.85000000 0.00000000 0.04000000 1.0
0.85000000 0.00000000 0.06000000 1.0
0.85000000 0.00000000 0.08000000 1.0
0.85000000 0.02000000 -0.08000000 1.0
0.85000000 0.02000000 -0.06000000 1.0
0.85000000 0.02000000 -0.04000000 1.0
0.85000000 0.02000000 -0.02000000 1.0
0.85000000 0.02000000 0.00000000 1.0
0.85000000 0.02000000 0.02000000 1.0
0.85000000 0.02000000 0.04000000 1.0
0.85000000 0.02000000 0.06000000 1.0
0.85000000 0.02000000 0.08000000 1.0
0.85000000 0.04000000 -0.08000000 1.0
0.85000000 0.04000000 -0.06000000 1.0
0.85000000 0.04000000 -0.04000000 1.0
0.85000000 0.04000000 -0.02000000 1.0
0.85000000 0.04000000 0.00000000 1.0
0.85000000 0.04000000 0.02000000 1.0
0.85000000 0.04000000 0.04000000 1.0
0.85000000 0.04000000 0.06000000 1.0
0.85000000 0.04000000 0.08000000 1.0
0.85000000 0.06000000 -0.08000000 1.0
0.85000000 0.06000000 -0.06000000 1.0
0.85000000 0.06000000 -0.04000000 1.0
0.85000000 0.06000000 -0.02000000 1.0
0.85000000 0.06000000 0.00000000 1.0
0.85000000 0.06000000 0.02000000 1.0
0.85000000 0.06000000 0.04000000 1.0
0.85000000 0.06000000 0.06000000 1.0
0.85000000 0.06000000 0.08000000 1.0
0.85000000 0.08000000 -0.08000000 1.0
0.85000000 0.08000000 -0.06000000 1.0
0.85000000 0.08000000 -0.04000000 1.0
0.85000000 0.08000000 -0.02000000 1.0
0.85000000 0.08000000 0.00000000 1.0
0.85000000 0.08000000 0.02000000 1.0
0.85000000 0.08000000 0.04000000 1.0
0.85000000 0.08000000 0.06000000 1.0
0.85000000 0.08000000 0.08000000 1.0
0.87000000 -0.08000000 -0.08000000 1.0
0.87000000 -0.08000000 -0.06000000 1.0
0.87000000 -0.08000000 -0.04000000 1.0
0.87000000 -0.08000000 -0.02000000 1.0
0.87000000 -0.08000000 0.00000000 1.0
0.87000000 -0.08000000 0.02000000 1.0
0.87000000 -0.08000000 0.04000000 1.0
0.87000000 -0.08000000 0.06000000 1.0
0.87000000 -0.08000000 0.08000000 1.0
0.87000000 -0.06000000 -0.08000000 1.0
0.87000000 -0.06000000 -0.06000000 1.0
0.87000000 -0.06000000 -0.04000000 1.0
0.87000000 -0.06000000 -0.02000000 1.0
0.87000000 -0.06000000 0.00000000 1.0
0.87000000 -0.06000000 0.02000000 1.0
0.87000000 -0.06000000 0.04000000 1.0
0.87000000 -0.06000000 0.06000000 1.0
0.87000000 -0.06000000 0.08000000 1.0
0.87000000 -0.04000000 -0.08000000 1.0
0.87000000 -0.04000000 -0.06000000 1.0
0.87000000 -0.04000000 -0.04000000 1.0
0.87000000 -0.04000000 -0.02000000 1.0
0.87000000 -0.04000000 0.00000000 1.0
0.87000000 -0.04000000 0.02000000 1.0
0.87000000 -0.04000000 0.04000000 1.0
0.87000000 -0.04000000 0.06000000 1.0
0.87000000 -0.04000000 0.08000000 1.0
0.87000000 -0.02000000 -0.08000000 1.0
0.87000000 -0.02000000 -0.06000000 1.0
0.87000000 -0.02000000 -0.04000000 1.0
0.87000000 -0.02000000 -0.02000000 1.0
0.87000000 -0.02000000 0.00000000 1.0
0.87000000 -0.02000000 0.02000000 1.0
0.87000000 -0.02000000 0.04000000 1.0
0.87000000 -0.02000000 0.06000000 1.0
0.87000000 -0.02000000 0.08000000 1.0
0.87000000 0.00000000 -0.08000000 1.0
0.87000000 0.00000000 -0.06000000 1.0
0.87000000 0.00000000 -0.04000000 1.0
0.87000000 0.00000000 -0.02000000 1.0
0.87000000 0.00000000 0.00000000 1.0
0.87000000 0.00000000 0.02000000 1.0
0.87000000 0.00000000 0.04000000 1.0
0.87000000 0.00000000 0.06000000 1.0
0.87000000 0.00000000 0.08000000 1.0
0.87000000 0.02000000 -0.08000000 1.0
0.87000000 0.02000000 -0.06000000 1.0
0.87000000 0.02000000 -0.04000000 1.0
0.87000000 0.02000000 -0.02000000 1.0
0.87000000 0.02000000 0.00000000 1.0
0.87000000 0.02000000 0.02000000 1.0
0.87000000 0.02000000 0.04000000 1.0
0.87000000 0.02000000 0.06000000 1.0
0.87000000 0.02000000 0.08000000 1.0
0.87000000 0.04000000 -0.08000000 1.0
0.87000000 0.04000000 -0.06000000 1.0
0.87000000 0.04000000 -0.04000000 1.0
0.87000000 0.04000000 -0.02000000 1.0
0.87000000 0.04000000 0.00000000 1.0
0.87000000 0.04000000 0.02000000 1.0
0.87000000 0.04000000 0.04000000 1.0
0.87000000 0.04000000 0.06000000 1.0
0.87000000 0.04000000 0.08000000 1.0
0.87000000 0.06000000 -0.08000000 1.0
0.87000000 0.06000000 -0.06000000 1.0
0.87000000 0.06000000 -0.04000000 1.0
0.87000000 0.06000000 -0.02000000 1.0
0.87000000 0.06000000 0.00000000 1.0
0.87000000 0.06000000 0.02000000 1.0
0.87000000 0.06000000 0.04000000 1.0
0.87000000 0.06000000 0.06000000 1.0
0.87000000 0.06000000 0.08000000 1.0
0.87000000 0.08000000 -0.08000000 1.0
0.87000000 0.08000000 -0.06000000 1.0
0.87000000 0.08000000 -0.04000000 1.0
0.87000000 0.08000000 -0.02000000 1.0
0.87000000 0.08000000 0.00000000 1.0
0.87000000 0.08000000 0.02000000 1.0
0.87000000 0.08000000 0.04000000 1.0
0.87000000 0.08000000 0.06000000 1.0
0.87000000 0.08000000 0.08000000 1.0
0.89000000 -0.08000000 -0.08000000 1.0
0.89000000 -0.08000000 -0.06000000 1.0
0.89000000 -0.08000000 -0.04000000 1.0
0.89000000 -0.08000000 -0.02000000 1.0
0.89000000 -0.08000000 0.00000000 1.0
0.89000000 -0.08000000 0.02000000 1.0
0.89000000 -0.08000000 0.04000000 1.0
0.89000000 -0.08000000 0.06000000 1.0
0.89000000 -0.08000000 0.08000000 1.0
0.89000000 -0.06000000 -0.08000000 1.0
0.89000000 -0.06000000 -0.06000000 1.0
0.89000000 -0.06000000 -0.04000000 1.0
0.89000000 -0.06000000 -0.02000000 1.0
0.89000000 -0.06000000 0.00000000 1.0
0.89000000 -0.06000000 0.02000000 1.0
0.89000000 -0.06000000 0.04000000 1.0
0.89000000 -0.06000000 0.06000000 1.0
0.89000000 -0.06000000 0.08000000 1.0
0.89000000 -0.04000000 -0.08000000 1.0
0.89000000 -0.04000000 -0.06000000 1.0
0.89000000 -0.04000000 -0.04000000 1.0
0.89000000 -0.04000000 -0.02000000 1.0
0.89000000 -0.04000000 0.00000000 1.0
0.89000000 -0.04000000 0.02000000 1.0
0.89000000 -0.04000000 0.04000000 1.0
0.89000000 -0.04000000 0.06000000 1.0
0.89000000 -0.04000000 0.08000000 1.0
0.89000000 -0.02000000 -0.08000000 1.0
0.89000000 -0.02000000 -0.06000000 1.0
0.89000000 -0.02000000 -0.04000000 1.0
0.89000000 -0.02000000 -0.02000000 1.0
0.89000000 -0.02000000 0.00000000 1.0
0.89000000 -0.02000000 0.02000000 1.0
0.89000000 -0.02000000 0.04000000 1.0
0.89000000 -0.02000000 0.06000000 1.0
0.89000000 -0.02000000 0.08000000 1.0
0.89000000 0.00000000 -0.08000000 1.0
0.89000000 0.00000000 -0.06000000 1.0
0.89000000 0.00000000 -0.04000000 1.0
0.89000000 0.00000000 -0.02000000 1.0
0.89000000 0.00000000 0.00000000 1.0
0.89000000 0.00000000 0.02000000 1.0
0.89000000 0.00000000 0.04000000 1.0
0.89000000 0.00000000 0.06000000 1.0
0.89000000 0.00000000 0.08000000 1.0
0.89000000 0.02000000 -0.08000000 1.0
0.89000000 0.02000000 -0.06000000 1.0
0.89000000 0.02000000 -0.04000000 1.0
0.89000000 0.02000000 -0.02000000 1.0
0.89000000 0.02000000 0.00000000 1.0
0.89000000 0.02000000 0.02000000 1.0
0.89000000 0.02000000 0.04000000 1.0
0.89000000 0.02000000 0.06000000 1.0
0.89000000 0.02000000 0.08000000 1.0
0.89000000 0.04000000 -0.08000000 1.0
0.89000000 0.04000000 -0.06000000 1.0
0.89000000 0.04000000 -0.04000000 1.0
0.89000000 0.04000000 -0.02000000 1.0
0.89000000 0.04000000 0.00000000 1.0
0.89000000 0.04000000 0.02000000 1.0
0.89000000 0.04000000 0.04000000 1.0
0.89000000 0.04000000 0.06000000 1.0
0.89000000 0.04000000 0.08000000 1.0
0.89000000 0.06000000 -0.08000000 1.0
0.89000000 0.06000000 -0.06000000 1.0
0.89000000 0.06000000 -0.04000000 1.0
0.89000000 0.06000000 -0.02000000 1.0
0.89000000 0.06000000 0.00000000 1.0
0.89000000 0.06000000 0.02000000 1.0
0.89000000 0.06000000 0.04000000 1.0
0.89000000 0.06000000 0.06000000 1.0
0.89000000 0.06000000 0.08000000 1.0
0.89000000 0.08000000 -0.08000000 1.0
0.89000000 0.08000000 -0.06000000 1.0
0.89000000 0.08000000 -0.04000000 1.0
0.89000000 0.08000000 -0.02000000 1.0
0.89000000 0.08000000 0.00000000 1.0
0.89000000 0.08000000 0.02000000 1.0
0.89000000 0.08000000 0.04000000 1.0
0.89000000 0.08000000 0.06000000 1.0
0.89000000 0.08000000 0.08000000 1.0
0.91000000 -0.08000000 -0.08000000 1.0
0.91000000 -0.08000000 -0.06000000 1.0
0.91000000 -0.08000000 -0.04000000 1.0
0.91000000 -0.08000000 -0.02000000 1.0
0.91000000 -0.08000000 0.00000000 1.0
0.91000000 -0.08000000 0.02000000 1.0
0.91000000 -0.08000000 0.04000000 1.0
0.91000000 -0.08000000 0.06000000 1.0
0.91000000 -0.08000000 0.08000000 1.0
0.91000000 -0.06000000 -0.08000000 1.0
0.91000000 -0.06000000 -0.06000000 1.0
0.91000000 -0.06000000 -0.04000000 1.0
0.91000000 -0.06000000 -0.02000000 1.0
0.91000000 -0.06000000 0.00000000 1.0
0.91000000 -0.06000000 0.02000000 1.0
0.91000000 -0.06000000 0.04000000 1.0
0.91000000 -0.06000000 0.06000000 1.0
0.91000000 -0.06000000 0.08000000 1.0
0.91000000 -0.04000000 -0.08000000 1.0
0.91000000 -0.04000000 -0.06000000 1.0
0.91000000 -0.04000000 -0.04000000 1.0
0.91000000 -0.04000000 -0.02000000 1.0
0.91000000 -0.04000000 0.00000000 1.0
0.91000000 -0.04000000 0.02000000 1.0
0.91000000 -0.04000000 0.04000000 1.0
0.91000000 -0.04000000 0.06000000 1.0
0.91000000 -0.04000000 0.08000000 1.0
0.91000000 -0.02000000 -0.08000000 1.0
0.91000000 -0.02000000 -0.06000000 1.0
0.91000000 -0.02000000 -0.04000000 1.0
0.91000000 -0.02000000 -0.02000000 1.0
0.91000000 -0.02000000 0.00000000 1.0
0.91000000 -0.02000000 0.02000000 1.0
0.91000000 -0.02000000 0.04000000 1.0
0.91000000 -0.02000000 0.06000000 1.0
0.91000000 -0.02000000 0.08000000 1.0
0.91000000 0.00000000 -0.08000000 1.0
0.91000000 0.00000000 -0.06000000 1.0
0.91000000 0.00000000 -0.04000000 1.0
0.91000000 0.00000000 -0.02000000 1.0
0.91000000 0.00000000 0.00000000 1.0
0.91000000 0.00000000 0.02000000 1.0
0.91000000 0.00000000 0.04000000 1.0
0.91000000 0.00000000 0.06000000 1.0
0.91000000 0.00000000 0.08000000 1.0
0.91000000 0.02000000 -0.08000000 1.0
0.91000000 0.02000000 -0.06000000 1.0
0.91000000 0.02000000 -0.04000000 1.0
0.91000000 0.02000000 -0.02000000 1.0
0.91000000 0.02000000 0.00000000 1.0
0.91000000 0.02000000 0.02000000 1.0
0.91000000 0.02000000 0.04000000 1.0
0.91000000 0.02000000 0.06000000 1.0
0.91000000 0.02000000 0.08000000 1.0
0.91000000 0.04000000 -0.08000000 1.0
0.91000000 0.04000000 -0.06000000 1.0
0.91000000 0.04000000 -0.04000000 1.0
0.91000000 0.04000000 -0.02000000 1.0
0.91000000 0.04000000 0.00000000 1.0
0.91000000 0.04000000 0.02000000 1.0
0.91000000 0.04000000 0.04000000 1.0
0.91000000 0.04000000 0.06000000 1.0
0.91000000 0.04000000 0.08000000 1.0
0.91000000 0.06000000 -0.08000000 1.0
0.91000000 0.06000000 -0.06000000 1.0
0.91000000 0.06000000 -0.04000000 1.0
0.91000000 0.06000000 -0.02000000 1.0
0.91000000 0.06000000 0.00000000 1.0
0.91000000 0.06000000 0.02000000 1.0
0.91000000 0.06000000 0.04000000 1.0
0.91000000 0.06000000 0.06000000 1.0
0.91000000 0.06000000 0.08000000 1.0
0.91000000 0.08000000 -0.08000000 1.0
0.91000000 0.08000000 -0.06000000 1.0
0.91000000 0.08000000 -0.04000000 1.0
0.91000000 0.08000000 -0.02000000 1.0
0.91000000 0.08000000 0.00000000 1.0
0.91000000 0.08000000 0.02000000 1.0
0.91000000 0.08000000 0.04000000 1.0
0.91000000 0.08000000 0.06000000 1.0
0.91000000 0.08000000 0.08000000 1.0
0.93000000 -0.08000000 -0.08000000 1.0
0.93000000 -0.08000000 -0.06000000 1.0
0.93000000 -0.08000000 -0.04000000 1.0
0.93000000 -0.08000000 -0.02000000 1.0
0.93000000 -0.08000000 0.00000000 1.0
0.93000000 -0.08000000 0.02000000 1.0
0.93000000 -0.08000000 0.04000000 1.0
0.93000000 -0.08000000 0.06000000 1.0
0.93000000 -0.08000000 0.08000000 1.0
0.93000000 -0.06000000 -0.08000000 1.0
0.93000000 -0.06000000 -0.06000000 1.0
0.93000000 -0.06000000 -0.04000000 1.0
0.93000000 -0.06000000 -0.02000000 1.0
0.93000000 -0.06000000 0.00000000 1.0
0.93000000 -0.06000000 0.02000000 1.0
0.93000000 -0.06000000 0.04000000 1.0
0.93000000 -0.06000000 0.06000000 1.0
0.93000000 -0.06000000 0.08000000 1.0
0.93000000 -0.04000000 -0.08000000 1.0
0.93000000 -0.04000000 -0.06000000 1.0
0.93000000 -0.04000000 -0.04000000 1.0
0.93000000 -0.04000000 -0.02000000 1.0
0.93000000 -0.04000000 0.00000000 1.0
0.93000000 -0.04000000 0.02000000 1.0
0.93000000 -0.04000000 0.04000000 1.0
0.93000000 -0.04000000 0.06000000 1.0
0.93000000 -0.04000000 0.08000000 1.0
0.93000000 -0.02000000 -0.08000000 1.0
0.93000000 -0.02000000 -0.06000000 1.0
0.93000000 -0.02000000 -0.04000000 1.0
0.93000000 -0.02000000 -0.02000000 1.0
0.93000000 -0.02000000 0.00000000 1.0
0.93000000 -0.02000000 0.02000000 1.0
0.93000000 -0.02000000 0.04000000 1.0
0.93000000 -0.02000000 0.06000000 1.0
0.93000000 -0.02000000 0.08000000 1.0
0.93000000 0.00000000 -0.08000000 1.0
0.93000000 0.00000000 -0.06000000 1.0
0.93000000 0.00000000 -0.04000000 1.0
0.93000000 0.00000000 -0.02000000 1.0
0.93000000 0.00000000 0.00000000 1.0
0.93000000 0.00000000 0.02000000 1.0
0.93000000 0.00000000 0.04000000 1.0
0.93000000 0.00000000 0.06000000 1.0
0.93000000 0.00000000 0.08000000 1.0
0.93000000 0.02000000 -0.08000000 1.0
0.93000000 0.02000000 -0.06000000 1.0
0.93000000 0.02000000 -0.04000000 1.0
0.93000000 0.02000000 -0.02000000 1.0
0.93000000 0.02000000 0.00000000 1.0
0.93000000 0.02000000 0.02000000 1.0
0.93000000 0.02000000 0.04000000 1.0
0.93000000 0.02000000 0.06000000 1.0
0.93000000 0.02000000 0.08000000 1.0
0.93000000 0.04000000 -0.08000000 1.0
0.93000000 0.04000000 -0.06000000 1.0
0.93000000 0.04000000 -0.04000000 1.0
0.93000000 0.04000000 -0.02000000 1.0
0.93000000 0.04000000 0.00000000 1.0
0.93000000 0.04000000 0.02000000 1.0
0.93000000 0.04000000 0.04000000 1.0
0.93000000 0.04000000 0.06000000 1.0
0.93000000 0.04000000 0.08000000 1.0
0.93000000 0.06000000 -0.08000000 1.0
0.93000000 0.06000000 -0.06000000 1.0
0.93000000 0.06000000 -0.04000000 1.0
0.93000000 0.06000000 -0.02000000 1.0
0.93000000 0.06000000 0.00000000 1.0
0.93000000 0.06000000 0.02000000 1.0
0.93000000 0.06000000 0.04000000 1.0
0.93000000 0.06000000 0.06000000 1.0
0.93000000 0.06000000 0.08000000 1.0
0.93000000 0.08000000 -0.08000000 1.0
0.93000000 0.08000000 -0.06000000 1.0
0.93000000 0.08000000 -0.04000000 1.0
0.93000000 0.08000000 -0.02000000 1.0
0.93000000 0.08000000 0.00000000 1.0
0.93000000 0.08000000 0.02000000 1.0
0.93000000 0.08000000 0.04000000 1.0
0.93000000 0.08000000 0.06000000 1.0
0.93000000 0.08000000 0.08000000 1.0
0.95000000 -0.08000000 -0.08000000 1.0
0.95000000 -0.08000000 -0.06000000 1.0
0.95000000 -0.08000000 -0.04000000 1.0
0.95000000 -0.08000000 -0.02000000 1.0
0.95000000 -0.08000000 0.00000000 1.0
0.95000000 -0.08000000 0.02000000 1.0
0.95000000 -0.08000000 0.04000000 1.0
0.95000000 -0.08000000 0.06000000 1.0
0.95000000 -0.08000000 0.08000000 1.0
0.95000000 -0.06000000 -0.08000000 1.0
0.95000000 -0.06000000 -0.06000000 1.0
0.95000000 -0.06000000 -0.04000000 1.0
0.95000000 -0.06000000 -0.02000000 1.0
0.95000000 -0.06000000 0.00000000 1.0
0.95000000 -0.06000000 0.02000000 1.0
0.95000000 -0.06000000 0.04000000 1.0
0.95000000 -0.06000000 0.06000000 1.0
0.95000000 -0.06000000 0.08000000 1.0
0.95000000 -0.04000000 -0.08000000 1.0
0.95000000 -0.04000000 -0.06000000 1.0
0.95000000 -0.04000000 -0.04000000 1.0
0.95000000 -0.04000000 -0.02000000 1.0
0.95000000 -0.04000000 0.00000000 1.0
0.95000000 -0.04000000 0.02000000 1.0
0.95000000 -0.04000000 0.04000000 1.0
0.95000000 -0.04000000 0.06000000 1.0
0.95000000 -0.04000000 0.08000000 1.0
0.95000000 -0.02000000 -0.08000000 1.0
0.95000000 -0.02000000 -0.06000000 1.0
0.95000000 -0.02000000 -0.04000000 1.0
0.95000000 -0.02000000 -0.02000000 1.0
0.95000000 -0.02000000 0.00000000 1.0
0.95000000 -0.02000000 0.02000000 1.0
0.95000000 -0.02000000 0.04000000 1.0
0.95000000 -0.02000000 0.06000000 1.0
0.95000000 -0.02000000 0.08000000 1.0
0.95000000 0.00000000 -0.08000000 1.0
0.95000000 0.00000000 -0.06000000 1.0
0.95000000 0.00000000 -0.04000000 1.0
0.95000000 0.00000000 -0.02000000 1.0
0.95000000 0.00000000 0.00000000 1.0
0.95000000 0.00000000 0.02000000 1.0
0.95000000 0.00000000 0.04000000 1.0
0.95000000 0.00000000 0.06000000 1.0
0.95000000 0.00000000 0.08000000 1.0
0.95000000 0.02000000 -0.08000000 1.0
0.95000000 0.02000000 -0.06000000 1.0
0.95000000 0.02000000 -0.04000000 1.0
0.95000000 0.02000000 -0.02000000 1.0
0.95000000 0.02000000 0.00000000 1.0
0.95000000 0.02000000 0.02000000 1.0
0.95000000 0.02000000 0.04000000 1.0
0.95000000 0.02000000 0.06000000 1.0
0.95000000 0.02000000 0.08000000 1.0
0.95000000 0.04000000 -0.08000000 1.0
0.95000000 0.04000000 -0.06000000 1.0
0.95000000 0.04000000 -0.04000000 1.0
0.95000000 0.04000000 -0.02000000 1.0
0.95000000 0.04000000 0.00000000 1.0
0.95000000 0.04000000 0.02000000 1.0
0.95000000 0.04000000 0.04000000 1.0
0.95000000 0.04000000 0.06000000 1.0
0.95000000 0.04000000 0.08000000 1.0
0.95000000 0.06000000 -0.08000000 1.0
0.95000000 0.06000000 -0.06000000 1.0
0.95000000 0.06000000 -0.04000000 1.0
0.95000000 0.06000000 -0.02000000 1.0
0.95000000 0.06000000 0.00000000 1.0
0.95000000 0.06000000 0.02000000 1.0
0.95000000 0.06000000 0.04000000 1.0
0.95000000 0.06000000 0.06000000 1.0
0.95000000 0.06000000 0.08000000 1.0
0.95000000 0.08000000 -0.08000000 1.0
0.95000000 0.08000000 -0.06000000 1.0
0.95000000 0.08000000 -0.04000000 1.0
0.95000000 0.08000000 -0.02000000 1.0
0.95000000 0.08000000 0.00000000 1.0
0.95000000 0.08000000 0.02000000 1.0
0.95000000 0.08000000 0.04000000 1.0
0.95000000 0.08000000 0.06000000 1.0
0.95000000 0.08000000 0.08000000 1.0
