#        klen             E | projection   |group 1: A    |group
#column    1               2               3
     0.000000000    -2.000000000     1.000000000
     0.026179939    -1.995377787     1.000000000
     0.052359878    -1.981561196     1.000000000
     0.078539816    -1.958701046     1.000000000
     0.104719755    -1.927050983     1.000000000
     0.130899694    -1.886971163     1.000000000
     0.157079633    -1.838933897     1.000000000
     0.183259571    -1.783531819     1.000000000
     0.209439510    -1.721489324     1.000000000
     0.235619449    -1.653678233     1.000000000
     0.261799388    -1.581138830     1.000000000
     0.287979327    -1.505107406     1.000000000
     0.314159265    -1.427050983     1.000000000
     0.340339204    -1.348708364     1.000000000
     0.366519143    -1.272132902     1.000000000
     0.392699082    -1.199724897     1.000000000
     0.418879020    -1.134228596     1.000000000
     0.445058959    -1.078652036     1.000000000
     0.471238898    -1.036057540     1.000000000
     0.497418837    -1.009191503     1.000000000
     0.523598776    -1.000000000     1.000000000
     0.549778714    -1.009191503     1.000000000
     0.575958653    -1.036057540     1.000000000
     0.602138592    -1.078652036     1.000000000
     0.628318531    -1.134228596     1.000000000
     0.654498469    -1.199724897     1.000000000
     0.680678408    -1.272132902     1.000000000
     0.706858347    -1.348708364     1.000000000
     0.733038286    -1.427050983     1.000000000
     0.759218225    -1.505107406     1.000000000
     0.785398163    -1.581138830     1.000000000
     0.811578102    -1.653678233     1.000000000
     0.837758041    -1.721489324     1.000000000
     0.863937980    -1.783531819     1.000000000
     0.890117919    -1.838933897     1.000000000
     0.916297857    -1.886971163     1.000000000
     0.942477796    -1.927050983     1.000000000
     0.968657735    -1.958701046     1.000000000
     0.994837674    -1.981561196     1.000000000
     1.021017612    -1.995377787     1.000000000
     1.047197551    -2.000000000     1.000000000
     1.047197551    -2.000000000     1.000000000
     1.073377490    -1.995377787     1.000000000
     1.099557429    -1.981561196     1.000000000
     1.125737368    -1.958701046     1.000000000
     1.151917306    -1.927050983     1.000000000
     1.178097245    -1.886971163     1.000000000
     1.204277184    -1.838933897     1.000000000
     1.230457123    -1.783531819     1.000000000
     1.256637061    -1.721489324     1.000000000
     1.282817000    -1.653678233     1.000000000
     1.308996939    -1.581138830     1.000000000
     1.335176878    -1.505107406     1.000000000
     1.361356817    -1.427050983     1.000000000
     1.387536755    -1.348708364     1.000000000
     1.413716694    -1.272132902     1.000000000
     1.439896633    -1.199724897     1.000000000
     1.466076572    -1.134228596     1.000000000
     1.492256510    -1.078652036     1.000000000
     1.518436449    -1.036057540     1.000000000
     1.544616388    -1.009191503     1.000000000
     1.570796327    -1.000000000     1.000000000
     1.596976266    -1.009191503     1.000000000
     1.623156204    -1.036057540     1.000000000
     1.649336143    -1.078652036     1.000000000
     1.675516082    -1.134228596     1.000000000
     1.701696021    -1.199724897     1.000000000
     1.727875959    -1.272132902     1.000000000
     1.754055898    -1.348708364     1.000000000
     1.780235837    -1.427050983     1.000000000
     1.806415776    -1.505107406     1.000000000
     1.832595715    -1.581138830     1.000000000
     1.858775653    -1.653678233     1.000000000
     1.884955592    -1.721489324     1.000000000
     1.911135531    -1.783531819     1.000000000
     1.937315470    -1.838933897     1.000000000
     1.963495408    -1.886971163     1.000000000
     1.989675347    -1.927050983     1.000000000
     2.015855286    -1.958701046     1.000000000
     2.042035225    -1.981561196     1.000000000
     2.068215164    -1.995377787     1.000000000
     2.094395102    -2.000000000     1.000000000
  
     0.000000000    -2.000000000     1.000000000
     0.026179939    -1.995377787     1.000000000
     0.052359878    -1.981561196     1.000000000
     0.078539816    -1.958701046     1.000000000
     0.104719755    -1.927050983     1.000000000
     0.130899694    -1.886971163     1.000000000
     0.157079633    -1.838933897     1.000000000
     0.183259571    -1.783531819     1.000000000
     0.209439510    -1.721489324     1.000000000
     0.235619449    -1.653678233     1.000000000
     0.261799388    -1.581138830     1.000000000
     0.287979327    -1.505107406     1.000000000
     0.314159265    -1.427050983     1.000000000
     0.340339204    -1.348708364     1.000000000
     0.366519143    -1.272132902     1.000000000
     0.392699082    -1.199724897     1.000000000
     0.418879020    -1.134228596     1.000000000
     0.445058959    -1.078652036     1.000000000
     0.471238898    -1.036057540     1.000000000
     0.497418837    -1.009191503     1.000000000
     0.523598776    -1.000000000     1.000000000
     0.549778714    -1.009191503     1.000000000
     0.575958653    -1.036057540     1.000000000
     0.602138592    -1.078652036     1.000000000
     0.628318531    -1.134228596     1.000000000
     0.654498469    -1.199724897     1.000000000
     0.680678408    -1.272132902     1.000000000
     0.706858347    -1.348708364     1.000000000
     0.733038286    -1.427050983     1.000000000
     0.759218225    -1.505107406     1.000000000
     0.785398163    -1.581138830     1.000000000
     0.811578102    -1.653678233     1.000000000
     0.837758041    -1.721489324     1.000000000
     0.863937980    -1.783531819     1.000000000
     0.890117919    -1.838933897     1.000000000
     0.916297857    -1.886971163     1.000000000
     0.942477796    -1.927050983     1.000000000
     0.968657735    -1.958701046     1.000000000
     0.994837674    -1.981561196     1.000000000
     1.021017612    -1.995377787     1.000000000
     1.047197551    -2.000000000     1.000000000
     1.047197551    -2.000000000     1.000000000
     1.073377490    -1.995377787     1.000000000
     1.099557429    -1.981561196     1.000000000
     1.125737368    -1.958701046     1.000000000
     1.151917306    -1.927050983     1.000000000
     1.178097245    -1.886971163     1.000000000
     1.204277184    -1.838933897     1.000000000
     1.230457123    -1.783531819     1.000000000
     1.256637061    -1.721489324     1.000000000
     1.282817000    -1.653678233     1.000000000
     1.308996939    -1.581138830     1.000000000
     1.335176878    -1.505107406     1.000000000
     1.361356817    -1.427050983     1.000000000
     1.387536755    -1.348708364     1.000000000
     1.413716694    -1.272132902     1.000000000
     1.439896633    -1.199724897     1.000000000
     1.466076572    -1.134228596     1.000000000
     1.492256510    -1.078652036     1.000000000
     1.518436449    -1.036057540     1.000000000
     1.544616388    -1.009191503     1.000000000
     1.570796327    -1.000000000     1.000000000
     1.596976266    -1.009191503     1.000000000
     1.623156204    -1.036057540     1.000000000
     1.649336143    -1.078652036     1.000000000
     1.675516082    -1.134228596     1.000000000
     1.701696021    -1.199724897     1.000000000
     1.727875959    -1.272132902     1.000000000
     1.754055898    -1.348708364     1.000000000
     1.780235837    -1.427050983     1.000000000
     1.806415776    -1.505107406     1.000000000
     1.832595715    -1.581138830     1.000000000
     1.858775653    -1.653678233     1.000000000
     1.884955592    -1.721489324     1.000000000
     1.911135531    -1.783531819     1.000000000
     1.937315470    -1.838933897     1.000000000
     1.963495408    -1.886971163     1.000000000
     1.989675347    -1.927050983     1.000000000
     2.015855286    -1.958701046     1.000000000
     2.042035225    -1.981561196     1.000000000
     2.068215164    -1.995377787     1.000000000
     2.094395102    -2.000000000     1.000000000
  
     0.000000000     2.000000000     1.000000000
     0.026179939     1.995377787     1.000000000
     0.052359878     1.981561196     1.000000000
     0.078539816     1.958701046     1.000000000
     0.104719755     1.927050983     1.000000000
     0.130899694     1.886971163     1.000000000
     0.157079633     1.838933897     1.000000000
     0.183259571     1.783531819     1.000000000
     0.209439510     1.721489324     1.000000000
     0.235619449     1.653678233     1.000000000
     0.261799388     1.581138830     1.000000000
     0.287979327     1.505107406     1.000000000
     0.314159265     1.427050983     1.000000000
     0.340339204     1.348708364     1.000000000
     0.366519143     1.272132902     1.000000000
     0.392699082     1.199724897     1.000000000
     0.418879020     1.134228596     1.000000000
     0.445058959     1.078652036     1.000000000
     0.471238898     1.036057540     1.000000000
     0.497418837     1.009191503     1.000000000
     0.523598776     1.000000000     1.000000000
     0.549778714     1.009191503     1.000000000
     0.575958653     1.036057540     1.000000000
     0.602138592     1.078652036     1.000000000
     0.628318531     1.134228596     1.000000000
     0.654498469     1.199724897     1.000000000
     0.680678408     1.272132902     1.000000000
     0.706858347     1.348708364     1.000000000
     0.733038286     1.427050983     1.000000000
     0.759218225     1.505107406     1.000000000
     0.785398163     1.581138830     1.000000000
     0.811578102     1.653678233     1.000000000
     0.837758041     1.721489324     1.000000000
     0.863937980     1.783531819     1.000000000
     0.890117919     1.838933897     1.000000000
     0.916297857     1.886971163     1.000000000
     0.942477796     1.927050983     1.000000000
     0.968657735     1.958701046     1.000000000
     0.994837674     1.981561196     1.000000000
     1.021017612     1.995377787     1.000000000
     1.047197551     2.000000000     1.000000000
     1.047197551     2.000000000     1.000000000
     1.073377490     1.995377787     1.000000000
     1.099557429     1.981561196     1.000000000
     1.125737368     1.958701046     1.000000000
     1.151917306     1.927050983     1.000000000
     1.178097245     1.886971163     1.000000000
     1.204277184     1.838933897     1.000000000
     1.230457123     1.783531819     1.000000000
     1.256637061     1.721489324     1.000000000
     1.282817000     1.653678233     1.000000000
     1.308996939     1.581138830     1.000000000
     1.335176878     1.505107406     1.000000000
     1.361356817     1.427050983     1.000000000
     1.387536755     1.348708364     1.000000000
     1.413716694     1.272132902     1.000000000
     1.439896633     1.199724897     1.000000000
     1.466076572     1.134228596     1.000000000
     1.492256510     1.078652036     1.000000000
     1.518436449     1.036057540     1.000000000
     1.544616388     1.009191503     1.000000000
     1.570796327     1.000000000     1.000000000
     1.596976266     1.009191503     1.000000000
     1.623156204     1.036057540     1.000000000
     1.649336143     1.078652036     1.000000000
     1.675516082     1.134228596     1.000000000
     1.701696021     1.199724897     1.000000000
     1.727875959     1.272132902     1.000000000
     1.754055898     1.348708364     1.000000000
     1.780235837     1.427050983     1.000000000
     1.806415776     1.505107406     1.000000000
     1.832595715     1.581138830     1.000000000
     1.858775653     1.653678233     1.000000000
     1.884955592     1.721489324     1.000000000
     1.911135531     1.783531819     1.000000000
     1.937315470     1.838933897     1.000000000
     1.963495408     1.886971163     1.000000000
     1.989675347     1.927050983     1.000000000
     2.015855286     1.958701046     1.000000000
     2.042035225     1.981561196     1.000000000
     2.068215164     1.995377787     1.000000000
     2.094395102     2.000000000     1.000000000
  
     0.000000000     2.000000000     1.000000000
     0.026179939     1.995377787     1.000000000
     0.052359878     1.981561196     1.000000000
     0.078539816     1.958701046     1.000000000
     0.104719755     1.927050983     1.000000000
     0.130899694     1.886971163     1.000000000
     0.157079633     1.838933897     1.000000000
     0.183259571     1.783531819     1.000000000
     0.209439510     1.721489324     1.000000000
     0.235619449     1.653678233     1.000000000
     0.261799388     1.581138830     1.000000000
     0.287979327     1.505107406     1.000000000
     0.314159265     1.427050983     1.000000000
     0.340339204     1.348708364     1.000000000
     0.366519143     1.272132902     1.000000000
     0.392699082     1.199724897     1.000000000
     0.418879020     1.134228596     1.000000000
     0.445058959     1.078652036     1.000000000
     0.471238898     1.036057540     1.000000000
     0.497418837     1.009191503     1.000000000
     0.523598776     1.000000000     1.000000000
     0.549778714     1.009191503     1.000000000
     0.575958653     1.036057540     1.000000000
     0.602138592     1.078652036     1.000000000
     0.628318531     1.134228596     1.000000000
     0.654498469     1.199724897     1.000000000
     0.680678408     1.272132902     1.000000000
     0.706858347     1.348708364     1.000000000
     0.733038286     1.427050983     1.000000000
     0.759218225     1.505107406     1.000000000
     0.785398163     1.581138830     1.000000000
     0.811578102     1.653678233     1.000000000
     0.837758041     1.721489324     1.000000000
     0.863937980     1.783531819     1.000000000
     0.890117919     1.838933897     1.000000000
     0.916297857     1.886971163     1.000000000
     0.942477796     1.927050983     1.000000000
     0.968657735     1.958701046     1.000000000
     0.994837674     1.981561196     1.000000000
     1.021017612     1.995377787     1.000000000
     1.047197551     2.000000000     1.000000000
     1.047197551     2.000000000     1.000000000
     1.073377490     1.995377787     1.000000000
     1.099557429     1.981561196     1.000000000
     1.125737368     1.958701046     1.000000000
     1.151917306     1.927050983     1.000000000
     1.178097245     1.886971163     1.000000000
     1.204277184     1.838933897     1.000000000
     1.230457123     1.783531819     1.000000000
     1.256637061     1.721489324     1.000000000
     1.282817000     1.653678233     1.000000000
     1.308996939     1.581138830     1.000000000
     1.335176878     1.505107406     1.000000000
     1.361356817     1.427050983     1.000000000
     1.387536755     1.348708364     1.000000000
     1.413716694     1.272132902     1.000000000
     1.439896633     1.199724897     1.000000000
     1.466076572     1.134228596     1.000000000
     1.492256510     1.078652036     1.000000000
     1.518436449     1.036057540     1.000000000
     1.544616388     1.009191503     1.000000000
     1.570796327     1.000000000     1.000000000
     1.596976266     1.009191503     1.000000000
     1.623156204     1.036057540     1.000000000
     1.649336143     1.078652036     1.000000000
     1.675516082     1.134228596     1.000000000
     1.701696021     1.199724897     1.000000000
     1.727875959     1.272132902     1.000000000
     1.754055898     1.348708364     1.000000000
     1.780235837     1.427050983     1.000000000
     1.806415776     1.505107406     1.000000000
     1.832595715     1.581138830     1.000000000
     1.858775653     1.653678233     1.000000000
     1.884955592     1.721489324     1.000000000
     1.911135531     1.783531819     1.000000000
     1.937315470     1.838933897     1.000000000
     1.963495408     1.886971163     1.000000000
     1.989675347     1.927050983     1.000000000
     2.015855286     1.958701046     1.000000000
     2.042035225     1.981561196     1.000000000
     2.068215164     1.995377787     1.000000000
     2.094395102     2.000000000     1.000000000
  
