        #      k      largestgap  sum(wcc(:,ik))      wcc(i, ik)(i=1, NumberofSelectedOccupiedBands)
      0.00000000      0.00000000      0.00000000      0.50000000      0.50000000
      0.01250000      0.00000000      0.00000000      0.46979391      0.53020609
      0.02500000      0.00000000      0.00000000      0.44014128      0.55985872
      0.03750000      0.00000000      0.00000000      0.41152756      0.58847244
      0.05000000      0.00000000      0.00000000      0.38431915      0.61568085
      0.06250000      0.00000000      0.00000000      0.35873920      0.64126080
      0.07500000      0.00000000      0.00000000      0.33486936      0.66513064
      0.08750000      0.00000000      0.00000000      0.31276759      0.68723241
      0.10000000      0.00000000      0.00000000      0.29200837      0.70799163
      0.11250000      0.00000000      0.00000000      0.27268815      0.72731185
      0.12500000      0.00000000      0.00000000      0.25447360      0.74552640
      0.13750000      0.50000000      0.00000000      0.23710937      0.76289063
      0.15000000      0.50000000      0.00000000      0.22033579      0.77966421
      0.16250000      0.50000000      0.00000000      0.20390260      0.79609740
      0.17500000      0.50000000      0.00000000      0.18758487      0.81241513
      0.18750000      0.50000000      0.00000000      0.17120472      0.82879528
      0.20000000      0.50000000      0.00000000      0.15466209      0.84533791
      0.21250000      0.50000000      0.00000000      0.13797330      0.86202670
      0.22500000      0.50000000      0.00000000      0.12130674      0.87869326
      0.23750000      0.50000000      0.00000000      0.10499225      0.89500775
      0.25000000      0.50000000      0.00000000      0.08947700      0.91052300
      0.26250000      0.50000000      0.00000000      0.07522236      0.92477764
      0.27500000      0.50000000      0.00000000      0.06258145      0.93741855
      0.28750000      0.50000000      0.00000000      0.05172013      0.94827987
      0.30000000      0.50000000      0.00000000      0.04261449      0.95738551
      0.31250000      0.50000000      0.00000000      0.03510552      0.96489448
      0.32500000      0.50000000      0.00000000      0.02896829      0.97103171
      0.33750000      0.50000000      0.00000000      0.02396590      0.97603410
      0.35000000      0.50000000      0.00000000      0.01988057      0.98011943
      0.36250000      0.50000000      0.00000000      0.01652625      0.98347375
      0.37500000      0.50000000      0.00000000      0.01375045      0.98624955
      0.38750000      0.50000000      0.00000000      0.01143093      0.98856907
      0.40000000      0.50000000      0.00000000      0.00947063      0.99052937
      0.41250000      0.50000000      0.00000000      0.00779267      0.99220733
      0.42500000      0.50000000      0.00000000      0.00633581      0.99366419
      0.43750000      0.50000000      0.00000000      0.00505086      0.99494914
      0.45000000      0.50000000      0.00000000      0.00389769      0.99610231
      0.46250000      0.50000000      0.00000000      0.00284292      0.99715708
      0.47500000      0.50000000      1.00000000      0.00185808      0.99814192
      0.48750000      0.50000000      0.00000000      0.00091808      0.99908192
      0.50000000      0.50000000      0.00000000      0.00000000      0.00000000
