14.0 0.12 0
8
0.000000000 0.000000000 0.000000000 1.0
-0.176776700 0.176776700 -0.176776700 8.0
0.353553400 -0.353553400 0.353553400 4.0
0.000000000 0.353553400 0.000000000 6.0
0.530330100 -0.176776700 0.530330100 24.0
0.353553400 0.000000000 0.353553400 12.0
0.000000000 -0.707106800 0.000000000 3.0
-0.353553400 -0.707106800 0.000000000 6.0
elph_dir/elph.inp_lambda.1
elph_dir/elph.inp_lambda.2
elph_dir/elph.inp_lambda.3
elph_dir/elph.inp_lambda.4
elph_dir/elph.inp_lambda.5
elph_dir/elph.inp_lambda.6
elph_dir/elph.inp_lambda.7
elph_dir/elph.inp_lambda.8
0.10
