              w [eV]            znorm(w)       delta(w) [eV]
    2.7072150870E-04    1.3415889685E+00    1.8705651722E-04
    8.1216452610E-04    1.3414903235E+00    1.8690670570E-04
    1.3536075435E-03    1.3412934258E+00    1.8660783972E-04
    1.8950505609E-03    1.3409990529E+00    1.8616141842E-04
    2.4364935783E-03    1.3406083551E+00    1.8556965386E-04
    2.9779365957E-03    1.3401228359E+00    1.8483542903E-04
    3.5193796131E-03    1.3395443288E+00    1.8396224495E-04
    4.0608226305E-03    1.3388749688E+00    1.8295415911E-04
    4.6022656479E-03    1.3381171613E+00    1.8181571798E-04
    5.1437086653E-03    1.3372735490E+00    1.8055188580E-04
    5.6851516827E-03    1.3363469776E+00    1.7916797231E-04
    6.2265947001E-03    1.3353404617E+00    1.7766956145E-04
    6.7680377175E-03    1.3342571510E+00    1.7606244278E-04
    7.3094807349E-03    1.3331002982E+00    1.7435254712E-04
    7.8509237523E-03    1.3318732289E+00    1.7254588739E-04
    8.3923667697E-03    1.3305793134E+00    1.7064850522E-04
    8.9338097871E-03    1.3292219420E+00    1.6866642380E-04
    9.4752528045E-03    1.3278045015E+00    1.6660560686E-04
    1.0016695822E-02    1.3263303558E+00    1.6447192377E-04
    1.0558138839E-02    1.3248028284E+00    1.6227112026E-04
    1.1099581857E-02    1.3232251874E+00    1.6000879449E-04
    1.1641024874E-02    1.3216006333E+00    1.5769037788E-04
    1.2182467891E-02    1.3199322886E+00    1.5532112028E-04
    1.2723910909E-02    1.3182231893E+00    1.5290607882E-04
    1.3265353926E-02    1.3164762787E+00    1.5045011006E-04
    1.3806796944E-02    1.3146944020E+00    1.4795786497E-04
    1.4348239961E-02    1.3128803029E+00    1.4543378626E-04
    1.4889682978E-02    1.3110366212E+00    1.4288210768E-04
    1.5431125996E-02    1.3091658912E+00    1.4030685499E-04
    1.5972569013E-02    1.3072705413E+00    1.3771184831E-04
    1.6514012031E-02    1.3053528944E+00    1.3510070556E-04
    1.7055455048E-02    1.3034151684E+00    1.3247684671E-04
    1.7596898065E-02    1.3014594776E+00    1.2984349886E-04
    1.8138341083E-02    1.2994878350E+00    1.2720370171E-04
    1.8679784100E-02    1.2975021536E+00    1.2456031354E-04
    1.9221227118E-02    1.2955042496E+00    1.2191601738E-04
    1.9762670135E-02    1.2934958446E+00    1.1927332744E-04
    2.0304113152E-02    1.2914785684E+00    1.1663459567E-04
    2.0845556170E-02    1.2894539620E+00    1.1400201827E-04
    2.1386999187E-02    1.2874234809E+00    1.1137764232E-04
    2.1928442205E-02    1.2853884973E+00    1.0876337227E-04
    2.2469885222E-02    1.2833503043E+00    1.0616097642E-04
    2.3011328239E-02    1.2813101179E+00    1.0357209321E-04
    2.3552771257E-02    1.2792690809E+00    1.0099823748E-04
    2.4094214274E-02    1.2772282654E+00    9.8440806499E-05
    2.4635657292E-02    1.2751886759E+00    9.5901085855E-05
    2.5177100309E-02    1.2731512524E+00    9.3380255180E-05
    2.5718543326E-02    1.2711168731E+00    9.0879393688E-05
    2.6259986344E-02    1.2690863571E+00    8.8399485519E-05
    2.6801429361E-02    1.2670604674E+00    8.5941424902E-05
    2.7342872379E-02    1.2650399132E+00    8.3506021115E-05
    2.7884315396E-02    1.2630253526E+00    8.1094003264E-05
    2.8425758413E-02    1.2610173951E+00    7.8706024857E-05
    2.8967201431E-02    1.2590166040E+00    7.6342668201E-05
    2.9508644448E-02    1.2570234984E+00    7.4004448595E-05
    3.0050087466E-02    1.2550385560E+00    7.1691818358E-05
    3.0591530483E-02    1.2530622144E+00    6.9405170655E-05
    3.1132973500E-02    1.2510948739E+00    6.7144843166E-05
    3.1674416518E-02    1.2491368989E+00    6.4911121568E-05
    3.2215859535E-02    1.2471886201E+00    6.2704242858E-05
    3.2757302553E-02    1.2452503361E+00    6.0524398511E-05
    3.3298745570E-02    1.2433223153E+00    5.8371737483E-05
    3.3840188587E-02    1.2414047971E+00    5.6246369057E-05
    3.4381631605E-02    1.2394979942E+00    5.4148365551E-05
    3.4923074622E-02    1.2376020931E+00    5.2077764878E-05
    3.5464517640E-02    1.2357172566E+00    5.0034572975E-05
    3.6005960657E-02    1.2338436241E+00    4.8018766102E-05
    3.6547403674E-02    1.2319813137E+00    4.6030293008E-05
    3.7088846692E-02    1.2301304231E+00    4.4069076994E-05
    3.7630289709E-02    1.2282910304E+00    4.2135017844E-05
    3.8171732727E-02    1.2264631960E+00    4.0227993658E-05
    3.8713175744E-02    1.2246469628E+00    3.8347862577E-05
    3.9254618761E-02    1.2228423580E+00    3.6494464409E-05
    3.9796061779E-02    1.2210493933E+00    3.4667622160E-05
    4.0337504796E-02    1.2192680661E+00    3.2867143475E-05
    4.0878947814E-02    1.2174983606E+00    3.1092821991E-05
    4.1420390831E-02    1.2157402483E+00    2.9344438611E-05
    4.1961833848E-02    1.2139936887E+00    2.7621762703E-05
    4.2503276866E-02    1.2122586301E+00    2.5924553215E-05
    4.3044719883E-02    1.2105350106E+00    2.4252559732E-05
    4.3586162901E-02    1.2088227580E+00    2.2605523460E-05
    4.4127605918E-02    1.2071217914E+00    2.0983178149E-05
    4.4669048935E-02    1.2054320207E+00    1.9385250957E-05
    4.5210491953E-02    1.2037533480E+00    1.7811463256E-05
    4.5751934970E-02    1.2020856678E+00    1.6261531389E-05
    4.6293377988E-02    1.2004288671E+00    1.4735167369E-05
    4.6834821005E-02    1.1987828266E+00    1.3232079540E-05
    4.7376264022E-02    1.1971474206E+00    1.1751973189E-05
    4.7917707040E-02    1.1955225175E+00    1.0294551111E-05
    4.8459150057E-02    1.1939079801E+00    8.8595141417E-06
    4.9000593075E-02    1.1923036664E+00    7.4465616502E-06
    4.9542036092E-02    1.1907094294E+00    6.0553919940E-06
    5.0083479109E-02    1.1891251176E+00    4.6857029433E-06
    5.0624922127E-02    1.1875505754E+00    3.3371920727E-06
    5.1166365144E-02    1.1859856433E+00    2.0095571243E-06
    5.1707808161E-02    1.1844301583E+00    7.0249634197E-07
    5.2249251179E-02    1.1828839538E+00   -5.8429121923E-07
    5.2790694196E-02    1.1813468601E+00   -1.8511054089E-06
    5.3332137214E-02    1.1798187049E+00   -3.0982447199E-06
    5.3873580231E-02    1.1782993127E+00   -4.3260060480E-06
    5.4415023248E-02    1.1767885060E+00   -5.5346844727E-06
    5.4956466266E-02    1.1752861046E+00   -6.7245730561E-06
    5.5497909283E-02    1.1737919264E+00   -7.8959626598E-06
    5.6039352301E-02    1.1723057872E+00   -9.0491417784E-06
    5.6580795318E-02    1.1708275011E+00   -1.0184396389E-05
    5.7122238335E-02    1.1693568805E+00   -1.1302009813E-05
    5.7663681353E-02    1.1678937363E+00   -1.2402262598E-05
    5.8205124370E-02    1.1664378780E+00   -1.3485432399E-05
    5.8746567388E-02    1.1649891141E+00   -1.4551793891E-05
    5.9288010405E-02    1.1635472517E+00   -1.5601618671E-05
    5.9829453422E-02    1.1621120972E+00   -1.6635175191E-05
    6.0370896440E-02    1.1606834561E+00   -1.7652728680E-05
    6.0912339457E-02    1.1592611331E+00   -1.8654541097E-05
    6.1453782475E-02    1.1578449324E+00   -1.9640871071E-05
    6.1995225492E-02    1.1564346579E+00   -2.0611973863E-05
    6.2536668509E-02    1.1550301129E+00   -2.1568101332E-05
    6.3078111527E-02    1.1536311007E+00   -2.2509501904E-05
    6.3619554544E-02    1.1522374244E+00   -2.3436420549E-05
    6.4160997562E-02    1.1508488871E+00   -2.4349098765E-05
    6.4702440579E-02    1.1494652924E+00   -2.5247774570E-05
    6.5243883596E-02    1.1480864438E+00   -2.6132682489E-05
    6.5785326614E-02    1.1467121456E+00   -2.7004053557E-05
    6.6326769631E-02    1.1453422025E+00   -2.7862115316E-05
    6.6868212649E-02    1.1439764200E+00   -2.8707091828E-05
    6.7409655666E-02    1.1426146046E+00   -2.9539203676E-05
    6.7951098683E-02    1.1412565638E+00   -3.0358667984E-05
    6.8492541701E-02    1.1399021065E+00   -3.1165698425E-05
    6.9033984718E-02    1.1385510430E+00   -3.1960505247E-05
    6.9575427736E-02    1.1372031851E+00   -3.2743295287E-05
    7.0116870753E-02    1.1358583467E+00   -3.3514271994E-05
    7.0658313770E-02    1.1345163437E+00   -3.4273635461E-05
    7.1199756788E-02    1.1331769943E+00   -3.5021582441E-05
    7.1741199805E-02    1.1318401195E+00   -3.5758306382E-05
    7.2282642823E-02    1.1305055430E+00   -3.6483997455E-05
    7.2824085840E-02    1.1291730916E+00   -3.7198842583E-05
    7.3365528857E-02    1.1278425957E+00   -3.7903025477E-05
    7.3906971875E-02    1.1265138894E+00   -3.8596726662E-05
    7.4448414892E-02    1.1251868112E+00   -3.9280123519E-05
    7.4989857910E-02    1.1238612039E+00   -3.9953390313E-05
    7.5531300927E-02    1.1225369152E+00   -4.0616698231E-05
    7.6072743944E-02    1.1212137983E+00   -4.1270215419E-05
    7.6614186962E-02    1.1198917122E+00   -4.1914107013E-05
    7.7155629979E-02    1.1185705220E+00   -4.2548535183E-05
    7.7697072997E-02    1.1172501000E+00   -4.3173659163E-05
    7.8238516014E-02    1.1159303253E+00   -4.3789635294E-05
    7.8779959031E-02    1.1146110853E+00   -4.4396617056E-05
    7.9321402049E-02    1.1132922759E+00   -4.4994755108E-05
    7.9862845066E-02    1.1119738021E+00   -4.5584197326E-05
    8.0404288084E-02    1.1106555785E+00   -4.6165088840E-05
    8.0945731101E-02    1.1093375306E+00   -4.6737572070E-05
    8.1487174118E-02    1.1080195951E+00   -4.7301786765E-05
    8.2028617136E-02    1.1067017207E+00   -4.7857870041E-05
    8.2570060153E-02    1.1053838692E+00   -4.8405956416E-05
    8.3111503171E-02    1.1040660159E+00   -4.8946177851E-05
    8.3652946188E-02    1.1027481510E+00   -4.9478663782E-05
    8.4194389205E-02    1.1014302805E+00   -5.0003541164E-05
    8.4735832223E-02    1.1001124265E+00   -5.0520934501E-05
    8.5277275240E-02    1.0987946293E+00   -5.1030965887E-05
    8.5818718258E-02    1.0974769476E+00   -5.1533755044E-05
    8.6360161275E-02    1.0961594597E+00   -5.2029419356E-05
    8.6901604292E-02    1.0948422651E+00   -5.2518073908E-05
    8.7443047310E-02    1.0935254848E+00   -5.2999831522E-05
    8.7984490327E-02    1.0922092633E+00   -5.3474802796E-05
    8.8525933345E-02    1.0908937689E+00   -5.3943096142E-05
    8.9067376362E-02    1.0895791954E+00   -5.4404817819E-05
    8.9608819379E-02    1.0882657626E+00   -5.4860071978E-05
    9.0150262397E-02    1.0869537178E+00   -5.5308960695E-05
    9.0691705414E-02    1.0856433364E+00   -5.5751584013E-05
    9.1233148432E-02    1.0843349227E+00   -5.6188039981E-05
    9.1774591449E-02    1.0830288107E+00   -5.6618424693E-05
    9.2316034466E-02    1.0817253646E+00   -5.7042832331E-05
    9.2857477484E-02    1.0804249788E+00   -5.7461355205E-05
    9.3398920501E-02    1.0791280783E+00   -5.7874083797E-05
    9.3940363519E-02    1.0778351179E+00   -5.8281106806E-05
    9.4481806536E-02    1.0765465821E+00   -5.8682511188E-05
    9.5023249553E-02    1.0752629836E+00   -5.9078382208E-05
    9.5564692571E-02    1.0739848623E+00   -5.9468803482E-05
    9.6106135588E-02    1.0727127829E+00   -5.9853857030E-05
    9.6647578606E-02    1.0714473325E+00   -6.0233623320E-05
    9.7189021623E-02    1.0701891182E+00   -6.0608181322E-05
    9.7730464640E-02    1.0689387631E+00   -6.0977608558E-05
    9.8271907658E-02    1.0676969028E+00   -6.1341981154E-05
    9.8813350675E-02    1.0664641806E+00   -6.1701373889E-05
    9.9354793692E-02    1.0652412437E+00   -6.2055860251E-05
    9.9896236710E-02    1.0640287377E+00   -6.2405512487E-05
