 &plot nbnd=   8, nks=   121 /
            0.000000  0.000000  0.000000
   -5.692    6.397    6.397    6.397    8.967    8.967    8.967    9.969
            0.041667  0.000000  0.000000
   -5.685    6.347    6.363    6.363    8.947    9.010    9.010   10.018
            0.083333  0.000000  0.000000
   -5.662    6.203    6.268    6.268    8.891    9.133    9.133   10.157
            0.125000  0.000000  0.000000
   -5.623    5.986    6.128    6.128    8.803    9.321    9.321   10.359
            0.166667  0.000000  0.000000
   -5.569    5.716    5.957    5.957    8.688    9.558    9.558   10.592
            0.208333  0.000000  0.000000
   -5.500    5.410    5.769    5.769    8.554    9.831    9.831   10.809
            0.250000  0.000000  0.000000
   -5.415    5.079    5.572    5.572    8.407   10.130   10.130   10.949
            0.291667  0.000000  0.000000
   -5.316    4.731    5.375    5.375    8.252   10.448   10.448   10.939
            0.333333  0.000000  0.000000
   -5.201    4.373    5.179    5.179    8.095   10.771   10.782   10.782
            0.375000  0.000000  0.000000
   -5.071    4.006    4.990    4.990    7.939   10.502   11.128   11.128
            0.416667  0.000000  0.000000
   -4.927    3.634    4.807    4.807    7.788   10.186   11.483   11.483
            0.458333  0.000000  0.000000
   -4.767    3.259    4.634    4.634    7.645    9.856   11.845   11.845
            0.500000  0.000000  0.000000
   -4.594    2.881    4.471    4.471    7.510    9.528   12.215   12.215
            0.541667  0.000000  0.000000
   -4.406    2.502    4.319    4.319    7.387    9.211   12.590   12.590
            0.583333  0.000000  0.000000
   -4.204    2.123    4.179    4.179    7.277    8.909   12.970   12.970
            0.625000  0.000000  0.000000
   -3.988    1.745    4.051    4.051    7.180    8.627   13.354   13.354
            0.666667  0.000000  0.000000
   -3.758    1.368    3.935    3.935    7.099    8.365   13.742   13.742
            0.708333  0.000000  0.000000
   -3.516    0.994    3.833    3.833    7.033    8.125   14.134   14.134
            0.750000  0.000000  0.000000
   -3.260    0.623    3.744    3.744    6.983    7.907   14.530   14.530
            0.791667  0.000000  0.000000
   -2.992    0.256    3.668    3.668    6.951    7.712   14.928   14.928
            0.833333  0.000000  0.000000
   -2.712   -0.105    3.606    3.606    6.937    7.540   15.328   15.328
            0.875000  0.000000  0.000000
   -2.421   -0.461    3.557    3.557    6.942    7.390   15.727   15.727
            0.916667  0.000000  0.000000
   -2.118   -0.809    3.522    3.522    6.965    7.263   16.117   16.117
            0.958333  0.000000  0.000000
   -1.805   -1.150    3.501    3.501    7.009    7.157   16.472   16.472
            1.000000  0.000000  0.000000
   -1.482   -1.482    3.494    3.494    7.072    7.072   16.657   16.657
            1.000000  0.041667  0.000000
   -1.479   -1.479    3.471    3.471    7.115    7.115   16.583   16.583
            1.000000  0.083333  0.000000
   -1.471   -1.471    3.403    3.403    7.241    7.241   16.331   16.331
            1.000000  0.125000  0.000000
   -1.459   -1.459    3.302    3.302    7.439    7.439   15.915   15.915
            1.000000  0.166667  0.000000
   -1.442   -1.442    3.179    3.179    7.699    7.699   15.414   15.414
            1.000000  0.208333  0.000000
   -1.422   -1.422    3.046    3.046    8.007    8.007   14.878   14.878
            1.000000  0.250000  0.000000
   -1.400   -1.400    2.913    2.913    8.356    8.356   14.328   14.328
            1.000000  0.291667  0.000000
   -1.378   -1.378    2.789    2.789    8.738    8.738   13.777   13.777
            1.000000  0.333333  0.000000
   -1.356   -1.356    2.679    2.679    9.146    9.146   13.231   13.231
            1.000000  0.375000  0.000000
   -1.337   -1.337    2.588    2.588    9.574    9.574   12.696   12.696
            1.000000  0.416667  0.000000
   -1.322   -1.322    2.520    2.520   10.012   10.012   12.182   12.182
            1.000000  0.458333  0.000000
   -1.313   -1.313    2.479    2.479   10.431   10.431   11.718   11.718
            1.000000  0.500000  0.000000
   -1.310   -1.310    2.465    2.465   10.669   10.669   11.464   11.464
            0.979167  0.520833  0.000000
   -1.403   -1.219    2.394    2.550   10.466   10.718   11.523   11.576
            0.958333  0.541667  0.000000
   -1.488   -1.143    2.328    2.656   10.129   10.727   11.735   11.739
            0.937500  0.562500  0.000000
   -1.565   -1.079    2.268    2.783    9.762   10.713   11.936   11.998
            0.916667  0.583333  0.000000
   -1.634   -1.027    2.214    2.926    9.398   10.689   12.155   12.282
            0.895833  0.604167  0.000000
   -1.695   -0.986    2.166    3.083    9.046   10.660   12.388   12.579
            0.875000  0.625000  0.000000
   -1.748   -0.954    2.124    3.247    8.713   10.632   12.630   12.886
            0.854167  0.645833  0.000000
   -1.792   -0.930    2.089    3.412    8.407   10.607   12.878   13.200
            0.833333  0.666667  0.000000
   -1.829   -0.912    2.059    3.571    8.134   10.584   13.129   13.521
            0.812500  0.687500  0.000000
   -1.858   -0.900    2.037    3.713    7.904   10.566   13.379   13.847
            0.791667  0.708333  0.000000
   -1.878   -0.891    2.020    3.828    7.727   10.553   13.622   14.177
            0.770833  0.729167  0.000000
   -1.890   -0.887    2.010    3.903    7.615   10.545   13.838   14.506
            0.750000  0.750000  0.000000
   -1.894   -0.885    2.007    3.929    7.576   10.543   13.945   14.500
            0.718750  0.718750  0.000000
   -2.051   -0.727    1.922    4.040    7.706   11.183   13.557   14.113
            0.687500  0.687500  0.000000
   -2.234   -0.551    1.889    4.162    7.847   11.823   13.180   13.762
            0.656250  0.656250  0.000000
   -2.440   -0.357    1.906    4.293    8.000   12.396   12.817   13.509
            0.625000  0.625000  0.000000
   -2.663   -0.145    1.969    4.433    8.162   12.468   12.621   13.577
            0.593750  0.593750  0.000000
   -2.897    0.085    2.071    4.580    8.333   12.133   12.436   13.312
            0.562500  0.562500  0.000000
   -3.136    0.333    2.209    4.732    8.508   11.814   12.154   13.065
            0.531250  0.531250  0.000000
   -3.377    0.598    2.377    4.889    8.684   11.511   11.862   12.840
            0.500000  0.500000  0.000000
   -3.614    0.881    2.572    5.047    8.858   11.224   11.577   12.641
            0.468750  0.468750  0.000000
   -3.845    1.180    2.790    5.205    9.024   10.953   11.303   12.470
            0.437500  0.437500  0.000000
   -4.068    1.496    3.029    5.360    9.175   10.699   11.042   12.334
            0.406250  0.406250  0.000000
   -4.280    1.828    3.285    5.510    9.305   10.462   10.796   12.234
            0.375000  0.375000  0.000000
   -4.481    2.175    3.556    5.652    9.406   10.242   10.565   12.172
            0.343750  0.343750  0.000000
   -4.668    2.538    3.840    5.784    9.476   10.039   10.348   12.143
            0.312500  0.312500  0.000000
   -4.842    2.914    4.133    5.903    9.512    9.854   10.146   12.134
            0.281250  0.281250  0.000000
   -5.000    3.303    4.432    6.010    9.519    9.686    9.958   12.119
            0.250000  0.250000  0.000000
   -5.144    3.704    4.734    6.102    9.503    9.535    9.784   12.053
            0.218750  0.218750  0.000000
   -5.271    4.114    5.034    6.179    9.402    9.469    9.623   11.891
            0.187500  0.187500  0.000000
   -5.382    4.529    5.326    6.243    9.287    9.423    9.476   11.612
            0.156250  0.156250  0.000000
   -5.476    4.945    5.604    6.294    9.189    9.341    9.366   11.248
            0.125000  0.125000  0.000000
   -5.554    5.352    5.858    6.333    9.109    9.222    9.299   10.856
            0.093750  0.093750  0.000000
   -5.614    5.735    6.077    6.362    9.047    9.119    9.216   10.491
            0.062500  0.062500  0.000000
   -5.658    6.068    6.248    6.382    9.002    9.038    9.113   10.202
            0.031250  0.031250  0.000000
   -5.684    6.308    6.359    6.393    8.975    8.985    9.012   10.026
            0.000000  0.000000  0.000000
   -5.692    6.397    6.397    6.397    8.967    8.967    8.967    9.969
            0.020833  0.020833  0.020833
   -5.687    6.329    6.387    6.387    8.981    8.981    8.986   10.007
            0.041667  0.041667  0.041667
   -5.669    6.141    6.357    6.357    9.024    9.025    9.025   10.127
            0.062500  0.062500  0.062500
   -5.640    5.867    6.311    6.311    9.047    9.093    9.093   10.330
            0.083333  0.083333  0.083333
   -5.600    5.537    6.250    6.250    9.039    9.182    9.182   10.603
            0.104167  0.104167  0.104167
   -5.548    5.173    6.180    6.180    9.004    9.286    9.286   10.923
            0.125000  0.125000  0.125000
   -5.485    4.790    6.102    6.102    8.949    9.399    9.399   11.273
            0.145833  0.145833  0.145833
   -5.411    4.397    6.021    6.021    8.881    9.514    9.514   11.638
            0.166667  0.166667  0.166667
   -5.326    4.000    5.938    5.938    8.805    9.625    9.625   12.010
            0.187500  0.187500  0.187500
   -5.230    3.602    5.856    5.856    8.725    9.725    9.725   12.384
            0.208333  0.208333  0.208333
   -5.123    3.207    5.775    5.775    8.645    9.810    9.810   12.754
            0.229167  0.229167  0.229167
   -5.006    2.817    5.698    5.698    8.565    9.875    9.875   13.117
            0.250000  0.250000  0.250000
   -4.880    2.434    5.625    5.625    8.488    9.918    9.918   13.466
            0.270833  0.270833  0.270833
   -4.744    2.059    5.556    5.556    8.414    9.939    9.939   13.751
            0.291667  0.291667  0.291667
   -4.601    1.695    5.492    5.492    8.345    9.942    9.942   13.935
            0.312500  0.312500  0.312500
   -4.449    1.343    5.434    5.434    8.281    9.931    9.931   14.159
            0.333333  0.333333  0.333333
   -4.292    1.005    5.381    5.381    8.223    9.908    9.908   14.338
            0.354167  0.354167  0.354167
   -4.131    0.684    5.334    5.334    8.172    9.879    9.879   14.350
            0.375000  0.375000  0.375000
   -3.969    0.382    5.294    5.294    8.126    9.847    9.847   14.324
            0.395833  0.395833  0.395833
   -3.810    0.104    5.259    5.259    8.088    9.816    9.816   14.284
            0.416667  0.416667  0.416667
   -3.658   -0.145    5.231    5.231    8.056    9.787    9.787   14.243
            0.437500  0.437500  0.437500
   -3.523   -0.356    5.209    5.209    8.031    9.763    9.763   14.206
            0.458333  0.458333  0.458333
   -3.413   -0.520    5.193    5.193    8.013    9.745    9.745   14.179
            0.479167  0.479167  0.479167
   -3.340   -0.625    5.184    5.184    8.002    9.734    9.734   14.161
            0.500000  0.500000  0.500000
   -3.315   -0.662    5.181    5.181    7.999    9.730    9.730   14.156
            0.520833  0.479167  0.479167
   -3.313   -0.655    5.135    5.169    8.044    9.718    9.753   14.180
            0.541667  0.458333  0.458333
   -3.306   -0.634    5.008    5.132    8.167    9.689    9.823   14.248
            0.562500  0.437500  0.437500
   -3.294   -0.601    4.820    5.075    8.336    9.659    9.937   14.335
            0.583333  0.416667  0.416667
   -3.278   -0.554    4.594    4.999    8.502    9.661   10.091   14.369
            0.604167  0.395833  0.395833
   -3.256   -0.497    4.345    4.909    8.607    9.745   10.282   14.206
            0.625000  0.375000  0.375000
   -3.229   -0.431    4.088    4.809    8.617    9.940   10.505   13.829
            0.645833  0.354167  0.354167
   -3.195   -0.358    3.831    4.701    8.551   10.224   10.758   13.363
            0.666667  0.333333  0.333333
   -3.156   -0.281    3.582    4.590    8.441   10.564   11.036   12.873
            0.687500  0.312500  0.312500
   -3.110   -0.204    3.346    4.477    8.311   10.932   11.337   12.383
            0.708333  0.291667  0.291667
   -3.056   -0.134    3.133    4.366    8.174   11.292   11.659   11.927
            0.729167  0.270833  0.270833
   -2.996   -0.076    2.948    4.257    8.035   11.290   11.856   11.999
            0.750000  0.250000  0.250000
   -2.927   -0.038    2.801    4.153    7.900   10.862   12.233   12.355
            0.770833  0.229167  0.229167
   -2.851   -0.029    2.699    4.054    7.770   10.407   12.657   12.727
            0.791667  0.208333  0.208333
   -2.767   -0.054    2.647    3.961    7.648    9.960   13.094   13.111
            0.812500  0.187500  0.187500
   -2.674   -0.115    2.646    3.875    7.536    9.527   13.508   13.537
            0.833333  0.166667  0.166667
   -2.574   -0.211    2.693    3.798    7.433    9.112   13.913   13.982
            0.854167  0.145833  0.145833
   -2.464   -0.334    2.779    3.728    7.342    8.719   14.327   14.425
            0.875000  0.125000  0.125000
   -2.347   -0.478    2.894    3.667    7.262    8.351   14.744   14.862
            0.895833  0.104167  0.104167
   -2.222   -0.637    3.026    3.615    7.194    8.014   15.161   15.286
            0.916667  0.083333  0.083333
   -2.088   -0.804    3.162    3.572    7.138    7.715   15.571   15.690
            0.937500  0.062500  0.062500
   -1.947   -0.974    3.291    3.538    7.095    7.463   15.959   16.057
            0.958333  0.041667  0.041667
   -1.798   -1.146    3.398    3.514    7.067    7.268   16.303   16.365
            0.979167  0.020833  0.020833
   -1.643   -1.316    3.469    3.499    7.056    7.137   16.558   16.579
            1.000000  0.000000  0.000000
   -1.482   -1.482    3.494    3.494    7.072    7.072   16.657   16.657
