&CONTROL
 calculation = 'bands'
 prefix = 'mos2'
 pseudo_dir = '../../pseudo'
 outdir = './tmp'
 verbosity = 'high'
 tstress = .true.
 tprnfor = .true.
 nstep = 40
 etot_conv_thr = 1.0d-8
 forc_conv_thr = 1.0d-5
/
&SYSTEM
 ibrav = 0
 nat = 3
 ntyp = 2
 ecutwfc = 60
 ecutrho = 480
 nbnd = 16
 occupations = 'fixed'
 nosym = .true.
 noinv = .true.
/
&ELECTRONS
 conv_thr = 1.0d-12
 mixing_beta = 0.3
 diagonalization = 'cg'
 diago_thr_init = 1.0d-10
 diago_full_acc = .true.
 diago_cg_maxiter = 200
/
ATOMIC_SPECIES
Mo 95.95 Mo.pbe-spn-rrkjus_psl.1.0.0.UPF
S 32.06 S.pbe-n-rrkjus_psl.1.0.0.UPF
CELL_PARAMETERS angstrom
3.16681431088673 0.00000000000000 0.00000000000000
-1.58340715544337 2.75632325858916 0.00000000000000
0.00000000000000 0.00000000000000 23.19000000000000
ATOMIC_POSITIONS crystal
Mo -0.00018744610303 -0.00037489220605 0.50000000000000
S 0.66676038971851 0.33352077943603 0.56759636856023
S 0.66676038971851 0.33352077943603 0.43240363143977
K_POINTS crystal
97
0.31821290879038 0.32773307146390 0.00000000000000 1.0
0.31821290879038 0.33211989617754 0.00000000000000 1.0
0.31821290879038 0.33650672089117 0.00000000000000 1.0
0.31821290879038 0.34089354560481 0.00000000000000 1.0
0.31821290879038 0.34528037031845 0.00000000000000 1.0
0.31821290879038 0.34966719503208 0.00000000000000 1.0
0.31821290879038 0.35405401974572 0.00000000000000 1.0
0.32325305030470 0.32521300070674 0.00000000000000 1.0
0.32325305030470 0.32959982542038 0.00000000000000 1.0
0.32325305030470 0.33398665013401 0.00000000000000 1.0
0.32325305030470 0.33837347484765 0.00000000000000 1.0
0.32325305030470 0.34276029956129 0.00000000000000 1.0
0.32325305030470 0.34714712427492 0.00000000000000 1.0
0.32325305030470 0.35153394898856 0.00000000000000 1.0
0.32829319181902 0.32269292994958 0.00000000000000 1.0
0.32829319181902 0.32707975466322 0.00000000000000 1.0
0.32829319181902 0.33146657937686 0.00000000000000 1.0
0.32829319181902 0.33585340409049 0.00000000000000 1.0
0.32829319181902 0.34024022880413 0.00000000000000 1.0
0.32829319181902 0.34462705351776 0.00000000000000 1.0
0.32829319181902 0.34901387823140 0.00000000000000 1.0
0.33333333333333 0.32017285919242 0.00000000000000 1.0
0.33333333333333 0.32455968390606 0.00000000000000 1.0
0.33333333333333 0.32894650861970 0.00000000000000 1.0
0.33333333333333 0.33333333333333 0.00000000000000 1.0
0.33333333333333 0.33772015804697 0.00000000000000 1.0
0.33333333333333 0.34210698276061 0.00000000000000 1.0
0.33333333333333 0.34649380747424 0.00000000000000 1.0
0.33837347484765 0.31765278843527 0.00000000000000 1.0
0.33837347484765 0.32203961314890 0.00000000000000 1.0
0.33837347484765 0.32642643786254 0.00000000000000 1.0
0.33837347484765 0.33081326257617 0.00000000000000 1.0
0.33837347484765 0.33520008728981 0.00000000000000 1.0
0.33837347484765 0.33958691200345 0.00000000000000 1.0
0.33837347484765 0.34397373671708 0.00000000000000 1.0
0.34341361636197 0.31513271767811 0.00000000000000 1.0
0.34341361636197 0.31951954239174 0.00000000000000 1.0
0.34341361636197 0.32390636710538 0.00000000000000 1.0
0.34341361636197 0.32829319181902 0.00000000000000 1.0
0.34341361636197 0.33268001653265 0.00000000000000 1.0
0.34341361636197 0.33706684124629 0.00000000000000 1.0
0.34341361636197 0.34145366595992 0.00000000000000 1.0
0.34845375787629 0.31261264692095 0.00000000000000 1.0
0.34845375787629 0.31699947163458 0.00000000000000 1.0
0.34845375787629 0.32138629634822 0.00000000000000 1.0
0.34845375787629 0.32577312106186 0.00000000000000 1.0
0.34845375787629 0.33015994577549 0.00000000000000 1.0
0.34845375787629 0.33454677048913 0.00000000000000 1.0
0.34845375787629 0.33893359520277 0.00000000000000 1.0
0.00000000000000 0.00000000000000 0.00000000000000 1.0
0.50000000000000 0.00000000000000 0.00000000000000 1.0
-0.33333333333333 -0.33333333333333 -0.00000000000000 1.0
0.08333333333333 0.08333333333333 0.00000000000000 1.0
0.10000000000000 0.10000000000000 0.00000000000000 1.0
0.11666666666667 0.11666666666667 0.00000000000000 1.0
0.13333333333333 0.13333333333333 0.00000000000000 1.0
0.15000000000000 0.15000000000000 0.00000000000000 1.0
0.16666666666667 0.16666666666667 0.00000000000000 1.0
0.18333333333333 0.18333333333333 0.00000000000000 1.0
0.20000000000000 0.20000000000000 0.00000000000000 1.0
0.21666666666667 0.21666666666667 0.00000000000000 1.0
0.23333333333333 0.23333333333333 0.00000000000000 1.0
0.25000000000000 0.25000000000000 0.00000000000000 1.0
0.26666666666667 0.26666666666667 0.00000000000000 1.0
0.28333333333333 0.28333333333333 0.00000000000000 1.0
0.30000000000000 0.30000000000000 0.00000000000000 1.0
0.31666666666667 0.31666666666667 0.00000000000000 1.0
-0.16666666666667 0.08333333333333 0.00000000000000 1.0
-0.20000000000000 0.10000000000000 0.00000000000000 1.0
-0.23333333333333 0.11666666666667 0.00000000000000 1.0
-0.26666666666667 0.13333333333333 0.00000000000000 1.0
-0.30000000000000 0.15000000000000 0.00000000000000 1.0
-0.33333333333333 0.16666666666667 0.00000000000000 1.0
-0.36666666666667 0.18333333333333 0.00000000000000 1.0
-0.40000000000000 0.20000000000000 0.00000000000000 1.0
-0.43333333333333 0.21666666666667 0.00000000000000 1.0
-0.46666666666667 0.23333333333333 0.00000000000000 1.0
-0.50000000000000 0.25000000000000 0.00000000000000 1.0
-0.53333333333333 0.26666666666667 0.00000000000000 1.0
-0.56666666666667 0.28333333333333 0.00000000000000 1.0
-0.60000000000000 0.30000000000000 0.00000000000000 1.0
-0.63333333333333 0.31666666666667 0.00000000000000 1.0
0.08333333333333 -0.16666666666667 0.00000000000000 1.0
0.10000000000000 -0.20000000000000 0.00000000000000 1.0
0.11666666666667 -0.23333333333333 0.00000000000000 1.0
0.13333333333333 -0.26666666666667 0.00000000000000 1.0
0.15000000000000 -0.30000000000000 0.00000000000000 1.0
0.16666666666667 -0.33333333333333 0.00000000000000 1.0
0.18333333333333 -0.36666666666667 0.00000000000000 1.0
0.20000000000000 -0.40000000000000 0.00000000000000 1.0
0.21666666666667 -0.43333333333333 0.00000000000000 1.0
0.23333333333333 -0.46666666666667 0.00000000000000 1.0
0.25000000000000 -0.50000000000000 0.00000000000000 1.0
0.26666666666667 -0.53333333333333 0.00000000000000 1.0
0.28333333333333 -0.56666666666667 0.00000000000000 1.0
0.30000000000000 -0.60000000000000 0.00000000000000 1.0
0.31666666666667 -0.63333333333333 0.00000000000000 1.0

