              w [eV]            znorm(w)       delta(w) [eV]
    3.8713175744E-04    1.3414878627E+00    5.4564784097E-05
    1.1613952723E-03    1.3412859485E+00    5.4475540891E-05
    1.9356587872E-03    1.3408837604E+00    5.4297971053E-05
    2.7099223021E-03    1.3402845225E+00    5.4033871281E-05
    3.4841858170E-03    1.3394929339E+00    5.3685849027E-05
    4.2584493318E-03    1.3385150179E+00    5.3257226642E-05
    5.0327128467E-03    1.3373579395E+00    5.2751927313E-05
    5.8069763616E-03    1.3360298053E+00    5.2174351616E-05
    6.5812398765E-03    1.3345394572E+00    5.1529252978E-05
    7.3555033913E-03    1.3328962719E+00    5.0821618878E-05
    8.1297669062E-03    1.3311099722E+00    5.0056562800E-05
    8.9040304211E-03    1.3291904586E+00    4.9239230000E-05
    9.6782939360E-03    1.3271476618E+00    4.8374718434E-05
    1.0452557451E-02    1.3249914188E+00    4.7468014855E-05
    1.1226820966E-02    1.3227313716E+00    4.6523945120E-05
    1.2001084481E-02    1.3203768870E+00    4.5547137195E-05
    1.2775347996E-02    1.3179369949E+00    4.4541995087E-05
    1.3549611510E-02    1.3154203438E+00    4.3512681876E-05
    1.4323875025E-02    1.3128351698E+00    4.2463110143E-05
    1.5098138540E-02    1.3101892771E+00    4.1396938266E-05
    1.5872402055E-02    1.3074900284E+00    4.0317571253E-05
    1.6646665570E-02    1.3047443426E+00    3.9228165035E-05
    1.7420929085E-02    1.3019586986E+00    3.8131633301E-05
    1.8195192600E-02    1.2991391434E+00    3.7030656169E-05
    1.8969456115E-02    1.2962913041E+00    3.5927690117E-05
    1.9743719629E-02    1.2934204023E+00    3.4824978728E-05
    2.0517983144E-02    1.2905312699E+00    3.3724563913E-05
    2.1292246659E-02    1.2876283669E+00    3.2628297335E-05
    2.2066510174E-02    1.2847157989E+00    3.1537851847E-05
    2.2840773689E-02    1.2817973361E+00    3.0454732775E-05
    2.3615037204E-02    1.2788764309E+00    2.9380288961E-05
    2.4389300719E-02    1.2759562370E+00    2.8315723455E-05
    2.5163564234E-02    1.2730396268E+00    2.7262103823E-05
    2.5937827748E-02    1.2701292086E+00    2.6220372008E-05
    2.6712091263E-02    1.2672273439E+00    2.5191353745E-05
    2.7486354778E-02    1.2643361632E+00    2.4175767492E-05
    2.8260618293E-02    1.2614575812E+00    2.3174232883E-05
    2.9034881808E-02    1.2585933123E+00    2.2187278704E-05
    2.9809145323E-02    1.2557448837E+00    2.1215350395E-05
    3.0583408838E-02    1.2529136490E+00    2.0258817090E-05
    3.1357672353E-02    1.2501008007E+00    1.9317978206E-05
    3.2131935867E-02    1.2473073822E+00    1.8393069600E-05
    3.2906199382E-02    1.2445342981E+00    1.7484269304E-05
    3.3680462897E-02    1.2417823255E+00    1.6591702871E-05
    3.4454726412E-02    1.2390521231E+00    1.5715448329E-05
    3.5228989927E-02    1.2363442404E+00    1.4855540782E-05
    3.6003253442E-02    1.2336591263E+00    1.4011976665E-05
    3.6777516957E-02    1.2309971372E+00    1.3184717680E-05
    3.7551780472E-02    1.2283585438E+00    1.2373694424E-05
    3.8326043987E-02    1.2257435386E+00    1.1578809734E-05
    3.9100307501E-02    1.2231522416E+00    1.0799941767E-05
    3.9874571016E-02    1.2205847069E+00    1.0036946824E-05
    4.0648834531E-02    1.2180409276E+00    9.2896619444E-06
    4.1423098046E-02    1.2155208412E+00    8.5579072837E-06
    4.2197361561E-02    1.2130243341E+00    7.8414882866E-06
    4.2971625076E-02    1.2105512463E+00    7.1401976719E-06
    4.3745888591E-02    1.2081013747E+00    6.4538172446E-06
    4.4520152106E-02    1.2056744774E+00    5.7821195453E-06
    4.5294415620E-02    1.2032702771E+00    5.1248693505E-06
    4.6068679135E-02    1.2008884636E+00    4.4818250345E-06
    4.6842942650E-02    1.1985286975E+00    3.8527398048E-06
    4.7617206165E-02    1.1961906124E+00    3.2373628188E-06
    4.8391469680E-02    1.1938738172E+00    2.6354401935E-06
    4.9165733195E-02    1.1915778988E+00    2.0467159153E-06
    4.9939996710E-02    1.1893024238E+00    1.4709326584E-06
    5.0714260225E-02    1.1870469404E+00    9.0783251971E-07
    5.1488523739E-02    1.1848109806E+00    3.5715767675E-07
    5.2262787254E-02    1.1825940609E+00   -1.8134902480E-07
    5.3037050769E-02    1.1803956847E+00   -7.0794354785E-07
    5.3811314284E-02    1.1782153432E+00   -1.2228801995E-06
    5.4585577799E-02    1.1760525166E+00   -1.7264112204E-06
    5.5359841314E-02    1.1739066754E+00   -2.2187864228E-06
    5.6134104829E-02    1.1717772815E+00   -2.7002528741E-06
    5.6908368344E-02    1.1696637890E+00   -3.1710546193E-06
    5.7682631858E-02    1.1675656455E+00   -3.6314324426E-06
    5.8456895373E-02    1.1654822924E+00   -4.0816236606E-06
    5.9231158888E-02    1.1634131666E+00   -4.5218619469E-06
    6.0005422403E-02    1.1613577003E+00   -4.9523771839E-06
    6.0779685918E-02    1.1593153226E+00   -5.3733953397E-06
    6.1553949433E-02    1.1572854598E+00   -5.7851383672E-06
    6.2328212948E-02    1.1552675365E+00   -6.1878241237E-06
    6.3102476463E-02    1.1532609759E+00   -6.5816663085E-06
    6.3876739978E-02    1.1512652011E+00   -6.9668744172E-06
    6.4651003492E-02    1.1492796355E+00   -7.3436537102E-06
    6.5425267007E-02    1.1473037037E+00   -7.7122051950E-06
    6.6199530522E-02    1.1453368325E+00   -8.0727256192E-06
    6.6973794037E-02    1.1433784519E+00   -8.4254074753E-06
    6.7748057552E-02    1.1414279956E+00   -8.7704390131E-06
    6.8522321067E-02    1.1394849026E+00   -9.1080042618E-06
    6.9296584582E-02    1.1375486181E+00   -9.4382830580E-06
    7.0070848097E-02    1.1356185947E+00   -9.7614510808E-06
    7.0845111611E-02    1.1336942938E+00   -1.0077679892E-05
    7.1619375126E-02    1.1317751872E+00   -1.0387136982E-05
    7.2393638641E-02    1.1298607585E+00   -1.0689985816E-05
    7.3167902156E-02    1.1279505048E+00   -1.0986385891E-05
    7.3942165671E-02    1.1260439391E+00   -1.1276492787E-05
    7.4716429186E-02    1.1241405918E+00   -1.1560458227E-05
    7.5490692701E-02    1.1222400135E+00   -1.1838430138E-05
    7.6264956216E-02    1.1203417772E+00   -1.2110552710E-05
    7.7039219730E-02    1.1184454813E+00   -1.2376966460E-05
    7.7813483245E-02    1.1165507523E+00   -1.2637808295E-05
    7.8587746760E-02    1.1146572485E+00   -1.2893211578E-05
    7.9362010275E-02    1.1127646630E+00   -1.3143306192E-05
    8.0136273790E-02    1.1108727280E+00   -1.3388218604E-05
    8.0910537305E-02    1.1089812187E+00   -1.3628071934E-05
    8.1684800820E-02    1.1070899580E+00   -1.3862986014E-05
    8.2459064335E-02    1.1051988210E+00   -1.4093077461E-05
    8.3233327849E-02    1.1033077402E+00   -1.4318459736E-05
    8.4007591364E-02    1.1014167111E+00   -1.4539243212E-05
    8.4781854879E-02    1.0995257979E+00   -1.4755535237E-05
    8.5556118394E-02    1.0976351394E+00   -1.4967440203E-05
    8.6330381909E-02    1.0957449556E+00   -1.5175059606E-05
    8.7104645424E-02    1.0938555540E+00   -1.5378492112E-05
    8.7878908939E-02    1.0919673363E+00   -1.5577833623E-05
    8.8653172454E-02    1.0900808049E+00   -1.5773177346E-05
    8.9427435969E-02    1.0881965696E+00   -1.5964613850E-05
    9.0201699483E-02    1.0863153535E+00   -1.6152231144E-05
    9.0975962998E-02    1.0844379983E+00   -1.6336114737E-05
    9.1750226513E-02    1.0825654690E+00   -1.6516347712E-05
    9.2524490028E-02    1.0806988567E+00   -1.6693010795E-05
    9.3298753543E-02    1.0788393798E+00   -1.6866182432E-05
    9.4073017058E-02    1.0769883828E+00   -1.7035938862E-05
    9.4847280573E-02    1.0751473321E+00   -1.7202354196E-05
    9.5621544088E-02    1.0733178080E+00   -1.7365500500E-05
    9.6395807602E-02    1.0715014935E+00   -1.7525447879E-05
    9.7170071117E-02    1.0697001582E+00   -1.7682264562E-05
    9.7944334632E-02    1.0679156383E+00   -1.7836016994E-05
    9.8718598147E-02    1.0661498129E+00   -1.7986769924E-05
    9.9492861662E-02    1.0644045766E+00   -1.8134586499E-05
