              w [eV]            znorm(w)       delta(w) [eV]
    3.7901011218E-04    1.3415875114E+00    7.6483953076E-05
    1.1370303365E-03    1.3413940140E+00    7.6364040576E-05
    1.8950505609E-03    1.3410085260E+00    7.6125396625E-05
    2.6530707852E-03    1.3404340113E+00    7.5770338246E-05
    3.4110910096E-03    1.3396747948E+00    7.5302232482E-05
    4.1691112340E-03    1.3387364290E+00    7.4725377230E-05
    4.9271314583E-03    1.3376255318E+00    7.4044858792E-05
    5.6851516827E-03    1.3363496075E+00    7.3266396854E-05
    6.4431719070E-03    1.3349168621E+00    7.2396187006E-05
    7.2011921314E-03    1.3333360209E+00    7.1440749384E-05
    7.9592123557E-03    1.3316161570E+00    7.0406789783E-05
    8.7172325801E-03    1.3297665363E+00    6.9301077355E-05
    9.4752528045E-03    1.3277964806E+00    6.8130340858E-05
    1.0233273029E-02    1.3257152511E+00    6.6901183760E-05
    1.0991293253E-02    1.3235319527E+00    6.5620017265E-05
    1.1749313478E-02    1.3212554564E+00    6.4293009547E-05
    1.2507333702E-02    1.3188943397E+00    6.2926049104E-05
    1.3265353926E-02    1.3164568413E+00    6.1524720031E-05
    1.4023374151E-02    1.3139508300E+00    6.0094287075E-05
    1.4781394375E-02    1.3113837832E+00    5.8639688548E-05
    1.5539414599E-02    1.3087627753E+00    5.7165535422E-05
    1.6297434824E-02    1.3060944735E+00    5.5676115162E-05
    1.7055455048E-02    1.3033851384E+00    5.4175399134E-05
    1.7813475272E-02    1.3006406304E+00    5.2667052632E-05
    1.8571495497E-02    1.2978664185E+00    5.1154446743E-05
    1.9329515721E-02    1.2950675925E+00    4.9640671477E-05
    2.0087535945E-02    1.2922488766E+00    4.8128549657E-05
    2.0845556170E-02    1.2894146447E+00    4.6620651231E-05
    2.1603576394E-02    1.2865689358E+00    4.5119307715E-05
    2.2361596619E-02    1.2837154711E+00    4.3626626548E-05
    2.3119616843E-02    1.2808576700E+00    4.2144505211E-05
    2.3877637067E-02    1.2779986669E+00    4.0674644988E-05
    2.4635657292E-02    1.2751413273E+00    3.9218564269E-05
    2.5393677516E-02    1.2722882640E+00    3.7777611360E-05
    2.6151697740E-02    1.2694418521E+00    3.6352976731E-05
    2.6909717965E-02    1.2666042446E+00    3.4945704699E-05
    2.7667738189E-02    1.2637773860E+00    3.3556704513E-05
    2.8425758413E-02    1.2609630265E+00    3.2186760858E-05
    2.9183778638E-02    1.2581627349E+00    3.0836543754E-05
    2.9941798862E-02    1.2553779110E+00    2.9506617889E-05
    3.0699819086E-02    1.2526097974E+00    2.8197451372E-05
    3.1457839311E-02    1.2498594905E+00    2.6909423943E-05
    3.2215859535E-02    1.2471279512E+00    2.5642834645E-05
    3.2973879760E-02    1.2444160146E+00    2.4397908990E-05
    3.3731899984E-02    1.2417243991E+00    2.3174805629E-05
    3.4489920208E-02    1.2390537154E+00    2.1973622557E-05
    3.5247940433E-02    1.2364044747E+00    2.0794402883E-05
    3.6005960657E-02    1.2337770957E+00    1.9637140164E-05
    3.6763980881E-02    1.2311719124E+00    1.8501783354E-05
    3.7522001106E-02    1.2285891803E+00    1.7388241377E-05
    3.8280021330E-02    1.2260290828E+00    1.6296387343E-05
    3.9038041554E-02    1.2234917366E+00    1.5226062436E-05
    3.9796061779E-02    1.2209771975E+00    1.4177079497E-05
    4.0554082003E-02    1.2184854649E+00    1.3149226307E-05
    4.1312102227E-02    1.2160164867E+00    1.2142268615E-05
    4.2070122452E-02    1.2135701635E+00    1.1155952896E-05
    4.2828142676E-02    1.2111463523E+00    1.0190008895E-05
    4.3586162901E-02    1.2087448706E+00    9.2441519324E-06
    4.4344183125E-02    1.2063654991E+00    8.3180850270E-06
    4.5102203349E-02    1.2040079855E+00    7.4115008174E-06
    4.5860223574E-02    1.2016720470E+00    6.5240833176E-06
    4.6618243798E-02    1.1993573729E+00    5.6555095100E-06
    4.7376264022E-02    1.1970636274E+00    4.8054507915E-06
    4.8134284247E-02    1.1947904512E+00    3.9735742822E-06
    4.8892304471E-02    1.1925374644E+00    3.1595440090E-06
    4.9650324695E-02    1.1903042675E+00    2.3630219733E-06
    5.0408344920E-02    1.1880904440E+00    1.5836691126E-06
    5.1166365144E-02    1.1858955614E+00    8.2114616369E-07
    5.1924385368E-02    1.1837191729E+00    7.5114436636E-08
    5.2682405593E-02    1.1815608188E+00   -6.5476349375E-07
    5.3440425817E-02    1.1794200277E+00   -1.3688231717E-06
    5.4198446042E-02    1.1772963179E+00   -2.0673977135E-06
    5.4956466266E-02    1.1751891978E+00   -2.7508173231E-06
    5.5714486490E-02    1.1730981678E+00   -3.4194088657E-06
    5.6472506715E-02    1.1710227205E+00   -4.0734954939E-06
    5.7230526939E-02    1.1689623420E+00   -4.7133963216E-06
    5.7988547163E-02    1.1669165125E+00   -5.3394261412E-06
    5.8746567388E-02    1.1648847070E+00   -5.9518951813E-06
    5.9504587612E-02    1.1628663965E+00   -6.5511088992E-06
    6.0262607836E-02    1.1608610481E+00   -7.1373678072E-06
    6.1020628061E-02    1.1588681261E+00   -7.7109673278E-06
    6.1778648285E-02    1.1568870923E+00   -8.2721976757E-06
    6.2536668509E-02    1.1549174073E+00   -8.8213437643E-06
    6.3294688734E-02    1.1529585305E+00   -9.3586851334E-06
    6.4052708958E-02    1.1510099212E+00   -9.8844958972E-06
    6.4810729183E-02    1.1490710390E+00   -1.0399044709E-05
    6.5568749407E-02    1.1471413450E+00   -1.0902594743E-05
    6.6326769631E-02    1.1452203019E+00   -1.1395403688E-05
    6.7084789856E-02    1.1433073756E+00   -1.1877723755E-05
    6.7842810080E-02    1.1414020354E+00   -1.2349801699E-05
    6.8600830304E-02    1.1395037553E+00   -1.2811878842E-05
    6.9358850529E-02    1.1376120148E+00   -1.3264191116E-05
    7.0116870753E-02    1.1357263003E+00   -1.3706969102E-05
    7.0874890977E-02    1.1338461059E+00   -1.4140438087E-05
    7.1632911202E-02    1.1319709350E+00   -1.4564818117E-05
    7.2390931426E-02    1.1301003018E+00   -1.4980324062E-05
    7.3148951650E-02    1.1282337323E+00   -1.5387165682E-05
    7.3906971875E-02    1.1263707667E+00   -1.5785547693E-05
    7.4664992099E-02    1.1245109607E+00   -1.6175669848E-05
    7.5423012324E-02    1.1226538878E+00   -1.6557727005E-05
    7.6181032548E-02    1.1207991416E+00   -1.6931909207E-05
    7.6939052772E-02    1.1189463377E+00   -1.7298401763E-05
    7.7697072997E-02    1.1170951171E+00   -1.7657385328E-05
    7.8455093221E-02    1.1152451484E+00   -1.8009035980E-05
    7.9213113445E-02    1.1133961310E+00   -1.8353525308E-05
    7.9971133670E-02    1.1115477988E+00   -1.8691020489E-05
    8.0729153894E-02    1.1096999233E+00   -1.9021684373E-05
    8.1487174118E-02    1.1078523179E+00   -1.9345675566E-05
    8.2245194343E-02    1.1060048420E+00   -1.9663148511E-05
    8.3003214567E-02    1.1041574051E+00   -1.9974253569E-05
    8.3761234791E-02    1.1023099720E+00   -2.0279137106E-05
    8.4519255016E-02    1.1004625676E+00   -2.0577941567E-05
    8.5277275240E-02    1.0986152823E+00   -2.0870805566E-05
    8.6035295465E-02    1.0967682773E+00   -2.1157863961E-05
    8.6793315689E-02    1.0949217910E+00   -2.1439247939E-05
    8.7551335913E-02    1.0930761440E+00   -2.1715085099E-05
    8.8309356138E-02    1.0912317458E+00   -2.1985499529E-05
    8.9067376362E-02    1.0893891004E+00   -2.2250611894E-05
    8.9825396586E-02    1.0875488118E+00   -2.2510539517E-05
    9.0583416811E-02    1.0857115899E+00   -2.2765396465E-05
    9.1341437035E-02    1.0838782546E+00   -2.3015293634E-05
    9.2099457259E-02    1.0820497396E+00   -2.3260338839E-05
    9.2857477484E-02    1.0802270949E+00   -2.3500636905E-05
    9.3615497708E-02    1.0784114872E+00   -2.3736289757E-05
    9.4373517932E-02    1.0766041983E+00   -2.3967396521E-05
    9.5131538157E-02    1.0748066209E+00   -2.4194053619E-05
    9.5889558381E-02    1.0730202510E+00   -2.4416354876E-05
    9.6647578606E-02    1.0712466768E+00   -2.4634391626E-05
    9.7405598830E-02    1.0694875642E+00   -2.4848252819E-05
    9.8163619054E-02    1.0677446386E+00   -2.5058025136E-05
    9.8921639279E-02    1.0660196626E+00   -2.5263793102E-05
    9.9679659503E-02    1.0643144123E+00   -2.5465639200E-05
