#        klen             E | projection   |group 1: A    |group
#column    1               2               3
     0.000000000    -2.000000000     1.000000000
     0.013089969    -1.998843666     1.000000000
     0.026179939    -1.995377787     1.000000000
     0.039269908    -1.989611741     1.000000000
     0.052359878    -1.981561196     1.000000000
     0.065449847    -1.971248158     1.000000000
     0.078539816    -1.958701046     1.000000000
     0.091629786    -1.943954795     1.000000000
     0.104719755    -1.927050983     1.000000000
     0.117809725    -1.908037984     1.000000000
     0.130899694    -1.886971163     1.000000000
     0.143989663    -1.863913108     1.000000000
     0.157079633    -1.838933897     1.000000000
     0.170169602    -1.812111433     1.000000000
     0.183259571    -1.783531819     1.000000000
     0.196349541    -1.753289807     1.000000000
     0.209439510    -1.721489324     1.000000000
     0.222529480    -1.688244072     1.000000000
     0.235619449    -1.653678233     1.000000000
     0.248709418    -1.617927268     1.000000000
     0.261799388    -1.581138830     1.000000000
     0.274889357    -1.543473795     1.000000000
     0.287979327    -1.505107406     1.000000000
     0.301069296    -1.466230526     1.000000000
     0.314159265    -1.427050983     1.000000000
     0.327249235    -1.387794960     1.000000000
     0.340339204    -1.348708364     1.000000000
     0.353429174    -1.310058072     1.000000000
     0.366519143    -1.272132902     1.000000000
     0.379609112    -1.235244076     1.000000000
     0.392699082    -1.199724897     1.000000000
     0.405789051    -1.165929265     1.000000000
     0.418879020    -1.134228596     1.000000000
     0.431968990    -1.105006676     1.000000000
     0.445058959    -1.078652036     1.000000000
     0.458148929    -1.055547584     1.000000000
     0.471238898    -1.036057540     1.000000000
     0.484328867    -1.020512185     1.000000000
     0.497418837    -1.009191503     1.000000000
     0.510508806    -1.002309333     1.000000000
     0.523598776    -1.000000000     1.000000000
     0.536688745    -1.002309333     1.000000000
     0.549778714    -1.009191503     1.000000000
     0.562868684    -1.020512185     1.000000000
     0.575958653    -1.036057540     1.000000000
     0.589048623    -1.055547584     1.000000000
     0.602138592    -1.078652036     1.000000000
     0.615228561    -1.105006676     1.000000000
     0.628318531    -1.134228596     1.000000000
     0.641408500    -1.165929265     1.000000000
     0.654498469    -1.199724897     1.000000000
     0.667588439    -1.235244076     1.000000000
     0.680678408    -1.272132902     1.000000000
     0.693768378    -1.310058072     1.000000000
     0.706858347    -1.348708364     1.000000000
     0.719948316    -1.387794960     1.000000000
     0.733038286    -1.427050983     1.000000000
     0.746128255    -1.466230526     1.000000000
     0.759218225    -1.505107406     1.000000000
     0.772308194    -1.543473795     1.000000000
     0.785398163    -1.581138830     1.000000000
     0.798488133    -1.617927268     1.000000000
     0.811578102    -1.653678233     1.000000000
     0.824668072    -1.688244072     1.000000000
     0.837758041    -1.721489324     1.000000000
     0.850848010    -1.753289807     1.000000000
     0.863937980    -1.783531819     1.000000000
     0.877027949    -1.812111433     1.000000000
     0.890117919    -1.838933897     1.000000000
     0.903207888    -1.863913108     1.000000000
     0.916297857    -1.886971163     1.000000000
     0.929387827    -1.908037984     1.000000000
     0.942477796    -1.927050983     1.000000000
     0.955567765    -1.943954795     1.000000000
     0.968657735    -1.958701046     1.000000000
     0.981747704    -1.971248158     1.000000000
     0.994837674    -1.981561196     1.000000000
     1.007927643    -1.989611741     1.000000000
     1.021017612    -1.995377787     1.000000000
     1.034107582    -1.998843666     1.000000000
     1.047197551    -2.000000000     1.000000000
     1.047197551    -2.000000000     1.000000000
     1.060287521    -1.998843666     1.000000000
     1.073377490    -1.995377787     1.000000000
     1.086467459    -1.989611741     1.000000000
     1.099557429    -1.981561196     1.000000000
     1.112647398    -1.971248158     1.000000000
     1.125737368    -1.958701046     1.000000000
     1.138827337    -1.943954795     1.000000000
     1.151917306    -1.927050983     1.000000000
     1.165007276    -1.908037984     1.000000000
     1.178097245    -1.886971163     1.000000000
     1.191187214    -1.863913108     1.000000000
     1.204277184    -1.838933897     1.000000000
     1.217367153    -1.812111433     1.000000000
     1.230457123    -1.783531819     1.000000000
     1.243547092    -1.753289807     1.000000000
     1.256637061    -1.721489324     1.000000000
     1.269727031    -1.688244072     1.000000000
     1.282817000    -1.653678233     1.000000000
     1.295906970    -1.617927268     1.000000000
     1.308996939    -1.581138830     1.000000000
     1.322086908    -1.543473795     1.000000000
     1.335176878    -1.505107406     1.000000000
     1.348266847    -1.466230526     1.000000000
     1.361356817    -1.427050983     1.000000000
     1.374446786    -1.387794960     1.000000000
     1.387536755    -1.348708364     1.000000000
     1.400626725    -1.310058072     1.000000000
     1.413716694    -1.272132902     1.000000000
     1.426806664    -1.235244076     1.000000000
     1.439896633    -1.199724897     1.000000000
     1.452986602    -1.165929265     1.000000000
     1.466076572    -1.134228596     1.000000000
     1.479166541    -1.105006676     1.000000000
     1.492256510    -1.078652036     1.000000000
     1.505346480    -1.055547584     1.000000000
     1.518436449    -1.036057540     1.000000000
     1.531526419    -1.020512185     1.000000000
     1.544616388    -1.009191503     1.000000000
     1.557706357    -1.002309333     1.000000000
     1.570796327    -1.000000000     1.000000000
     1.583886296    -1.002309333     1.000000000
     1.596976266    -1.009191503     1.000000000
     1.610066235    -1.020512185     1.000000000
     1.623156204    -1.036057540     1.000000000
     1.636246174    -1.055547584     1.000000000
     1.649336143    -1.078652036     1.000000000
     1.662426113    -1.105006676     1.000000000
     1.675516082    -1.134228596     1.000000000
     1.688606051    -1.165929265     1.000000000
     1.701696021    -1.199724897     1.000000000
     1.714785990    -1.235244076     1.000000000
     1.727875959    -1.272132902     1.000000000
     1.740965929    -1.310058072     1.000000000
     1.754055898    -1.348708364     1.000000000
     1.767145868    -1.387794960     1.000000000
     1.780235837    -1.427050983     1.000000000
     1.793325806    -1.466230526     1.000000000
     1.806415776    -1.505107406     1.000000000
     1.819505745    -1.543473795     1.000000000
     1.832595715    -1.581138830     1.000000000
     1.845685684    -1.617927268     1.000000000
     1.858775653    -1.653678233     1.000000000
     1.871865623    -1.688244072     1.000000000
     1.884955592    -1.721489324     1.000000000
     1.898045562    -1.753289807     1.000000000
     1.911135531    -1.783531819     1.000000000
     1.924225500    -1.812111433     1.000000000
     1.937315470    -1.838933897     1.000000000
     1.950405439    -1.863913108     1.000000000
     1.963495408    -1.886971163     1.000000000
     1.976585378    -1.908037984     1.000000000
     1.989675347    -1.927050983     1.000000000
     2.002765317    -1.943954795     1.000000000
     2.015855286    -1.958701046     1.000000000
     2.028945255    -1.971248158     1.000000000
     2.042035225    -1.981561196     1.000000000
     2.055125194    -1.989611741     1.000000000
     2.068215164    -1.995377787     1.000000000
     2.081305133    -1.998843666     1.000000000
     2.094395102    -2.000000000     1.000000000
  
     0.000000000    -2.000000000     1.000000000
     0.013089969    -1.998843666     1.000000000
     0.026179939    -1.995377787     1.000000000
     0.039269908    -1.989611741     1.000000000
     0.052359878    -1.981561196     1.000000000
     0.065449847    -1.971248158     1.000000000
     0.078539816    -1.958701046     1.000000000
     0.091629786    -1.943954795     1.000000000
     0.104719755    -1.927050983     1.000000000
     0.117809725    -1.908037984     1.000000000
     0.130899694    -1.886971163     1.000000000
     0.143989663    -1.863913108     1.000000000
     0.157079633    -1.838933897     1.000000000
     0.170169602    -1.812111433     1.000000000
     0.183259571    -1.783531819     1.000000000
     0.196349541    -1.753289807     1.000000000
     0.209439510    -1.721489324     1.000000000
     0.222529480    -1.688244072     1.000000000
     0.235619449    -1.653678233     1.000000000
     0.248709418    -1.617927268     1.000000000
     0.261799388    -1.581138830     1.000000000
     0.274889357    -1.543473795     1.000000000
     0.287979327    -1.505107406     1.000000000
     0.301069296    -1.466230526     1.000000000
     0.314159265    -1.427050983     1.000000000
     0.327249235    -1.387794960     1.000000000
     0.340339204    -1.348708364     1.000000000
     0.353429174    -1.310058072     1.000000000
     0.366519143    -1.272132902     1.000000000
     0.379609112    -1.235244076     1.000000000
     0.392699082    -1.199724897     1.000000000
     0.405789051    -1.165929265     1.000000000
     0.418879020    -1.134228596     1.000000000
     0.431968990    -1.105006676     1.000000000
     0.445058959    -1.078652036     1.000000000
     0.458148929    -1.055547584     1.000000000
     0.471238898    -1.036057540     1.000000000
     0.484328867    -1.020512185     1.000000000
     0.497418837    -1.009191503     1.000000000
     0.510508806    -1.002309333     1.000000000
     0.523598776    -1.000000000     1.000000000
     0.536688745    -1.002309333     1.000000000
     0.549778714    -1.009191503     1.000000000
     0.562868684    -1.020512185     1.000000000
     0.575958653    -1.036057540     1.000000000
     0.589048623    -1.055547584     1.000000000
     0.602138592    -1.078652036     1.000000000
     0.615228561    -1.105006676     1.000000000
     0.628318531    -1.134228596     1.000000000
     0.641408500    -1.165929265     1.000000000
     0.654498469    -1.199724897     1.000000000
     0.667588439    -1.235244076     1.000000000
     0.680678408    -1.272132902     1.000000000
     0.693768378    -1.310058072     1.000000000
     0.706858347    -1.348708364     1.000000000
     0.719948316    -1.387794960     1.000000000
     0.733038286    -1.427050983     1.000000000
     0.746128255    -1.466230526     1.000000000
     0.759218225    -1.505107406     1.000000000
     0.772308194    -1.543473795     1.000000000
     0.785398163    -1.581138830     1.000000000
     0.798488133    -1.617927268     1.000000000
     0.811578102    -1.653678233     1.000000000
     0.824668072    -1.688244072     1.000000000
     0.837758041    -1.721489324     1.000000000
     0.850848010    -1.753289807     1.000000000
     0.863937980    -1.783531819     1.000000000
     0.877027949    -1.812111433     1.000000000
     0.890117919    -1.838933897     1.000000000
     0.903207888    -1.863913108     1.000000000
     0.916297857    -1.886971163     1.000000000
     0.929387827    -1.908037984     1.000000000
     0.942477796    -1.927050983     1.000000000
     0.955567765    -1.943954795     1.000000000
     0.968657735    -1.958701046     1.000000000
     0.981747704    -1.971248158     1.000000000
     0.994837674    -1.981561196     1.000000000
     1.007927643    -1.989611741     1.000000000
     1.021017612    -1.995377787     1.000000000
     1.034107582    -1.998843666     1.000000000
     1.047197551    -2.000000000     1.000000000
     1.047197551    -2.000000000     1.000000000
     1.060287521    -1.998843666     1.000000000
     1.073377490    -1.995377787     1.000000000
     1.086467459    -1.989611741     1.000000000
     1.099557429    -1.981561196     1.000000000
     1.112647398    -1.971248158     1.000000000
     1.125737368    -1.958701046     1.000000000
     1.138827337    -1.943954795     1.000000000
     1.151917306    -1.927050983     1.000000000
     1.165007276    -1.908037984     1.000000000
     1.178097245    -1.886971163     1.000000000
     1.191187214    -1.863913108     1.000000000
     1.204277184    -1.838933897     1.000000000
     1.217367153    -1.812111433     1.000000000
     1.230457123    -1.783531819     1.000000000
     1.243547092    -1.753289807     1.000000000
     1.256637061    -1.721489324     1.000000000
     1.269727031    -1.688244072     1.000000000
     1.282817000    -1.653678233     1.000000000
     1.295906970    -1.617927268     1.000000000
     1.308996939    -1.581138830     1.000000000
     1.322086908    -1.543473795     1.000000000
     1.335176878    -1.505107406     1.000000000
     1.348266847    -1.466230526     1.000000000
     1.361356817    -1.427050983     1.000000000
     1.374446786    -1.387794960     1.000000000
     1.387536755    -1.348708364     1.000000000
     1.400626725    -1.310058072     1.000000000
     1.413716694    -1.272132902     1.000000000
     1.426806664    -1.235244076     1.000000000
     1.439896633    -1.199724897     1.000000000
     1.452986602    -1.165929265     1.000000000
     1.466076572    -1.134228596     1.000000000
     1.479166541    -1.105006676     1.000000000
     1.492256510    -1.078652036     1.000000000
     1.505346480    -1.055547584     1.000000000
     1.518436449    -1.036057540     1.000000000
     1.531526419    -1.020512185     1.000000000
     1.544616388    -1.009191503     1.000000000
     1.557706357    -1.002309333     1.000000000
     1.570796327    -1.000000000     1.000000000
     1.583886296    -1.002309333     1.000000000
     1.596976266    -1.009191503     1.000000000
     1.610066235    -1.020512185     1.000000000
     1.623156204    -1.036057540     1.000000000
     1.636246174    -1.055547584     1.000000000
     1.649336143    -1.078652036     1.000000000
     1.662426113    -1.105006676     1.000000000
     1.675516082    -1.134228596     1.000000000
     1.688606051    -1.165929265     1.000000000
     1.701696021    -1.199724897     1.000000000
     1.714785990    -1.235244076     1.000000000
     1.727875959    -1.272132902     1.000000000
     1.740965929    -1.310058072     1.000000000
     1.754055898    -1.348708364     1.000000000
     1.767145868    -1.387794960     1.000000000
     1.780235837    -1.427050983     1.000000000
     1.793325806    -1.466230526     1.000000000
     1.806415776    -1.505107406     1.000000000
     1.819505745    -1.543473795     1.000000000
     1.832595715    -1.581138830     1.000000000
     1.845685684    -1.617927268     1.000000000
     1.858775653    -1.653678233     1.000000000
     1.871865623    -1.688244072     1.000000000
     1.884955592    -1.721489324     1.000000000
     1.898045562    -1.753289807     1.000000000
     1.911135531    -1.783531819     1.000000000
     1.924225500    -1.812111433     1.000000000
     1.937315470    -1.838933897     1.000000000
     1.950405439    -1.863913108     1.000000000
     1.963495408    -1.886971163     1.000000000
     1.976585378    -1.908037984     1.000000000
     1.989675347    -1.927050983     1.000000000
     2.002765317    -1.943954795     1.000000000
     2.015855286    -1.958701046     1.000000000
     2.028945255    -1.971248158     1.000000000
     2.042035225    -1.981561196     1.000000000
     2.055125194    -1.989611741     1.000000000
     2.068215164    -1.995377787     1.000000000
     2.081305133    -1.998843666     1.000000000
     2.094395102    -2.000000000     1.000000000
  
     0.000000000     2.000000000     1.000000000
     0.013089969     1.998843666     1.000000000
     0.026179939     1.995377787     1.000000000
     0.039269908     1.989611741     1.000000000
     0.052359878     1.981561196     1.000000000
     0.065449847     1.971248158     1.000000000
     0.078539816     1.958701046     1.000000000
     0.091629786     1.943954795     1.000000000
     0.104719755     1.927050983     1.000000000
     0.117809725     1.908037984     1.000000000
     0.130899694     1.886971163     1.000000000
     0.143989663     1.863913108     1.000000000
     0.157079633     1.838933897     1.000000000
     0.170169602     1.812111433     1.000000000
     0.183259571     1.783531819     1.000000000
     0.196349541     1.753289807     1.000000000
     0.209439510     1.721489324     1.000000000
     0.222529480     1.688244072     1.000000000
     0.235619449     1.653678233     1.000000000
     0.248709418     1.617927268     1.000000000
     0.261799388     1.581138830     1.000000000
     0.274889357     1.543473795     1.000000000
     0.287979327     1.505107406     1.000000000
     0.301069296     1.466230526     1.000000000
     0.314159265     1.427050983     1.000000000
     0.327249235     1.387794960     1.000000000
     0.340339204     1.348708364     1.000000000
     0.353429174     1.310058072     1.000000000
     0.366519143     1.272132902     1.000000000
     0.379609112     1.235244076     1.000000000
     0.392699082     1.199724897     1.000000000
     0.405789051     1.165929265     1.000000000
     0.418879020     1.134228596     1.000000000
     0.431968990     1.105006676     1.000000000
     0.445058959     1.078652036     1.000000000
     0.458148929     1.055547584     1.000000000
     0.471238898     1.036057540     1.000000000
     0.484328867     1.020512185     1.000000000
     0.497418837     1.009191503     1.000000000
     0.510508806     1.002309333     1.000000000
     0.523598776     1.000000000     1.000000000
     0.536688745     1.002309333     1.000000000
     0.549778714     1.009191503     1.000000000
     0.562868684     1.020512185     1.000000000
     0.575958653     1.036057540     1.000000000
     0.589048623     1.055547584     1.000000000
     0.602138592     1.078652036     1.000000000
     0.615228561     1.105006676     1.000000000
     0.628318531     1.134228596     1.000000000
     0.641408500     1.165929265     1.000000000
     0.654498469     1.199724897     1.000000000
     0.667588439     1.235244076     1.000000000
     0.680678408     1.272132902     1.000000000
     0.693768378     1.310058072     1.000000000
     0.706858347     1.348708364     1.000000000
     0.719948316     1.387794960     1.000000000
     0.733038286     1.427050983     1.000000000
     0.746128255     1.466230526     1.000000000
     0.759218225     1.505107406     1.000000000
     0.772308194     1.543473795     1.000000000
     0.785398163     1.581138830     1.000000000
     0.798488133     1.617927268     1.000000000
     0.811578102     1.653678233     1.000000000
     0.824668072     1.688244072     1.000000000
     0.837758041     1.721489324     1.000000000
     0.850848010     1.753289807     1.000000000
     0.863937980     1.783531819     1.000000000
     0.877027949     1.812111433     1.000000000
     0.890117919     1.838933897     1.000000000
     0.903207888     1.863913108     1.000000000
     0.916297857     1.886971163     1.000000000
     0.929387827     1.908037984     1.000000000
     0.942477796     1.927050983     1.000000000
     0.955567765     1.943954795     1.000000000
     0.968657735     1.958701046     1.000000000
     0.981747704     1.971248158     1.000000000
     0.994837674     1.981561196     1.000000000
     1.007927643     1.989611741     1.000000000
     1.021017612     1.995377787     1.000000000
     1.034107582     1.998843666     1.000000000
     1.047197551     2.000000000     1.000000000
     1.047197551     2.000000000     1.000000000
     1.060287521     1.998843666     1.000000000
     1.073377490     1.995377787     1.000000000
     1.086467459     1.989611741     1.000000000
     1.099557429     1.981561196     1.000000000
     1.112647398     1.971248158     1.000000000
     1.125737368     1.958701046     1.000000000
     1.138827337     1.943954795     1.000000000
     1.151917306     1.927050983     1.000000000
     1.165007276     1.908037984     1.000000000
     1.178097245     1.886971163     1.000000000
     1.191187214     1.863913108     1.000000000
     1.204277184     1.838933897     1.000000000
     1.217367153     1.812111433     1.000000000
     1.230457123     1.783531819     1.000000000
     1.243547092     1.753289807     1.000000000
     1.256637061     1.721489324     1.000000000
     1.269727031     1.688244072     1.000000000
     1.282817000     1.653678233     1.000000000
     1.295906970     1.617927268     1.000000000
     1.308996939     1.581138830     1.000000000
     1.322086908     1.543473795     1.000000000
     1.335176878     1.505107406     1.000000000
     1.348266847     1.466230526     1.000000000
     1.361356817     1.427050983     1.000000000
     1.374446786     1.387794960     1.000000000
     1.387536755     1.348708364     1.000000000
     1.400626725     1.310058072     1.000000000
     1.413716694     1.272132902     1.000000000
     1.426806664     1.235244076     1.000000000
     1.439896633     1.199724897     1.000000000
     1.452986602     1.165929265     1.000000000
     1.466076572     1.134228596     1.000000000
     1.479166541     1.105006676     1.000000000
     1.492256510     1.078652036     1.000000000
     1.505346480     1.055547584     1.000000000
     1.518436449     1.036057540     1.000000000
     1.531526419     1.020512185     1.000000000
     1.544616388     1.009191503     1.000000000
     1.557706357     1.002309333     1.000000000
     1.570796327     1.000000000     1.000000000
     1.583886296     1.002309333     1.000000000
     1.596976266     1.009191503     1.000000000
     1.610066235     1.020512185     1.000000000
     1.623156204     1.036057540     1.000000000
     1.636246174     1.055547584     1.000000000
     1.649336143     1.078652036     1.000000000
     1.662426113     1.105006676     1.000000000
     1.675516082     1.134228596     1.000000000
     1.688606051     1.165929265     1.000000000
     1.701696021     1.199724897     1.000000000
     1.714785990     1.235244076     1.000000000
     1.727875959     1.272132902     1.000000000
     1.740965929     1.310058072     1.000000000
     1.754055898     1.348708364     1.000000000
     1.767145868     1.387794960     1.000000000
     1.780235837     1.427050983     1.000000000
     1.793325806     1.466230526     1.000000000
     1.806415776     1.505107406     1.000000000
     1.819505745     1.543473795     1.000000000
     1.832595715     1.581138830     1.000000000
     1.845685684     1.617927268     1.000000000
     1.858775653     1.653678233     1.000000000
     1.871865623     1.688244072     1.000000000
     1.884955592     1.721489324     1.000000000
     1.898045562     1.753289807     1.000000000
     1.911135531     1.783531819     1.000000000
     1.924225500     1.812111433     1.000000000
     1.937315470     1.838933897     1.000000000
     1.950405439     1.863913108     1.000000000
     1.963495408     1.886971163     1.000000000
     1.976585378     1.908037984     1.000000000
     1.989675347     1.927050983     1.000000000
     2.002765317     1.943954795     1.000000000
     2.015855286     1.958701046     1.000000000
     2.028945255     1.971248158     1.000000000
     2.042035225     1.981561196     1.000000000
     2.055125194     1.989611741     1.000000000
     2.068215164     1.995377787     1.000000000
     2.081305133     1.998843666     1.000000000
     2.094395102     2.000000000     1.000000000
  
     0.000000000     2.000000000     1.000000000
     0.013089969     1.998843666     1.000000000
     0.026179939     1.995377787     1.000000000
     0.039269908     1.989611741     1.000000000
     0.052359878     1.981561196     1.000000000
     0.065449847     1.971248158     1.000000000
     0.078539816     1.958701046     1.000000000
     0.091629786     1.943954795     1.000000000
     0.104719755     1.927050983     1.000000000
     0.117809725     1.908037984     1.000000000
     0.130899694     1.886971163     1.000000000
     0.143989663     1.863913108     1.000000000
     0.157079633     1.838933897     1.000000000
     0.170169602     1.812111433     1.000000000
     0.183259571     1.783531819     1.000000000
     0.196349541     1.753289807     1.000000000
     0.209439510     1.721489324     1.000000000
     0.222529480     1.688244072     1.000000000
     0.235619449     1.653678233     1.000000000
     0.248709418     1.617927268     1.000000000
     0.261799388     1.581138830     1.000000000
     0.274889357     1.543473795     1.000000000
     0.287979327     1.505107406     1.000000000
     0.301069296     1.466230526     1.000000000
     0.314159265     1.427050983     1.000000000
     0.327249235     1.387794960     1.000000000
     0.340339204     1.348708364     1.000000000
     0.353429174     1.310058072     1.000000000
     0.366519143     1.272132902     1.000000000
     0.379609112     1.235244076     1.000000000
     0.392699082     1.199724897     1.000000000
     0.405789051     1.165929265     1.000000000
     0.418879020     1.134228596     1.000000000
     0.431968990     1.105006676     1.000000000
     0.445058959     1.078652036     1.000000000
     0.458148929     1.055547584     1.000000000
     0.471238898     1.036057540     1.000000000
     0.484328867     1.020512185     1.000000000
     0.497418837     1.009191503     1.000000000
     0.510508806     1.002309333     1.000000000
     0.523598776     1.000000000     1.000000000
     0.536688745     1.002309333     1.000000000
     0.549778714     1.009191503     1.000000000
     0.562868684     1.020512185     1.000000000
     0.575958653     1.036057540     1.000000000
     0.589048623     1.055547584     1.000000000
     0.602138592     1.078652036     1.000000000
     0.615228561     1.105006676     1.000000000
     0.628318531     1.134228596     1.000000000
     0.641408500     1.165929265     1.000000000
     0.654498469     1.199724897     1.000000000
     0.667588439     1.235244076     1.000000000
     0.680678408     1.272132902     1.000000000
     0.693768378     1.310058072     1.000000000
     0.706858347     1.348708364     1.000000000
     0.719948316     1.387794960     1.000000000
     0.733038286     1.427050983     1.000000000
     0.746128255     1.466230526     1.000000000
     0.759218225     1.505107406     1.000000000
     0.772308194     1.543473795     1.000000000
     0.785398163     1.581138830     1.000000000
     0.798488133     1.617927268     1.000000000
     0.811578102     1.653678233     1.000000000
     0.824668072     1.688244072     1.000000000
     0.837758041     1.721489324     1.000000000
     0.850848010     1.753289807     1.000000000
     0.863937980     1.783531819     1.000000000
     0.877027949     1.812111433     1.000000000
     0.890117919     1.838933897     1.000000000
     0.903207888     1.863913108     1.000000000
     0.916297857     1.886971163     1.000000000
     0.929387827     1.908037984     1.000000000
     0.942477796     1.927050983     1.000000000
     0.955567765     1.943954795     1.000000000
     0.968657735     1.958701046     1.000000000
     0.981747704     1.971248158     1.000000000
     0.994837674     1.981561196     1.000000000
     1.007927643     1.989611741     1.000000000
     1.021017612     1.995377787     1.000000000
     1.034107582     1.998843666     1.000000000
     1.047197551     2.000000000     1.000000000
     1.047197551     2.000000000     1.000000000
     1.060287521     1.998843666     1.000000000
     1.073377490     1.995377787     1.000000000
     1.086467459     1.989611741     1.000000000
     1.099557429     1.981561196     1.000000000
     1.112647398     1.971248158     1.000000000
     1.125737368     1.958701046     1.000000000
     1.138827337     1.943954795     1.000000000
     1.151917306     1.927050983     1.000000000
     1.165007276     1.908037984     1.000000000
     1.178097245     1.886971163     1.000000000
     1.191187214     1.863913108     1.000000000
     1.204277184     1.838933897     1.000000000
     1.217367153     1.812111433     1.000000000
     1.230457123     1.783531819     1.000000000
     1.243547092     1.753289807     1.000000000
     1.256637061     1.721489324     1.000000000
     1.269727031     1.688244072     1.000000000
     1.282817000     1.653678233     1.000000000
     1.295906970     1.617927268     1.000000000
     1.308996939     1.581138830     1.000000000
     1.322086908     1.543473795     1.000000000
     1.335176878     1.505107406     1.000000000
     1.348266847     1.466230526     1.000000000
     1.361356817     1.427050983     1.000000000
     1.374446786     1.387794960     1.000000000
     1.387536755     1.348708364     1.000000000
     1.400626725     1.310058072     1.000000000
     1.413716694     1.272132902     1.000000000
     1.426806664     1.235244076     1.000000000
     1.439896633     1.199724897     1.000000000
     1.452986602     1.165929265     1.000000000
     1.466076572     1.134228596     1.000000000
     1.479166541     1.105006676     1.000000000
     1.492256510     1.078652036     1.000000000
     1.505346480     1.055547584     1.000000000
     1.518436449     1.036057540     1.000000000
     1.531526419     1.020512185     1.000000000
     1.544616388     1.009191503     1.000000000
     1.557706357     1.002309333     1.000000000
     1.570796327     1.000000000     1.000000000
     1.583886296     1.002309333     1.000000000
     1.596976266     1.009191503     1.000000000
     1.610066235     1.020512185     1.000000000
     1.623156204     1.036057540     1.000000000
     1.636246174     1.055547584     1.000000000
     1.649336143     1.078652036     1.000000000
     1.662426113     1.105006676     1.000000000
     1.675516082     1.134228596     1.000000000
     1.688606051     1.165929265     1.000000000
     1.701696021     1.199724897     1.000000000
     1.714785990     1.235244076     1.000000000
     1.727875959     1.272132902     1.000000000
     1.740965929     1.310058072     1.000000000
     1.754055898     1.348708364     1.000000000
     1.767145868     1.387794960     1.000000000
     1.780235837     1.427050983     1.000000000
     1.793325806     1.466230526     1.000000000
     1.806415776     1.505107406     1.000000000
     1.819505745     1.543473795     1.000000000
     1.832595715     1.581138830     1.000000000
     1.845685684     1.617927268     1.000000000
     1.858775653     1.653678233     1.000000000
     1.871865623     1.688244072     1.000000000
     1.884955592     1.721489324     1.000000000
     1.898045562     1.753289807     1.000000000
     1.911135531     1.783531819     1.000000000
     1.924225500     1.812111433     1.000000000
     1.937315470     1.838933897     1.000000000
     1.950405439     1.863913108     1.000000000
     1.963495408     1.886971163     1.000000000
     1.976585378     1.908037984     1.000000000
     1.989675347     1.927050983     1.000000000
     2.002765317     1.943954795     1.000000000
     2.015855286     1.958701046     1.000000000
     2.028945255     1.971248158     1.000000000
     2.042035225     1.981561196     1.000000000
     2.055125194     1.989611741     1.000000000
     2.068215164     1.995377787     1.000000000
     2.081305133     1.998843666     1.000000000
     2.094395102     2.000000000     1.000000000
  
