        #      k      largestgap  sum(wcc(:,ik))      wcc(i, ik)(i=1, NumberofSelectedOccupiedBands)
      0.00000000      0.00000000      0.00000000      0.50000000      0.50000000
      0.00625000      0.00000000      0.00000000      0.48486152      0.51513848
      0.01250000      0.00000000      0.00000000      0.46979391      0.53020609
      0.01875000      0.00000000      0.00000000      0.45486576      0.54513424
      0.02500000      0.00000000      0.00000000      0.44014128      0.55985872
      0.03125000      0.00000000      0.00000000      0.42567844      0.57432156
      0.03750000      0.00000000      0.00000000      0.41152756      0.58847244
      0.04375000      0.00000000      0.00000000      0.39773029      0.60226971
      0.05000000      0.00000000      0.00000000      0.38431915      0.61568085
      0.05625000      0.00000000      0.00000000      0.37131737      0.62868263
      0.06250000      0.00000000      0.00000000      0.35873920      0.64126080
      0.06875000      0.00000000      0.00000000      0.34659047      0.65340953
      0.07500000      0.00000000      0.00000000      0.33486936      0.66513064
      0.08125000      0.00000000      0.00000000      0.32366058      0.67633942
      0.08750000      0.00000000      0.00000000      0.31266993      0.68733007
      0.09375000      0.00000000      0.00000000      0.30215802      0.69784198
      0.10000000      0.00000000      0.00000000      0.29200837      0.70799163
      0.10625000      0.00000000      0.00000000      0.28219465      0.71780535
      0.11250000      0.00000000      0.00000000      0.27268815      0.72731185
      0.11875000      0.00000000      0.00000000      0.26345836      0.73654164
      0.12500000      0.00000000      0.00000000      0.25447360      0.74552640
      0.13125000      0.50000000      0.00000000      0.24570149      0.75429851
      0.13750000      0.50000000      0.00000000      0.23710937      0.76289063
      0.14375000      0.50000000      0.00000000      0.22866478      0.77133522
      0.15000000      0.50000000      0.00000000      0.22033579      0.77966421
      0.15625000      0.50000000      0.00000000      0.21209151      0.78790849
      0.16250000      0.50000000      0.00000000      0.20390260      0.79609740
      0.16875000      0.50000000      0.00000000      0.19574184      0.80425816
      0.17500000      0.50000000      0.00000000      0.18758487      0.81241513
      0.18125000      0.50000000      0.00000000      0.17941110      0.82058890
      0.18750000      0.50000000      0.00000000      0.17120472      0.82879528
      0.19375000      0.50000000      0.00000000      0.16295589      0.83704411
      0.20000000      0.50000000      0.00000000      0.15466209      0.84533791
      0.20625000      0.50000000      0.00000000      0.14632932      0.85367068
      0.21250000      0.50000000      0.00000000      0.13797330      0.86202670
      0.21875000      0.50000000      0.00000000      0.12962021      0.87037979
      0.22500000      0.50000000      0.00000000      0.12130674      0.87869326
      0.23125000      0.50000000      0.00000000      0.11307932      0.88692068
      0.23750000      0.50000000      0.00000000      0.10499225      0.89500775
      0.24375000      0.50000000      0.00000000      0.09710472      0.90289528
      0.25000000      0.50000000      0.00000000      0.08947700      0.91052300
      0.25625000      0.50000000      0.00000000      0.08216622      0.91783378
      0.26250000      0.50000000      0.00000000      0.07522236      0.92477764
      0.26875000      0.50000000      0.00000000      0.06868503      0.93131497
      0.27500000      0.50000000      0.00000000      0.06258145      0.93741855
      0.28125000      0.50000000      0.00000000      0.05692586      0.94307414
      0.28750000      0.50000000      0.00000000      0.05172013      0.94827987
      0.29375000      0.50000000      0.00000000      0.04695546      0.95304454
      0.30000000      0.50000000      0.00000000      0.04261449      0.95738551
      0.30625000      0.50000000      0.00000000      0.03867368      0.96132632
      0.31250000      0.50000000      0.00000000      0.03510552      0.96489448
      0.31875000      0.50000000      0.00000000      0.03188044      0.96811956
      0.32500000      0.50000000      0.00000000      0.02896829      0.97103171
      0.33125000      0.50000000      0.00000000      0.02633952      0.97366048
      0.33750000      0.50000000      0.00000000      0.02396590      0.97603410
      0.34375000      0.50000000      0.00000000      0.02182103      0.97817897
      0.35000000      0.50000000      0.00000000      0.01988057      0.98011943
      0.35625000      0.50000000      0.00000000      0.01812233      0.98187767
      0.36250000      0.50000000      0.00000000      0.01652625      0.98347375
      0.36875000      0.50000000      0.00000000      0.01507433      0.98492567
      0.37500000      0.50000000      0.00000000      0.01375045      0.98624955
      0.38125000      0.50000000      0.00000000      0.01254025      0.98745975
      0.38750000      0.50000000      0.00000000      0.01143093      0.98856907
      0.39375000      0.50000000      0.00000000      0.01041110      0.98958890
      0.40000000      0.50000000      0.00000000      0.00947063      0.99052937
      0.40625000      0.50000000      0.00000000      0.00860051      0.99139949
      0.41250000      0.50000000      0.00000000      0.00779267      0.99220733
      0.41875000      0.50000000      0.00000000      0.00703992      0.99296008
      0.42500000      0.50000000      0.00000000      0.00633581      0.99366419
      0.43125000      0.50000000      1.00000000      0.00567454      0.99432546
      0.43750000      0.50000000      0.00000000      0.00505086      0.99494914
      0.44375000      0.50000000      0.00000000      0.00446002      0.99553998
      0.45000000      0.50000000      0.00000000      0.00389769      0.99610231
      0.45625000      0.50000000      0.00000000      0.00335988      0.99664012
      0.46250000      0.50000000      0.00000000      0.00284292      0.99715708
      0.46875000      0.50000000      0.00000000      0.00234339      0.99765661
      0.47500000      0.50000000      1.00000000      0.00185808      0.99814192
      0.48125000      0.50000000      0.00000000      0.00138395      0.99861605
      0.48750000      0.50000000      0.00000000      0.00091808      0.99908192
      0.49375000      0.50000000      0.00000000      0.00045768      0.99954232
      0.50000000      0.50000000      0.00000000      0.00000000      0.00000000
