  0.00000000E+00 -0.31665642E+01
  0.39706001E-01 -0.31570180E+01
  0.79412002E-01 -0.31344101E+01
  0.11911800E+00 -0.30995606E+01
  0.15882400E+00 -0.30535381E+01
  0.19853001E+00 -0.29973629E+01
  0.23823601E+00 -0.29317228E+01
  0.27794201E+00 -0.28567829E+01
  0.31764801E+00 -0.27721396E+01
  0.35735401E+00 -0.26769245E+01
  0.39706001E+00 -0.25700263E+01
  0.43676601E+00 -0.24503724E+01
  0.47647201E+00 -0.23171990E+01
  0.51617802E+00 -0.21702394E+01
  0.55588402E+00 -0.20097735E+01
  0.59559002E+00 -0.18365159E+01
  0.63529602E+00 -0.16513733E+01
  0.67500202E+00 -0.14551469E+01
  0.71470802E+00 -0.12482885E+01
  0.75441402E+00 -0.10308000E+01
  0.79412002E+00 -0.80231195E+00
  0.83382602E+00 -0.56230456E+00
  0.87353203E+00 -0.31038507E+00
  0.91323803E+00 -0.46521394E-01
  0.95294403E+00  0.22884031E+00
  0.99265003E+00  0.51480713E+00
  0.10323560E+01  0.81021379E+00
  0.10720620E+01  0.11139030E+01
  0.11117680E+01  0.14250481E+01
  0.11514740E+01  0.17434311E+01
  0.11911800E+01  0.20695800E+01
  0.12308860E+01  0.24046806E+01
  0.12705920E+01  0.27502193E+01
  0.13102980E+01  0.31073837E+01
  0.13500040E+01  0.34763003E+01
  0.13897100E+01  0.38551939E+01
  0.14294160E+01  0.42393966E+01
  0.14691220E+01  0.46195967E+01
  0.15088280E+01  0.49769673E+01
  0.15485340E+01  0.52675946E+01
  0.15882400E+01  0.53929675E+01
  0.16279460E+01  0.53948050E+01
  0.16676520E+01  0.54076326E+01
  0.17073580E+01  0.54316244E+01
  0.17470641E+01  0.54668941E+01
  0.17867701E+01  0.55135143E+01
  0.18264761E+01  0.55715201E+01
  0.18661821E+01  0.56408846E+01
  0.19058881E+01  0.57214733E+01
  0.19455941E+01  0.58130034E+01
  0.19853001E+01  0.59150395E+01
  0.20250061E+01  0.60270450E+01
  0.20647121E+01  0.61484847E+01
  0.21044181E+01  0.62789550E+01
  0.21441241E+01  0.64183085E+01
  0.21838301E+01  0.65667590E+01
  0.22235361E+01  0.67249667E+01
  0.22632421E+01  0.68941174E+01
  0.23029481E+01  0.70759894E+01
  0.23426541E+01  0.72729763E+01
  0.23823601E+01  0.74880098E+01
  0.24224692E+01  0.73995463E+01
  0.24625783E+01  0.72024408E+01
  0.25026874E+01  0.69609876E+01
  0.25427965E+01  0.67037289E+01
  0.25829057E+01  0.64434792E+01
  0.26230148E+01  0.61879979E+01
  0.26631239E+01  0.59430486E+01
  0.27032330E+01  0.57130279E+01
  0.27433421E+01  0.55009069E+01
  0.27834513E+01  0.53080786E+01
  0.28235604E+01  0.51343393E+01
  0.28636695E+01  0.49780749E+01
  0.29037786E+01  0.48366420E+01
  0.29438877E+01  0.47068810E+01
  0.29839968E+01  0.45856737E+01
  0.30241060E+01  0.44704468E+01
  0.30642151E+01  0.43595276E+01
  0.31043242E+01  0.42522914E+01
  0.31444333E+01  0.41491006E+01
  0.31845424E+01  0.40511006E+01
  0.32246515E+01  0.39599463E+01
  0.32647607E+01  0.38775141E+01
  0.33048698E+01  0.38056329E+01
  0.33449789E+01  0.37458694E+01
  0.33850880E+01  0.36993897E+01
  0.34251971E+01  0.36669074E+01
  0.34653063E+01  0.36487051E+01
  0.35054154E+01  0.36447083E+01
  0.35447141E+01  0.33648086E+01
  0.35840129E+01  0.29993315E+01
  0.36233116E+01  0.26389729E+01
  0.36626104E+01  0.22890795E+01
  0.37019091E+01  0.19510638E+01
  0.37412079E+01  0.16253058E+01
  0.37805066E+01  0.13115985E+01
  0.38198054E+01  0.10093444E+01
  0.38591041E+01  0.71774136E+00
  0.38984029E+01  0.43597035E+00
  0.39377016E+01  0.16335770E+00
  0.39770004E+01 -0.10051588E+00
  0.40162991E+01 -0.35576818E+00
  0.40555979E+01 -0.60222486E+00
  0.40948966E+01 -0.83947105E+00
  0.41341954E+01 -0.10669289E+01
  0.41734941E+01 -0.12839458E+01
  0.42127929E+01 -0.14898786E+01
  0.42520916E+01 -0.16841606E+01
  0.42913904E+01 -0.18663406E+01
  0.43306891E+01 -0.20360917E+01
  0.43699879E+01 -0.21931975E+01
  0.44092866E+01 -0.23375340E+01
  0.44485854E+01 -0.24690669E+01
  0.44878841E+01 -0.25878716E+01
  0.45271829E+01 -0.26941689E+01
  0.45664816E+01 -0.27883512E+01
  0.46057804E+01 -0.28709758E+01
  0.46450791E+01 -0.29427075E+01
  0.46843779E+01 -0.30042145E+01
  0.47236766E+01 -0.30560347E+01
  0.47629754E+01 -0.30984453E+01
  0.48022741E+01 -0.31313678E+01
  0.48415729E+01 -0.31543394E+01
  0.48808716E+01 -0.31665642E+01
  0.49209807E+01 -0.31589661E+01
  0.49610898E+01 -0.31392358E+01
  0.50011990E+01 -0.31077210E+01
  0.50413081E+01 -0.30646704E+01
  0.50814172E+01 -0.30101820E+01
  0.51215263E+01 -0.29441890E+01
  0.51616354E+01 -0.28664859E+01
  0.52017445E+01 -0.27767835E+01
  0.52418537E+01 -0.26747830E+01
  0.52819628E+01 -0.25602510E+01
  0.53220719E+01 -0.24330846E+01
  0.53621810E+01 -0.22933517E+01
  0.54022901E+01 -0.21413004E+01
  0.54423993E+01 -0.19773318E+01
  0.54825084E+01 -0.18019401E+01
  0.55226175E+01 -0.16156278E+01
  0.55627266E+01 -0.14188097E+01
  0.56028357E+01 -0.12117222E+01
  0.56429448E+01 -0.99435486E+00
  0.56830540E+01 -0.76641851E+00
  0.57231631E+01 -0.52736380E+00
  0.57632722E+01 -0.27645570E+00
  0.58033813E+01 -0.12902835E-01
  0.58434904E+01  0.26397224E+00
  0.58835996E+01  0.55454866E+00
  0.59237087E+01  0.85874513E+00
  0.59638178E+01  0.11759184E+01
  0.60039269E+01  0.15048530E+01
  0.60440360E+01  0.18438569E+01
  0.60841451E+01  0.21909598E+01
  0.61242543E+01  0.25441900E+01
  0.61643634E+01  0.29018980E+01
  0.62044725E+01  0.32630802E+01
  0.62445816E+01  0.36276631E+01
  0.62846907E+01  0.39967026E+01
  0.63247999E+01  0.43724576E+01
  0.63649090E+01  0.47582920E+01
  0.64050181E+01  0.51583405E+01
  0.64451272E+01  0.55768169E+01
  0.64852363E+01  0.60166141E+01
  0.65253454E+01  0.64757505E+01
  0.65654546E+01  0.64384456E+01
  
  0.00000000E+00  0.21326270E+02
  0.39706001E-01  0.21276205E+02
  0.79412002E-01  0.21132734E+02
  0.11911800E+00  0.20905980E+02
  0.15882400E+00  0.20613290E+02
  0.19853001E+00  0.20275453E+02
  0.23823601E+00  0.19913312E+02
  0.27794201E+00  0.19545320E+02
  0.31764801E+00  0.19185975E+02
  0.35735401E+00  0.18845057E+02
  0.39706001E+00  0.18527548E+02
  0.43676601E+00  0.18151484E+02
  0.47647201E+00  0.17813432E+02
  0.51617802E+00  0.17516431E+02
  0.55588402E+00  0.17256447E+02
  0.59559002E+00  0.17027197E+02
  0.63529602E+00  0.16821355E+02
  0.67500202E+00  0.16631703E+02
  0.71470802E+00  0.16452076E+02
  0.75441402E+00  0.16277999E+02
  0.79412002E+00  0.16106744E+02
  0.83382602E+00  0.15901772E+02
  0.87353203E+00  0.15709319E+02
  0.91323803E+00  0.15527703E+02
  0.95294403E+00  0.15103463E+02
  0.99265003E+00  0.14502812E+02
  0.10323560E+01  0.13861554E+02
  0.10720620E+01  0.13188959E+02
  0.11117680E+01  0.12498443E+02
  0.11514740E+01  0.11806378E+02
  0.11911800E+01  0.11129525E+02
  0.12308860E+01  0.10482477E+02
  0.12705920E+01  0.98756997E+01
  0.13102980E+01  0.93145449E+01
  0.13500040E+01  0.87993918E+01
  0.13897100E+01  0.83268664E+01
  0.14294160E+01  0.78920828E+01
  0.14691220E+01  0.74922508E+01
  0.15088280E+01  0.71336801E+01
  0.15485340E+01  0.68494295E+01
  0.15882400E+01  0.67305459E+01
  0.16279460E+01  0.67456742E+01
  0.16676520E+01  0.67764044E+01
  0.17073580E+01  0.68200494E+01
  0.17470641E+01  0.68734914E+01
  0.17867701E+01  0.69337196E+01
  0.18264761E+01  0.69983097E+01
  0.18661821E+01  0.70657841E+01
  0.19058881E+01  0.71358048E+01
  0.19455941E+01  0.72091699E+01
  0.19853001E+01  0.72876139E+01
  0.20250061E+01  0.73734480E+01
  0.20647121E+01  0.74691124E+01
  0.21044181E+01  0.75767212E+01
  0.21441241E+01  0.76976391E+01
  0.21838301E+01  0.78320342E+01
  0.22235361E+01  0.79781644E+01
  0.22632421E+01  0.81306277E+01
  0.23029481E+01  0.79880306E+01
  0.23426541E+01  0.77270146E+01
  0.23823601E+01  0.74880098E+01
  0.24224692E+01  0.74479655E+01
  0.24625783E+01  0.73326814E+01
  0.25026874E+01  0.71686340E+01
  0.25427965E+01  0.69777866E+01
  0.25829057E+01  0.67739213E+01
  0.26230148E+01  0.65647477E+01
  0.26631239E+01  0.63546038E+01
  0.27032330E+01  0.61462322E+01
  0.27433421E+01  0.59417313E+01
  0.27834513E+01  0.57429770E+01
  0.28235604E+01  0.55517362E+01
  0.28636695E+01  0.53696149E+01
  0.29037786E+01  0.51979354E+01
  0.29438877E+01  0.50376064E+01
  0.29839968E+01  0.48890303E+01
  0.30241060E+01  0.47520823E+01
  0.30642151E+01  0.46261891E+01
  0.31043242E+01  0.45105151E+01
  0.31444333E+01  0.44042187E+01
  0.31845424E+01  0.43066997E+01
  0.32246515E+01  0.42177662E+01
  0.32647607E+01  0.41376927E+01
  0.33048698E+01  0.40671788E+01
  0.33449789E+01  0.40072294E+01
  0.33850880E+01  0.39589870E+01
  0.34251971E+01  0.39235516E+01
  0.34653063E+01  0.39018210E+01
  0.35054154E+01  0.38943702E+01
  0.35447141E+01  0.41937108E+01
  0.35840129E+01  0.45922962E+01
  0.36233116E+01  0.49989646E+01
  0.36626104E+01  0.54095916E+01
  0.37019091E+01  0.58254836E+01
  0.37412079E+01  0.62499182E+01
  0.37805066E+01  0.66868715E+01
  0.38198054E+01  0.71398920E+01
  0.38591041E+01  0.76110844E+01
  0.38984029E+01  0.81003916E+01
  0.39377016E+01  0.86053624E+01
  0.39770004E+01  0.91215027E+01
  0.40162991E+01  0.96431817E+01
  0.40555979E+01  0.10164938E+02
  0.40948966E+01  0.10682928E+02
  0.41341954E+01  0.11196206E+02
  0.41734941E+01  0.11707546E+02
  0.42127929E+01  0.12223554E+02
  0.42520916E+01  0.12753968E+02
  0.42913904E+01  0.13310137E+02
  0.43306891E+01  0.13902893E+02
  0.43699879E+01  0.14540116E+02
  0.44092866E+01  0.15224435E+02
  0.44485854E+01  0.15951516E+02
  0.44878841E+01  0.16709293E+02
  0.45271829E+01  0.17478391E+02
  0.45664816E+01  0.18233724E+02
  0.46057804E+01  0.18947064E+02
  0.46450791E+01  0.19590277E+02
  0.46843779E+01  0.20139226E+02
  0.47236766E+01  0.20578996E+02
  0.47629754E+01  0.20908963E+02
  0.48022741E+01  0.21139430E+02
  0.48415729E+01  0.21278351E+02
  0.48808716E+01  0.21326270E+02
  0.49209807E+01  0.21275410E+02
  0.49610898E+01  0.21122737E+02
  0.50011990E+01  0.20862336E+02
  0.50413081E+01  0.20495207E+02
  0.50814172E+01  0.20043862E+02
  0.51215263E+01  0.19542943E+02
  0.51616354E+01  0.19020622E+02
  0.52017445E+01  0.18493583E+02
  0.52418537E+01  0.17968649E+02
  0.52819628E+01  0.17446050E+02
  0.53220719E+01  0.16923663E+02
  0.53621810E+01  0.16400893E+02
  0.54022901E+01  0.15880309E+02
  0.54423993E+01  0.15366750E+02
  0.54825084E+01  0.14865430E+02
  0.55226175E+01  0.14380396E+02
  0.55627266E+01  0.13913751E+02
  0.56028357E+01  0.13465515E+02
  0.56429448E+01  0.13033964E+02
  0.56830540E+01  0.12616305E+02
  0.57231631E+01  0.12209513E+02
  0.57632722E+01  0.11811130E+02
  0.58033813E+01  0.11419809E+02
  0.58434904E+01  0.11035512E+02
  0.58835996E+01  0.10659375E+02
  0.59237087E+01  0.10293373E+02
  0.59638178E+01  0.99399233E+01
  0.60039269E+01  0.96014914E+01
  0.60440360E+01  0.92802202E+01
  0.60841451E+01  0.89775762E+01
  0.61242543E+01  0.86940583E+01
  0.61643634E+01  0.84290484E+01
  0.62044725E+01  0.81808913E+01
  0.62445816E+01  0.79472371E+01
  0.62846907E+01  0.77255833E+01
  0.63247999E+01  0.75138535E+01
  0.63649090E+01  0.73108144E+01
  0.64050181E+01  0.71162006E+01
  0.64451272E+01  0.69305563E+01
  0.64852363E+01  0.67549267E+01
  0.65253454E+01  0.65906297E+01
  0.65654546E+01  0.69355250E+01
  
  0.00000000E+00  0.21885705E+02
  0.39706001E-01  0.21887603E+02
  0.79412002E-01  0.21770643E+02
  0.11911800E+00  0.21523491E+02
  0.15882400E+00  0.21181827E+02
  0.19853001E+00  0.20775662E+02
  0.23823601E+00  0.20328743E+02
  0.27794201E+00  0.19862735E+02
  0.31764801E+00  0.19397340E+02
  0.35735401E+00  0.18949276E+02
  0.39706001E+00  0.18531296E+02
  0.43676601E+00  0.18234280E+02
  0.47647201E+00  0.17962696E+02
  0.51617802E+00  0.17708329E+02
  0.55588402E+00  0.17465986E+02
  0.59559002E+00  0.17230919E+02
  0.63529602E+00  0.16999701E+02
  0.67500202E+00  0.16770699E+02
  0.71470802E+00  0.16544158E+02
  0.75441402E+00  0.16321907E+02
  0.79412002E+00  0.16106950E+02
  0.83382602E+00  0.15938095E+02
  0.87353203E+00  0.15771997E+02
  0.91323803E+00  0.15609755E+02
  0.95294403E+00  0.15375907E+02
  0.99265003E+00  0.15226808E+02
  0.10323560E+01  0.15092738E+02
  0.10720620E+01  0.14970611E+02
  0.11117680E+01  0.14858509E+02
  0.11514740E+01  0.14755056E+02
  0.11911800E+01  0.14659519E+02
  0.12308860E+01  0.14557580E+02
  0.12705920E+01  0.14466585E+02
  0.13102980E+01  0.14387907E+02
  0.13500040E+01  0.14322397E+02
  0.13897100E+01  0.14270328E+02
  0.14294160E+01  0.14231272E+02
  0.14691220E+01  0.14204158E+02
  0.15088280E+01  0.14187507E+02
  0.15485340E+01  0.14179794E+02
  0.15882400E+01  0.14179734E+02
  0.16279460E+01  0.14144245E+02
  0.16676520E+01  0.14040791E+02
  0.17073580E+01  0.13870293E+02
  0.17470641E+01  0.13635131E+02
  0.17867701E+01  0.13338909E+02
  0.18264761E+01  0.12986823E+02
  0.18661821E+01  0.12586005E+02
  0.19058881E+01  0.12145675E+02
  0.19455941E+01  0.11676984E+02
  0.19853001E+01  0.11192495E+02
  0.20250061E+01  0.10705336E+02
  0.20647121E+01  0.10228126E+02
  0.21044181E+01  0.97718616E+01
  0.21441241E+01  0.93449729E+01
  0.21838301E+01  0.89527151E+01
  0.22235361E+01  0.85970219E+01
  0.22632421E+01  0.82770474E+01
  0.23029481E+01  0.82787969E+01
  0.23426541E+01  0.83961705E+01
  0.23823601E+01  0.84462889E+01
  0.24224692E+01  0.85426597E+01
  0.24625783E+01  0.87669708E+01
  0.25026874E+01  0.90581271E+01
  0.25427965E+01  0.93936994E+01
  0.25829057E+01  0.97677881E+01
  0.26230148E+01  0.10179024E+02
  0.26631239E+01  0.10626278E+02
  0.27032330E+01  0.11107037E+02
  0.27433421E+01  0.11616795E+02
  0.27834513E+01  0.12148896E+02
  0.28235604E+01  0.12694436E+02
  0.28636695E+01  0.13241979E+02
  0.29037786E+01  0.13777513E+02
  0.29438877E+01  0.14287971E+02
  0.29839968E+01  0.14771291E+02
  0.30241060E+01  0.15239861E+02
  0.30642151E+01  0.15709040E+02
  0.31043242E+01  0.16188412E+02
  0.31444333E+01  0.16680712E+02
  0.31845424E+01  0.17182819E+02
  0.32246515E+01  0.17686739E+02
  0.32647607E+01  0.18180559E+02
  0.33048698E+01  0.18649552E+02
  0.33449789E+01  0.19077468E+02
  0.33850880E+01  0.19447958E+02
  0.34251971E+01  0.19746013E+02
  0.34653063E+01  0.19959266E+02
  0.35054154E+01  0.20074728E+02
  0.35447141E+01  0.19987822E+02
  0.35840129E+01  0.19902457E+02
  0.36233116E+01  0.19822921E+02
  0.36626104E+01  0.19748601E+02
  0.37019091E+01  0.19679862E+02
  0.37412079E+01  0.19617942E+02
  0.37805066E+01  0.19564611E+02
  0.38198054E+01  0.19521677E+02
  0.38591041E+01  0.19490465E+02
  0.38984029E+01  0.19471404E+02
  0.39377016E+01  0.19463811E+02
  0.39770004E+01  0.19465954E+02
  0.40162991E+01  0.19475362E+02
  0.40555979E+01  0.19489338E+02
  0.40948966E+01  0.19505565E+02
  0.41341954E+01  0.19522676E+02
  0.41734941E+01  0.19540684E+02
  0.42127929E+01  0.19561167E+02
  0.42520916E+01  0.19587185E+02
  0.42913904E+01  0.19622925E+02
  0.43306891E+01  0.19673184E+02
  0.43699879E+01  0.19742847E+02
  0.44092866E+01  0.19836602E+02
  0.44485854E+01  0.19959067E+02
  0.44878841E+01  0.20114874E+02
  0.45271829E+01  0.20306968E+02
  0.45664816E+01  0.20531410E+02
  0.46057804E+01  0.20772618E+02
  0.46450791E+01  0.21011935E+02
  0.46843779E+01  0.21243639E+02
  0.47236766E+01  0.21467868E+02
  0.47629754E+01  0.21677368E+02
  0.48022741E+01  0.21858341E+02
  0.48415729E+01  0.21974721E+02
  0.48808716E+01  0.21885705E+02
  0.49209807E+01  0.21996864E+02
  0.49610898E+01  0.21733484E+02
  0.50011990E+01  0.21395446E+02
  0.50413081E+01  0.21027105E+02
  0.50814172E+01  0.20635159E+02
  0.51215263E+01  0.20215493E+02
  0.51616354E+01  0.19768597E+02
  0.52017445E+01  0.19301747E+02
  0.52418537E+01  0.18825965E+02
  0.52819628E+01  0.18352860E+02
  0.53220719E+01  0.17891640E+02
  0.53621810E+01  0.17446946E+02
  0.54022901E+01  0.17018714E+02
  0.54423993E+01  0.16603944E+02
  0.54825084E+01  0.16198847E+02
  0.55226175E+01  0.15800226E+02
  0.55627266E+01  0.15406008E+02
  0.56028357E+01  0.15015267E+02
  0.56429448E+01  0.14627989E+02
  0.56830540E+01  0.14244722E+02
  0.57231631E+01  0.13866189E+02
  0.57632722E+01  0.13492979E+02
  0.58033813E+01  0.13125407E+02
  0.58434904E+01  0.12763590E+02
  0.58835996E+01  0.12407661E+02
  0.59237087E+01  0.12057967E+02
  0.59638178E+01  0.11715156E+02
  0.60039269E+01  0.11380106E+02
  0.60440360E+01  0.11053788E+02
  0.60841451E+01  0.10737148E+02
  0.61242543E+01  0.10431059E+02
  0.61643634E+01  0.10136358E+02
  0.62044725E+01  0.98538993E+01
  0.62445816E+01  0.95845743E+01
  0.62846907E+01  0.93292693E+01
  0.63247999E+01  0.90888038E+01
  0.63649090E+01  0.88639236E+01
  0.64050181E+01  0.86554314E+01
  0.64451272E+01  0.84645477E+01
  0.64852363E+01  0.82937967E+01
  0.65253454E+01  0.81497706E+01
  0.65654546E+01  0.80547206E+01
  
  0.00000000E+00  0.22269502E+02
  0.39706001E-01  0.22217091E+02
  0.79412002E-01  0.22165327E+02
  0.11911800E+00  0.22138258E+02
  0.15882400E+00  0.22116297E+02
  0.19853001E+00  0.22087316E+02
  0.23823601E+00  0.22044914E+02
  0.27794201E+00  0.21981791E+02
  0.31764801E+00  0.21888000E+02
  0.35735401E+00  0.21751688E+02
  0.39706001E+00  0.21561188E+02
  0.43676601E+00  0.21307636E+02
  0.47647201E+00  0.20987329E+02
  0.51617802E+00  0.20603139E+02
  0.55588402E+00  0.20164504E+02
  0.59559002E+00  0.19685929E+02
  0.63529602E+00  0.19184242E+02
  0.67500202E+00  0.18675246E+02
  0.71470802E+00  0.18170535E+02
  0.75441402E+00  0.17675264E+02
  0.79412002E+00  0.17187444E+02
  0.83382602E+00  0.16698958E+02
  0.87353203E+00  0.16198127E+02
  0.91323803E+00  0.15675845E+02
  0.95294403E+00  0.15452836E+02
  0.99265003E+00  0.15302040E+02
  0.10323560E+01  0.15158144E+02
  0.10720620E+01  0.15021550E+02
  0.11117680E+01  0.14892590E+02
  0.11514740E+01  0.14771726E+02
  0.11911800E+01  0.14659723E+02
  0.12308860E+01  0.14571900E+02
  0.12705920E+01  0.14492602E+02
  0.13102980E+01  0.14422306E+02
  0.13500040E+01  0.14361558E+02
  0.13897100E+01  0.14310515E+02
  0.14294160E+01  0.14268838E+02
  0.14691220E+01  0.14235759E+02
  0.15088280E+01  0.14210330E+02
  0.15485340E+01  0.14191767E+02
  0.15882400E+01  0.14179870E+02
  0.16279460E+01  0.14159233E+02
  0.16676520E+01  0.14098515E+02
  0.17073580E+01  0.14000303E+02
  0.17470641E+01  0.13867196E+02
  0.17867701E+01  0.13701967E+02
  0.18264761E+01  0.13507236E+02
  0.18661821E+01  0.13285286E+02
  0.19058881E+01  0.13038054E+02
  0.19455941E+01  0.12767343E+02
  0.19853001E+01  0.12475193E+02
  0.20250061E+01  0.12164327E+02
  0.20647121E+01  0.11838567E+02
  0.21044181E+01  0.11503124E+02
  0.21441241E+01  0.11164737E+02
  0.21838301E+01  0.10831736E+02
  0.22235361E+01  0.10514294E+02
  0.22632421E+01  0.10225461E+02
  0.23029481E+01  0.99840568E+01
  0.23426541E+01  0.98200988E+01
  0.23823601E+01  0.97743548E+01
  0.24224692E+01  0.98395604E+01
  0.24625783E+01  0.10022291E+02
  0.25026874E+01  0.10293375E+02
  0.25427965E+01  0.10625315E+02
  0.25829057E+01  0.10997568E+02
  0.26230148E+01  0.11395260E+02
  0.26631239E+01  0.11807338E+02
  0.27032330E+01  0.12225661E+02
  0.27433421E+01  0.12644874E+02
  0.27834513E+01  0.13062761E+02
  0.28235604E+01  0.13480883E+02
  0.28636695E+01  0.13905435E+02
  0.29037786E+01  0.14347593E+02
  0.29438877E+01  0.14819881E+02
  0.29839968E+01  0.15325494E+02
  0.30241060E+01  0.15853758E+02
  0.30642151E+01  0.16390155E+02
  0.31043242E+01  0.16923463E+02
  0.31444333E+01  0.17445321E+02
  0.31845424E+01  0.17948108E+02
  0.32246515E+01  0.18423454E+02
  0.32647607E+01  0.18861565E+02
  0.33048698E+01  0.19251230E+02
  0.33449789E+01  0.19580386E+02
  0.33850880E+01  0.19837088E+02
  0.34251971E+01  0.20010693E+02
  0.34653063E+01  0.20093075E+02
  0.35054154E+01  0.20083940E+02
  0.35447141E+01  0.20184094E+02
  0.35840129E+01  0.20293222E+02
  0.36233116E+01  0.20403972E+02
  0.36626104E+01  0.20515568E+02
  0.37019091E+01  0.20628208E+02
  0.37412079E+01  0.20742940E+02
  0.37805066E+01  0.20861247E+02
  0.38198054E+01  0.20984395E+02
  0.38591041E+01  0.21112620E+02
  0.38984029E+01  0.21244318E+02
  0.39377016E+01  0.21375418E+02
  0.39770004E+01  0.21499126E+02
  0.40162991E+01  0.21606227E+02
  0.40555979E+01  0.21686001E+02
  0.40948966E+01  0.21727744E+02
  0.41341954E+01  0.21722699E+02
  0.41734941E+01  0.21666100E+02
  0.42127929E+01  0.21558941E+02
  0.42520916E+01  0.21409062E+02
  0.42913904E+01  0.21231237E+02
  0.43306891E+01  0.21046028E+02
  0.43699879E+01  0.20877390E+02
  0.44092866E+01  0.20749114E+02
  0.44485854E+01  0.20680518E+02
  0.44878841E+01  0.20682478E+02
  0.45271829E+01  0.20756214E+02
  0.45664816E+01  0.20897090E+02
  0.46057804E+01  0.21099808E+02
  0.46450791E+01  0.21352049E+02
  0.46843779E+01  0.21621647E+02
  0.47236766E+01  0.21866068E+02
  0.47629754E+01  0.22047559E+02
  0.48022741E+01  0.22140852E+02
  0.48415729E+01  0.22164782E+02
  0.48808716E+01  0.22269502E+02
  0.49209807E+01  0.22126414E+02
  0.49610898E+01  0.22259536E+02
  0.50011990E+01  0.22390920E+02
  0.50413081E+01  0.22500333E+02
  0.50814172E+01  0.22589626E+02
  0.51215263E+01  0.22661524E+02
  0.51616354E+01  0.22719021E+02
  0.52017445E+01  0.22764944E+02
  0.52418537E+01  0.22801028E+02
  0.52819628E+01  0.22826709E+02
  0.53220719E+01  0.22838071E+02
  0.53621810E+01  0.22827535E+02
  0.54022901E+01  0.22784637E+02
  0.54423993E+01  0.22697887E+02
  0.54825084E+01  0.22557253E+02
  0.55226175E+01  0.22356595E+02
  0.55627266E+01  0.22095395E+02
  0.56028357E+01  0.21779395E+02
  0.56429448E+01  0.21420018E+02
  0.56830540E+01  0.21032739E+02
  0.57231631E+01  0.20634792E+02
  0.57632722E+01  0.20242645E+02
  0.58033813E+01  0.19869739E+02
  0.58434904E+01  0.19524853E+02
  0.58835996E+01  0.19211357E+02
  0.59237087E+01  0.18927406E+02
  0.59638178E+01  0.18667007E+02
  0.60039269E+01  0.18421691E+02
  0.60440360E+01  0.18182479E+02
  0.60841451E+01  0.17941762E+02
  0.61242543E+01  0.17694758E+02
  0.61643634E+01  0.17440296E+02
  0.62044725E+01  0.17180828E+02
  0.62445816E+01  0.16921697E+02
  0.62846907E+01  0.16669876E+02
  0.63247999E+01  0.16432456E+02
  0.63649090E+01  0.16215249E+02
  0.64050181E+01  0.16021763E+02
  0.64451272E+01  0.15852739E+02
  0.64852363E+01  0.15706252E+02
  0.65253454E+01  0.15578290E+02
  0.65654546E+01  0.15463647E+02
  
