 # Frequency[cm^-1] DOS PDOS
 -2.9127447802E-06  0.0000000000E+00  0.0000E+00
  9.9999708726E-01  6.8963092060E-08  6.8963E-08
  1.9999970873E+00  2.7585269581E-07  2.7585E-07
  2.9999970873E+00  6.2066881126E-07  6.2067E-07
  3.9999970873E+00  1.1034114384E-06  1.1034E-06
  4.9999970873E+00  1.7240805772E-06  1.7241E-06
  5.9999970873E+00  2.4826762278E-06  2.4827E-06
  6.9999970873E+00  3.3791983900E-06  3.3792E-06
  7.9999970873E+00  4.4136470639E-06  4.4136E-06
  8.9999970873E+00  5.5860222495E-06  5.5860E-06
  9.9999970873E+00  6.8963239468E-06  6.8963E-06
  1.0999997087E+01  8.3445521558E-06  8.3446E-06
  1.1999997087E+01  9.9307068765E-06  9.9307E-06
  1.2999997087E+01  1.1654788109E-05  1.1655E-05
  1.3999997087E+01  1.3516795853E-05  1.3517E-05
  1.4999997087E+01  1.5516730109E-05  1.5517E-05
  1.5999997087E+01  1.7654590876E-05  1.7655E-05
  1.6999997087E+01  1.9930378155E-05  1.9930E-05
  1.7999997087E+01  2.2344091946E-05  2.2344E-05
  1.8999997087E+01  2.4895732249E-05  2.4896E-05
  1.9999997087E+01  2.7585299063E-05  2.7585E-05
  2.0999997087E+01  3.0412792389E-05  3.0413E-05
  2.1999997087E+01  3.3378212226E-05  3.3378E-05
  2.2999997087E+01  3.6481558576E-05  3.6482E-05
  2.3999997087E+01  3.9722831437E-05  3.9723E-05
  2.4999997087E+01  9.4188100851E-05  9.4188E-05
  2.5999997087E+01  1.4542648181E-04  1.4543E-04
  2.6999997087E+01  1.5268855110E-04  1.5269E-04
  2.7999997087E+01  1.1597430873E-04  1.1597E-04
  2.8999997087E+01  1.2281046591E-04  1.2281E-04
  2.9999997087E+01  1.3244321505E-04  1.3244E-04
  3.0999997087E+01  1.4236766822E-04  1.4237E-04
  3.1999997087E+01  1.5258382542E-04  1.5258E-04
  3.2999997087E+01  1.6309168665E-04  1.6309E-04
  3.3999997087E+01  1.7389125192E-04  1.7389E-04
  3.4999997087E+01  1.8498252122E-04  1.8498E-04
  3.5999997087E+01  1.9636549456E-04  1.9637E-04
  3.6999997087E+01  2.0804017192E-04  2.0804E-04
  3.7999997087E+01  2.2000655332E-04  2.2001E-04
  3.8999997087E+01  2.3226463875E-04  2.3226E-04
  3.9999997087E+01  2.4866790620E-04  2.4867E-04
  4.0999997087E+01  2.7453240939E-04  2.7453E-04
  4.1999997087E+01  2.9859961808E-04  2.9860E-04
  4.2999997087E+01  3.2086953227E-04  3.2087E-04
  4.3999997087E+01  3.4134215196E-04  3.4134E-04
  4.4999997087E+01  3.6001747715E-04  3.6002E-04
  4.5999997087E+01  3.8759404932E-04  3.8759E-04
  4.6999997087E+01  4.0010800904E-04  4.0011E-04
  4.7999997087E+01  4.1598723712E-04  4.1599E-04
  4.8999997087E+01  4.3555102188E-04  4.3555E-04
  4.9999997087E+01  4.5281492037E-04  4.5281E-04
  5.0999997087E+01  4.6777893261E-04  4.6778E-04
  5.1999997087E+01  4.8044305858E-04  4.8044E-04
  5.2999997087E+01  5.0027863047E-04  5.0028E-04
  5.3999997087E+01  5.2189933654E-04  5.2190E-04
  5.4999997087E+01  5.4431139766E-04  5.4431E-04
  5.5999997087E+01  5.6749358124E-04  5.6749E-04
  5.6999997087E+01  5.9126946898E-04  5.9127E-04
  5.7999997087E+01  6.1559962355E-04  6.1560E-04
  5.8999997087E+01  6.4048404496E-04  6.4048E-04
  5.9999997087E+01  6.6800188568E-04  6.6800E-04
  6.0999997087E+01  7.0146956631E-04  7.0147E-04
  6.1999997087E+01  7.3735147692E-04  7.3735E-04
  6.2999997087E+01  7.6711796643E-04  7.6712E-04
  6.3999997087E+01  7.9411962111E-04  7.9412E-04
  6.4999997087E+01  8.2112553693E-04  8.2113E-04
  6.5999997087E+01  8.4813571388E-04  8.4814E-04
  6.6999997087E+01  8.7374605750E-04  8.7375E-04
  6.7999997087E+01  8.9663377363E-04  8.9663E-04
  6.8999997087E+01  9.2127981264E-04  9.2128E-04
  6.9999997087E+01  9.5163725197E-04  9.5164E-04
  7.0999997087E+01  9.8487809602E-04  9.8488E-04
  7.1999997087E+01  1.0195654959E-03  1.0196E-03
  7.2999997087E+01  1.0551715207E-03  1.0552E-03
  7.3999997087E+01  1.0933924091E-03  1.0934E-03
  7.4999997087E+01  1.1324628466E-03  1.1325E-03
  7.5999997087E+01  1.1723678933E-03  1.1724E-03
  7.6999997087E+01  1.2118144882E-03  1.2118E-03
  7.7999997087E+01  1.2499705017E-03  1.2500E-03
  7.8999997087E+01  1.2868359338E-03  1.2868E-03
  7.9999997087E+01  1.3398653253E-03  1.3399E-03
  8.0999997087E+01  1.3807164020E-03  1.3807E-03
  8.1999997087E+01  1.4321399187E-03  1.4321E-03
  8.2999997087E+01  1.4797468254E-03  1.4797E-03
  8.3999997087E+01  1.5240121964E-03  1.5240E-03
  8.4999997087E+01  1.5683175164E-03  1.5683E-03
  8.5999997087E+01  1.6109485031E-03  1.6109E-03
  8.6999997087E+01  1.6534230895E-03  1.6534E-03
  8.7999997087E+01  1.6932864803E-03  1.6933E-03
  8.8999997087E+01  1.7381094280E-03  1.7381E-03
  8.9999997087E+01  1.7894268493E-03  1.7894E-03
  9.0999997087E+01  1.8432323371E-03  1.8432E-03
  9.1999997087E+01  1.8991557295E-03  1.8992E-03
  9.2999997087E+01  1.9563518735E-03  1.9564E-03
  9.3999997087E+01  2.0136321321E-03  2.0136E-03
  9.4999997087E+01  2.0712274874E-03  2.0712E-03
  9.5999997087E+01  2.1294412736E-03  2.1294E-03
  9.6999997087E+01  2.1953161546E-03  2.1953E-03
  9.7999997087E+01  2.2635675992E-03  2.2636E-03
  9.8999997087E+01  2.3296952686E-03  2.3297E-03
  9.9999997087E+01  2.3990493088E-03  2.3990E-03
  1.0099999709E+02  2.4823691947E-03  2.4824E-03
  1.0199999709E+02  2.5542551768E-03  2.5543E-03
  1.0299999709E+02  2.6250129868E-03  2.6250E-03
  1.0399999709E+02  2.6959232966E-03  2.6959E-03
  1.0499999709E+02  2.7672792361E-03  2.7673E-03
  1.0599999709E+02  2.8359452750E-03  2.8359E-03
  1.0699999709E+02  2.9167937911E-03  2.9168E-03
  1.0799999709E+02  3.0017030104E-03  3.0017E-03
  1.0899999709E+02  3.0907670687E-03  3.0908E-03
  1.0999999709E+02  3.1772119236E-03  3.1772E-03
  1.1099999709E+02  3.2654020367E-03  3.2654E-03
  1.1199999709E+02  3.3565272500E-03  3.3565E-03
  1.1299999709E+02  3.4577654060E-03  3.4578E-03
  1.1399999709E+02  3.5550901968E-03  3.5551E-03
  1.1499999709E+02  3.6548839648E-03  3.6549E-03
  1.1599999709E+02  3.7639512849E-03  3.7640E-03
  1.1699999709E+02  3.8918444268E-03  3.8918E-03
  1.1799999709E+02  4.0102942806E-03  4.0103E-03
  1.1899999709E+02  4.1266361604E-03  4.1266E-03
  1.1999999709E+02  4.2317547356E-03  4.2318E-03
  1.2099999709E+02  4.3661696970E-03  4.3662E-03
  1.2199999709E+02  4.5031591904E-03  4.5032E-03
  1.2299999709E+02  4.6343684550E-03  4.6344E-03
  1.2399999709E+02  4.7653247528E-03  4.7653E-03
  1.2499999709E+02  4.9009349249E-03  4.9009E-03
  1.2599999709E+02  5.0466019929E-03  5.0466E-03
  1.2699999709E+02  5.1930768080E-03  5.1931E-03
  1.2799999709E+02  5.3438359482E-03  5.3438E-03
  1.2899999709E+02  5.5125149774E-03  5.5125E-03
  1.2999999709E+02  5.7141043878E-03  5.7141E-03
  1.3099999709E+02  5.9190978337E-03  5.9191E-03
  1.3199999709E+02  6.0777704176E-03  6.0778E-03
  1.3299999709E+02  6.2900793880E-03  6.2901E-03
  1.3399999709E+02  6.4955664323E-03  6.4956E-03
  1.3499999709E+02  6.6989215332E-03  6.6989E-03
  1.3599999709E+02  6.9175454677E-03  6.9175E-03
  1.3699999709E+02  7.1424396288E-03  7.1424E-03
  1.3799999709E+02  7.3778595801E-03  7.3779E-03
  1.3899999709E+02  7.6407396923E-03  7.6407E-03
  1.3999999709E+02  8.0169101148E-03  8.0169E-03
  1.4099999709E+02  8.2637132576E-03  8.2637E-03
  1.4199999709E+02  8.5912076237E-03  8.5912E-03
  1.4299999709E+02  8.9278065407E-03  8.9278E-03
  1.4399999709E+02  9.2630324201E-03  9.2630E-03
  1.4499999709E+02  9.6159039959E-03  9.6159E-03
  1.4599999709E+02  1.0023521668E-02  1.0024E-02
  1.4699999709E+02  1.0608402934E-02  1.0608E-02
  1.4799999709E+02  1.1014365145E-02  1.1014E-02
  1.4899999709E+02  1.1560143165E-02  1.1560E-02
  1.4999999709E+02  1.2197967385E-02  1.2198E-02
  1.5099999709E+02  1.2991357424E-02  1.2991E-02
  1.5199999709E+02  1.4240690036E-02  1.4241E-02
  1.5299999709E+02  1.5704874340E-02  1.5705E-02
  1.5399999709E+02  1.6178962265E-02  1.6179E-02
  1.5499999709E+02  1.6971493743E-02  1.6971E-02
  1.5599999709E+02  1.7076149640E-02  1.7076E-02
  1.5699999709E+02  1.6724770687E-02  1.6725E-02
  1.5799999709E+02  1.6875427096E-02  1.6875E-02
  1.5899999709E+02  1.7116924693E-02  1.7117E-02
  1.5999999709E+02  1.7264931174E-02  1.7265E-02
  1.6099999709E+02  1.7361166449E-02  1.7361E-02
  1.6199999709E+02  1.7344868042E-02  1.7345E-02
  1.6299999709E+02  1.7403682551E-02  1.7404E-02
  1.6399999709E+02  1.7559908125E-02  1.7560E-02
  1.6499999709E+02  1.7661073784E-02  1.7661E-02
  1.6599999709E+02  1.7712712418E-02  1.7713E-02
  1.6699999709E+02  1.7718199265E-02  1.7718E-02
  1.6799999709E+02  1.7725207820E-02  1.7725E-02
  1.6899999709E+02  1.7769668832E-02  1.7770E-02
  1.6999999709E+02  1.7830093088E-02  1.7830E-02
  1.7099999709E+02  1.7940296892E-02  1.7940E-02
  1.7199999709E+02  1.8060486299E-02  1.8060E-02
  1.7299999709E+02  1.8171390714E-02  1.8171E-02
  1.7399999709E+02  1.8271273249E-02  1.8271E-02
  1.7499999709E+02  1.8279867141E-02  1.8280E-02
  1.7599999709E+02  1.8363990610E-02  1.8364E-02
  1.7699999709E+02  1.8384667931E-02  1.8385E-02
  1.7799999709E+02  1.8426998847E-02  1.8427E-02
  1.7899999709E+02  1.8496346231E-02  1.8496E-02
  1.7999999709E+02  1.8583445066E-02  1.8583E-02
  1.8099999709E+02  1.8672145038E-02  1.8672E-02
  1.8199999709E+02  1.8728623287E-02  1.8729E-02
  1.8299999709E+02  1.8763919413E-02  1.8764E-02
  1.8399999709E+02  1.8786801324E-02  1.8787E-02
  1.8499999709E+02  1.8824211482E-02  1.8824E-02
  1.8599999709E+02  1.8870221947E-02  1.8870E-02
  1.8699999709E+02  1.8963213093E-02  1.8963E-02
  1.8799999709E+02  1.9048267731E-02  1.9048E-02
  1.8899999709E+02  1.9117830153E-02  1.9118E-02
  1.8999999709E+02  1.9202517046E-02  1.9203E-02
  1.9099999709E+02  1.9262549081E-02  1.9263E-02
  1.9199999709E+02  1.9427409437E-02  1.9427E-02
  1.9299999709E+02  1.9391003877E-02  1.9391E-02
  1.9399999709E+02  1.9408891520E-02  1.9409E-02
  1.9499999709E+02  1.9510867449E-02  1.9511E-02
  1.9599999709E+02  1.9585378406E-02  1.9585E-02
  1.9699999709E+02  1.9710072983E-02  1.9710E-02
  1.9799999709E+02  1.9768178130E-02  1.9768E-02
  1.9899999709E+02  2.0014320472E-02  2.0014E-02
  1.9999999709E+02  1.9887165862E-02  1.9887E-02
  2.0099999709E+02  1.9924847734E-02  1.9925E-02
  2.0199999709E+02  2.0008485533E-02  2.0008E-02
  2.0299999709E+02  2.0065349036E-02  2.0065E-02
  2.0399999709E+02  2.0083226131E-02  2.0083E-02
  2.0499999709E+02  2.0519549115E-02  2.0520E-02
  2.0599999709E+02  2.0397770547E-02  2.0398E-02
  2.0699999709E+02  2.0475779491E-02  2.0476E-02
  2.0799999709E+02  2.0573700131E-02  2.0574E-02
  2.0899999709E+02  2.1291183488E-02  2.1291E-02
  2.0999999709E+02  2.1009593045E-02  2.1010E-02
  2.1099999709E+02  2.0989776786E-02  2.0990E-02
  2.1199999709E+02  2.0628361642E-02  2.0628E-02
  2.1299999709E+02  1.8512953949E-02  1.8513E-02
  2.1399999709E+02  1.7725709852E-02  1.7726E-02
  2.1499999709E+02  1.6739527002E-02  1.6740E-02
  2.1599999709E+02  1.6233851898E-02  1.6234E-02
  2.1699999709E+02  1.5497952850E-02  1.5498E-02
  2.1799999709E+02  1.4977845259E-02  1.4978E-02
  2.1899999709E+02  1.4574856029E-02  1.4575E-02
  2.1999999709E+02  1.4302479263E-02  1.4302E-02
  2.2099999709E+02  1.3856413043E-02  1.3856E-02
  2.2199999709E+02  1.3299828187E-02  1.3300E-02
  2.2299999709E+02  1.2842934441E-02  1.2843E-02
  2.2399999709E+02  1.2573129999E-02  1.2573E-02
  2.2499999709E+02  1.2307747734E-02  1.2308E-02
  2.2599999709E+02  1.1849062253E-02  1.1849E-02
  2.2699999709E+02  1.1473629047E-02  1.1474E-02
  2.2799999709E+02  1.0582506128E-02  1.0583E-02
  2.2899999709E+02  1.0240041988E-02  1.0240E-02
  2.2999999709E+02  1.0182762893E-02  1.0183E-02
  2.3099999709E+02  1.0176368976E-02  1.0176E-02
  2.3199999709E+02  1.0174621887E-02  1.0175E-02
  2.3299999709E+02  1.0164091579E-02  1.0164E-02
  2.3399999709E+02  1.0178340157E-02  1.0178E-02
  2.3499999709E+02  1.0176163420E-02  1.0176E-02
  2.3599999709E+02  1.0200740084E-02  1.0201E-02
  2.3699999709E+02  1.0248407700E-02  1.0248E-02
  2.3799999709E+02  1.0285079006E-02  1.0285E-02
  2.3899999709E+02  1.0287286146E-02  1.0287E-02
  2.3999999709E+02  1.0312848452E-02  1.0313E-02
  2.4099999709E+02  1.0332545390E-02  1.0333E-02
  2.4199999709E+02  1.0338584350E-02  1.0339E-02
  2.4299999709E+02  1.0342955923E-02  1.0343E-02
  2.4399999709E+02  1.0330066921E-02  1.0330E-02
  2.4499999709E+02  1.0308268923E-02  1.0308E-02
  2.4599999709E+02  1.0307299903E-02  1.0307E-02
  2.4699999709E+02  1.0298740391E-02  1.0299E-02
  2.4799999709E+02  1.0309277997E-02  1.0309E-02
  2.4899999709E+02  1.0319621162E-02  1.0320E-02
  2.4999999709E+02  1.0303478167E-02  1.0303E-02
  2.5099999709E+02  1.0300296227E-02  1.0300E-02
  2.5199999709E+02  1.0297097465E-02  1.0297E-02
  2.5299999709E+02  1.0293979306E-02  1.0294E-02
  2.5399999709E+02  1.0286213194E-02  1.0286E-02
  2.5499999709E+02  1.0262593843E-02  1.0263E-02
  2.5599999709E+02  1.0238810113E-02  1.0239E-02
  2.5699999709E+02  1.0248644755E-02  1.0249E-02
  2.5799999709E+02  1.0261694743E-02  1.0262E-02
  2.5899999709E+02  1.0243500939E-02  1.0244E-02
  2.5999999709E+02  1.0174012789E-02  1.0174E-02
  2.6099999709E+02  1.0100187875E-02  1.0100E-02
  2.6199999709E+02  1.0042244906E-02  1.0042E-02
  2.6299999709E+02  9.9821910634E-03  9.9822E-03
  2.6399999709E+02  9.9349846747E-03  9.9350E-03
  2.6499999709E+02  1.0011606742E-02  1.0012E-02
  2.6599999709E+02  9.8785664909E-03  9.8786E-03
  2.6699999709E+02  9.9276342354E-03  9.9276E-03
  2.6799999709E+02  9.8612026910E-03  9.8612E-03
  2.6899999709E+02  9.8963946751E-03  9.8964E-03
  2.6999999709E+02  9.7571606052E-03  9.7572E-03
  2.7099999709E+02  9.6586629215E-03  9.6587E-03
  2.7199999709E+02  9.5788308685E-03  9.5788E-03
  2.7299999709E+02  9.5245087386E-03  9.5245E-03
  2.7399999709E+02  9.3590663037E-03  9.3591E-03
  2.7499999709E+02  9.0570010404E-03  9.0570E-03
  2.7599999709E+02  8.2440712938E-03  8.2441E-03
  2.7699999709E+02  7.3824363822E-03  7.3824E-03
  2.7799999709E+02  6.6416304986E-03  6.6416E-03
  2.7899999709E+02  6.0458827733E-03  6.0459E-03
  2.7999999709E+02  5.7631587322E-03  5.7632E-03
  2.8099999709E+02  5.9117980119E-03  5.9118E-03
  2.8199999709E+02  6.1628521273E-03  6.1629E-03
  2.8299999709E+02  6.4774932597E-03  6.4775E-03
  2.8399999709E+02  6.8782845133E-03  6.8783E-03
  2.8499999709E+02  7.4914178116E-03  7.4914E-03
  2.8599999709E+02  8.2495457112E-03  8.2495E-03
  2.8699999709E+02  9.3196238675E-03  9.3196E-03
  2.8799999709E+02  1.1431124475E-02  1.1431E-02
  2.8899999709E+02  1.3056168511E-02  1.3056E-02
  2.8999999709E+02  1.4925754609E-02  1.4926E-02
  2.9099999709E+02  1.7079183897E-02  1.7079E-02
  2.9199999709E+02  1.9957312872E-02  1.9957E-02
  2.9299999709E+02  2.2824148244E-02  2.2824E-02
  2.9399999709E+02  2.4137059266E-02  2.4137E-02
  2.9499999709E+02  2.4894909476E-02  2.4895E-02
  2.9599999709E+02  2.4794460010E-02  2.4794E-02
  2.9699999709E+02  2.4864332632E-02  2.4864E-02
  2.9799999709E+02  2.5434711718E-02  2.5435E-02
  2.9899999709E+02  2.5936384807E-02  2.5936E-02
  2.9999999709E+02  2.6720444401E-02  2.6720E-02
  3.0099999709E+02  2.7347239839E-02  2.7347E-02
  3.0199999709E+02  2.7638427773E-02  2.7638E-02
  3.0299999709E+02  2.8508273800E-02  2.8508E-02
  3.0399999709E+02  2.8665800512E-02  2.8666E-02
  3.0499999709E+02  2.8464416140E-02  2.8464E-02
  3.0599999709E+02  2.5319141894E-02  2.5319E-02
  3.0699999709E+02  2.2221228282E-02  2.2221E-02
  3.0799999709E+02  2.0385846359E-02  2.0386E-02
  3.0899999709E+02  1.8927901477E-02  1.8928E-02
  3.0999999709E+02  1.7784199296E-02  1.7784E-02
  3.1099999709E+02  1.6652107421E-02  1.6652E-02
  3.1199999709E+02  1.5748203328E-02  1.5748E-02
  3.1299999709E+02  1.4995060120E-02  1.4995E-02
  3.1399999709E+02  1.4158219901E-02  1.4158E-02
  3.1499999709E+02  1.3349317893E-02  1.3349E-02
  3.1599999709E+02  1.2666299628E-02  1.2666E-02
  3.1699999709E+02  1.1948461392E-02  1.1948E-02
  3.1799999709E+02  1.1247586562E-02  1.1248E-02
  3.1899999709E+02  1.0611810734E-02  1.0612E-02
  3.1999999709E+02  9.8757226211E-03  9.8757E-03
  3.2099999709E+02  9.1479131960E-03  9.1479E-03
  3.2199999709E+02  8.6488368049E-03  8.6488E-03
  3.2299999709E+02  7.9168325558E-03  7.9168E-03
  3.2399999709E+02  7.1544429945E-03  7.1544E-03
  3.2499999709E+02  6.1095198813E-03  6.1095E-03
  3.2599999709E+02  5.4555387632E-03  5.4555E-03
  3.2699999709E+02  4.2228018015E-03  4.2228E-03
  3.2799999709E+02  3.0502936952E-03  3.0503E-03
  3.2899999709E+02  2.3017798347E-03  2.3018E-03
  3.2999999709E+02  1.5646008370E-03  1.5646E-03
  3.3099999709E+02  1.2820262586E-04  1.2820E-04
  3.3199999709E+02  0.0000000000E+00  0.0000E+00
