 # Frequency[cm^-1] DOS PDOS
 -2.9127447802E-06  0.0000000000E+00  0.0000E+00
  9.9999708726E-01  6.8381094295E-08  6.8381E-08
  1.9999970873E+00  2.7352470205E-07  2.7352E-07
  2.9999970873E+00  6.1543082328E-07  6.1543E-07
  3.9999970873E+00  1.0940994580E-06  1.0941E-06
  4.9999970873E+00  1.7095306061E-06  1.7095E-06
  5.9999970873E+00  2.4617242677E-06  2.4617E-06
  6.9999970873E+00  3.3506804428E-06  3.3507E-06
  7.9999970873E+00  4.3763991313E-06  4.3764E-06
  8.9999970873E+00  5.5388803333E-06  5.5389E-06
  9.9999970873E+00  6.8381240488E-06  6.8381E-06
  1.0999997087E+01  8.2741302777E-06  8.2741E-06
  1.1999997087E+01  9.8468990201E-06  9.8469E-06
  1.2999997087E+01  1.1556430276E-05  1.1556E-05
  1.3999997087E+01  1.3402724045E-05  1.3403E-05
  1.4999997087E+01  1.5385780328E-05  1.5386E-05
  1.5999997087E+01  1.7505599124E-05  1.7506E-05
  1.6999997087E+01  1.9762180434E-05  1.9762E-05
  1.7999997087E+01  2.2155524257E-05  2.2156E-05
  1.8999997087E+01  6.3462911312E-05  6.3463E-05
  1.9999997087E+01  8.7200357738E-05  8.7200E-05
  2.0999997087E+01  6.5753434815E-05  6.5753E-05
  2.1999997087E+01  6.9818450900E-05  6.9818E-05
  2.2999997087E+01  7.6982438122E-05  7.6982E-05
  2.3999997087E+01  8.4427730393E-05  8.4428E-05
  2.4999997087E+01  9.2154327712E-05  9.2154E-05
  2.5999997087E+01  1.0016223008E-04  1.0016E-04
  2.6999997087E+01  1.0845143749E-04  1.0845E-04
  2.7999997087E+01  1.1702194996E-04  1.1702E-04
  2.8999997087E+01  1.2587376747E-04  1.2587E-04
  2.9999997087E+01  1.3620026935E-04  1.3620E-04
  3.0999997087E+01  1.5479539600E-04  1.5480E-04
  3.1999997087E+01  1.7157206715E-04  1.7157E-04
  3.2999997087E+01  1.8653028279E-04  1.8653E-04
  3.3999997087E+01  2.0087229765E-04  2.0087E-04
  3.4999997087E+01  2.1865611341E-04  2.1866E-04
  3.5999997087E+01  2.2671883072E-04  2.2672E-04
  3.6999997087E+01  2.4002041137E-04  2.4002E-04
  3.7999997087E+01  2.5154245018E-04  2.5154E-04
  3.8999997087E+01  2.6083798629E-04  2.6084E-04
  3.9999997087E+01  2.7421428751E-04  2.7421E-04
  4.0999997087E+01  2.8966932240E-04  2.8967E-04
  4.1999997087E+01  3.0586869686E-04  3.0587E-04
  4.2999997087E+01  3.2266425044E-04  3.2266E-04
  4.3999997087E+01  3.3995410653E-04  3.3995E-04
  4.4999997087E+01  3.5773826512E-04  3.5774E-04
  4.5999997087E+01  3.7950883064E-04  3.7951E-04
  4.6999997087E+01  4.0333849173E-04  4.0334E-04
  4.7999997087E+01  4.2167378601E-04  4.2167E-04
  4.8999997087E+01  4.3970590707E-04  4.3971E-04
  4.9999997087E+01  4.5758360809E-04  4.5758E-04
  5.0999997087E+01  4.7483755227E-04  4.7484E-04
  5.1999997087E+01  4.9039944747E-04  4.9040E-04
  5.2999997087E+01  5.0898178941E-04  5.0898E-04
  5.3999997087E+01  5.3112354623E-04  5.3112E-04
  5.4999997087E+01  5.5459827635E-04  5.5460E-04
  5.5999997087E+01  5.8014409696E-04  5.8014E-04
  5.6999997087E+01  6.0641544087E-04  6.0642E-04
  5.7999997087E+01  6.3338932675E-04  6.3339E-04
  5.8999997087E+01  6.6057212893E-04  6.6057E-04
  5.9999997087E+01  6.8623736308E-04  6.8624E-04
  6.0999997087E+01  7.0959447569E-04  7.0959E-04
  6.1999997087E+01  7.3754114762E-04  7.3754E-04
  6.2999997087E+01  7.7090564081E-04  7.7091E-04
  6.3999997087E+01  7.9816396211E-04  7.9816E-04
  6.4999997087E+01  8.2458203230E-04  8.2458E-04
  6.5999997087E+01  8.5061195484E-04  8.5061E-04
  6.6999997087E+01  8.7648225343E-04  8.7648E-04
  6.7999997087E+01  9.0310698912E-04  9.0311E-04
  6.8999997087E+01  9.3313184379E-04  9.3313E-04
  6.9999997087E+01  9.6651968440E-04  9.6652E-04
  7.0999997087E+01  1.0018151727E-03  1.0018E-03
  7.1999997087E+01  1.0386592590E-03  1.0387E-03
  7.2999997087E+01  1.0747666618E-03  1.0748E-03
  7.3999997087E+01  1.1108346941E-03  1.1108E-03
  7.4999997087E+01  1.1468626430E-03  1.1469E-03
  7.5999997087E+01  1.1844333208E-03  1.1844E-03
  7.6999997087E+01  1.2212209034E-03  1.2212E-03
  7.7999997087E+01  1.2653666202E-03  1.2654E-03
  7.8999997087E+01  1.3044906062E-03  1.3045E-03
  7.9999997087E+01  1.3438603594E-03  1.3439E-03
  8.0999997087E+01  1.3828100748E-03  1.3828E-03
  8.1999997087E+01  1.4224831147E-03  1.4225E-03
  8.2999997087E+01  1.4634507443E-03  1.4635E-03
  8.3999997087E+01  1.5082212236E-03  1.5082E-03
  8.4999997087E+01  1.5575289903E-03  1.5575E-03
  8.5999997087E+01  1.6077077704E-03  1.6077E-03
  8.6999997087E+01  1.6566658774E-03  1.6567E-03
  8.7999997087E+01  1.7061244764E-03  1.7061E-03
  8.8999997087E+01  1.7560091826E-03  1.7560E-03
  8.9999997087E+01  1.8120258841E-03  1.8120E-03
  9.0999997087E+01  1.8656045370E-03  1.8656E-03
  9.1999997087E+01  1.9229377929E-03  1.9229E-03
  9.2999997087E+01  1.9782779678E-03  1.9783E-03
  9.3999997087E+01  2.0335729954E-03  2.0336E-03
  9.4999997087E+01  2.0886931887E-03  2.0887E-03
  9.5999997087E+01  2.1463926150E-03  2.1464E-03
  9.6999997087E+01  2.2045252486E-03  2.2045E-03
  9.7999997087E+01  2.2690116443E-03  2.2690E-03
  9.8999997087E+01  2.3357654842E-03  2.3358E-03
  9.9999997087E+01  2.4028499443E-03  2.4028E-03
  1.0099999709E+02  2.4708663740E-03  2.4709E-03
  1.0199999709E+02  2.5416005216E-03  2.5416E-03
  1.0299999709E+02  2.6185306149E-03  2.6185E-03
  1.0399999709E+02  2.6953059474E-03  2.6953E-03
  1.0499999709E+02  2.7740151521E-03  2.7740E-03
  1.0599999709E+02  2.8576527625E-03  2.8577E-03
  1.0699999709E+02  2.9370497042E-03  2.9370E-03
  1.0799999709E+02  3.0211602425E-03  3.0212E-03
  1.0899999709E+02  3.1032968002E-03  3.1033E-03
  1.0999999709E+02  3.1917819268E-03  3.1918E-03
  1.1099999709E+02  3.2819274116E-03  3.2819E-03
  1.1199999709E+02  3.3723082014E-03  3.3723E-03
  1.1299999709E+02  3.4656562934E-03  3.4657E-03
  1.1399999709E+02  3.5669602159E-03  3.5670E-03
  1.1499999709E+02  3.6693161489E-03  3.6693E-03
  1.1599999709E+02  3.7742090347E-03  3.7742E-03
  1.1699999709E+02  3.8965273986E-03  3.8965E-03
  1.1799999709E+02  4.0112855732E-03  4.0113E-03
  1.1899999709E+02  4.1299214953E-03  4.1299E-03
  1.1999999709E+02  4.2489696277E-03  4.2490E-03
  1.2099999709E+02  4.3755229425E-03  4.3755E-03
  1.2199999709E+02  4.5015833957E-03  4.5016E-03
  1.2299999709E+02  4.6291737514E-03  4.6292E-03
  1.2399999709E+02  4.7641641151E-03  4.7642E-03
  1.2499999709E+02  4.9029922541E-03  4.9030E-03
  1.2599999709E+02  5.0601332308E-03  5.0601E-03
  1.2699999709E+02  5.2347520212E-03  5.2348E-03
  1.2799999709E+02  5.3973282112E-03  5.3973E-03
  1.2899999709E+02  5.5600187823E-03  5.5600E-03
  1.2999999709E+02  5.7309974908E-03  5.7310E-03
  1.3099999709E+02  5.9039248307E-03  5.9039E-03
  1.3199999709E+02  6.0851403965E-03  6.0851E-03
  1.3299999709E+02  6.2769022445E-03  6.2769E-03
  1.3399999709E+02  6.4930208300E-03  6.4930E-03
  1.3499999709E+02  6.7541543567E-03  6.7542E-03
  1.3599999709E+02  6.9760316962E-03  6.9760E-03
  1.3699999709E+02  7.2125117080E-03  7.2125E-03
  1.3799999709E+02  7.4464607074E-03  7.4465E-03
  1.3899999709E+02  7.6940240548E-03  7.6940E-03
  1.3999999709E+02  7.9567004977E-03  7.9567E-03
  1.4099999709E+02  8.3104409056E-03  8.3104E-03
  1.4199999709E+02  8.6295018566E-03  8.6295E-03
  1.4299999709E+02  8.9592142595E-03  8.9592E-03
  1.4399999709E+02  9.2934756718E-03  9.2935E-03
  1.4499999709E+02  9.6569334395E-03  9.6569E-03
  1.4599999709E+02  1.0162146999E-02  1.0162E-02
  1.4699999709E+02  1.0588099843E-02  1.0588E-02
  1.4799999709E+02  1.1081553619E-02  1.1082E-02
  1.4899999709E+02  1.1663902546E-02  1.1664E-02
  1.4999999709E+02  1.2382912430E-02  1.2383E-02
  1.5099999709E+02  1.3172100567E-02  1.3172E-02
  1.5199999709E+02  1.4299874029E-02  1.4300E-02
  1.5299999709E+02  1.6557020575E-02  1.6557E-02
  1.5399999709E+02  1.6663983096E-02  1.6664E-02
  1.5499999709E+02  1.6561009688E-02  1.6561E-02
  1.5599999709E+02  1.6756700955E-02  1.6757E-02
  1.5699999709E+02  1.6924728263E-02  1.6925E-02
  1.5799999709E+02  1.6949473234E-02  1.6949E-02
  1.5899999709E+02  1.7063857532E-02  1.7064E-02
  1.5999999709E+02  1.7170275440E-02  1.7170E-02
  1.6099999709E+02  1.7182150655E-02  1.7182E-02
  1.6199999709E+02  1.7205733375E-02  1.7206E-02
  1.6299999709E+02  1.7306268782E-02  1.7306E-02
  1.6399999709E+02  1.7461624379E-02  1.7462E-02
  1.6499999709E+02  1.7565470322E-02  1.7565E-02
  1.6599999709E+02  1.7586615277E-02  1.7587E-02
  1.6699999709E+02  1.7668354334E-02  1.7668E-02
  1.6799999709E+02  1.7692293265E-02  1.7692E-02
  1.6899999709E+02  1.7772203277E-02  1.7772E-02
  1.6999999709E+02  1.7863327018E-02  1.7863E-02
  1.7099999709E+02  1.7902130192E-02  1.7902E-02
  1.7199999709E+02  1.7933242599E-02  1.7933E-02
  1.7299999709E+02  1.8030275825E-02  1.8030E-02
  1.7399999709E+02  1.8100621616E-02  1.8101E-02
  1.7499999709E+02  1.8194297736E-02  1.8194E-02
  1.7599999709E+02  1.8291522412E-02  1.8292E-02
  1.7699999709E+02  1.8345538660E-02  1.8346E-02
  1.7799999709E+02  1.8350445898E-02  1.8350E-02
  1.7899999709E+02  1.8414294251E-02  1.8414E-02
  1.7999999709E+02  1.8469327495E-02  1.8469E-02
  1.8099999709E+02  1.8552163157E-02  1.8552E-02
  1.8199999709E+02  1.8646225469E-02  1.8646E-02
  1.8299999709E+02  1.8696641139E-02  1.8697E-02
  1.8399999709E+02  1.8704736956E-02  1.8705E-02
  1.8499999709E+02  1.8771228377E-02  1.8771E-02
  1.8599999709E+02  1.8823421942E-02  1.8823E-02
  1.8699999709E+02  1.8922581907E-02  1.8923E-02
  1.8799999709E+02  1.9014673706E-02  1.9015E-02
  1.8899999709E+02  1.9074912269E-02  1.9075E-02
  1.8999999709E+02  1.9125115796E-02  1.9125E-02
  1.9099999709E+02  1.9181617121E-02  1.9182E-02
  1.9199999709E+02  1.9209682367E-02  1.9210E-02
  1.9299999709E+02  1.9295655084E-02  1.9296E-02
  1.9399999709E+02  1.9394236671E-02  1.9394E-02
  1.9499999709E+02  1.9478230788E-02  1.9478E-02
  1.9599999709E+02  1.9567494221E-02  1.9567E-02
  1.9699999709E+02  1.9533304948E-02  1.9533E-02
  1.9799999709E+02  1.9634497662E-02  1.9634E-02
  1.9899999709E+02  1.9717982393E-02  1.9718E-02
  1.9999999709E+02  1.9799888981E-02  1.9800E-02
  2.0099999709E+02  1.9954945515E-02  1.9955E-02
  2.0199999709E+02  1.9954263251E-02  1.9954E-02
  2.0299999709E+02  2.0068788964E-02  2.0069E-02
  2.0399999709E+02  2.0202558638E-02  2.0203E-02
  2.0499999709E+02  2.0399195657E-02  2.0399E-02
  2.0599999709E+02  2.0315741231E-02  2.0316E-02
  2.0699999709E+02  2.0384445006E-02  2.0384E-02
  2.0799999709E+02  2.0655850158E-02  2.0656E-02
  2.0899999709E+02  2.0667401694E-02  2.0667E-02
  2.0999999709E+02  2.0765463015E-02  2.0765E-02
  2.1099999709E+02  2.1002294677E-02  2.1002E-02
  2.1199999709E+02  2.0665063255E-02  2.0665E-02
  2.1299999709E+02  1.8631472965E-02  1.8631E-02
  2.1399999709E+02  1.7485416231E-02  1.7485E-02
  2.1499999709E+02  1.6694581359E-02  1.6695E-02
  2.1599999709E+02  1.6171575123E-02  1.6172E-02
  2.1699999709E+02  1.5609693131E-02  1.5610E-02
  2.1799999709E+02  1.5093873636E-02  1.5094E-02
  2.1899999709E+02  1.4650960006E-02  1.4651E-02
  2.1999999709E+02  1.4164853839E-02  1.4165E-02
  2.2099999709E+02  1.3932241309E-02  1.3932E-02
  2.2199999709E+02  1.3406302694E-02  1.3406E-02
  2.2299999709E+02  1.3027826273E-02  1.3028E-02
  2.2399999709E+02  1.2822788738E-02  1.2823E-02
  2.2499999709E+02  1.2318515757E-02  1.2319E-02
  2.2599999709E+02  1.1892410722E-02  1.1892E-02
  2.2699999709E+02  1.1623033193E-02  1.1623E-02
  2.2799999709E+02  1.1106957908E-02  1.1107E-02
  2.2899999709E+02  1.0214098241E-02  1.0214E-02
  2.2999999709E+02  1.0083693141E-02  1.0084E-02
  2.3099999709E+02  1.0097293940E-02  1.0097E-02
  2.3199999709E+02  1.0114104138E-02  1.0114E-02
  2.3299999709E+02  1.0134530319E-02  1.0135E-02
  2.3399999709E+02  1.0144590881E-02  1.0145E-02
  2.3499999709E+02  1.0169445043E-02  1.0169E-02
  2.3599999709E+02  1.0187508257E-02  1.0188E-02
  2.3699999709E+02  1.0213613408E-02  1.0214E-02
  2.3799999709E+02  1.0237241160E-02  1.0237E-02
  2.3899999709E+02  1.0233907963E-02  1.0234E-02
  2.3999999709E+02  1.0228018038E-02  1.0228E-02
  2.4099999709E+02  1.0226414936E-02  1.0226E-02
  2.4199999709E+02  1.0238325608E-02  1.0238E-02
  2.4299999709E+02  1.0265182535E-02  1.0265E-02
  2.4399999709E+02  1.0263343183E-02  1.0263E-02
  2.4499999709E+02  1.0256991466E-02  1.0257E-02
  2.4599999709E+02  1.0252181422E-02  1.0252E-02
  2.4699999709E+02  1.0263961702E-02  1.0264E-02
  2.4799999709E+02  1.0281442538E-02  1.0281E-02
  2.4899999709E+02  1.0272917340E-02  1.0273E-02
  2.4999999709E+02  1.0257281899E-02  1.0257E-02
  2.5099999709E+02  1.0250284651E-02  1.0250E-02
  2.5199999709E+02  1.0261039676E-02  1.0261E-02
  2.5299999709E+02  1.0252779097E-02  1.0253E-02
  2.5399999709E+02  1.0229951765E-02  1.0230E-02
  2.5499999709E+02  1.0200625377E-02  1.0201E-02
  2.5599999709E+02  1.0166175727E-02  1.0166E-02
  2.5699999709E+02  1.0152085893E-02  1.0152E-02
  2.5799999709E+02  1.0166841176E-02  1.0167E-02
  2.5899999709E+02  1.0144939735E-02  1.0145E-02
  2.5999999709E+02  1.0089787813E-02  1.0090E-02
  2.6099999709E+02  1.0067863026E-02  1.0068E-02
  2.6199999709E+02  1.0060630378E-02  1.0061E-02
  2.6299999709E+02  9.9742529976E-03  9.9743E-03
  2.6399999709E+02  9.8942582224E-03  9.8943E-03
  2.6499999709E+02  9.8198605102E-03  9.8199E-03
  2.6599999709E+02  9.8437960350E-03  9.8438E-03
  2.6699999709E+02  9.8257065290E-03  9.8257E-03
  2.6799999709E+02  9.7014469875E-03  9.7014E-03
  2.6899999709E+02  9.5797765994E-03  9.5798E-03
  2.6999999709E+02  9.5582138255E-03  9.5582E-03
  2.7099999709E+02  9.4081941183E-03  9.4082E-03
  2.7199999709E+02  9.3486613929E-03  9.3487E-03
  2.7299999709E+02  9.3588770507E-03  9.3589E-03
  2.7399999709E+02  9.1624697318E-03  9.1625E-03
  2.7499999709E+02  9.0568768728E-03  9.0569E-03
  2.7599999709E+02  8.9453386571E-03  8.9453E-03
  2.7699999709E+02  8.6621749745E-03  8.6622E-03
  2.7799999709E+02  7.4654092090E-03  7.4654E-03
  2.7899999709E+02  6.5790140429E-03  6.5790E-03
  2.7999999709E+02  6.2103939392E-03  6.2104E-03
  2.8099999709E+02  6.1274920498E-03  6.1275E-03
  2.8199999709E+02  6.2599443627E-03  6.2599E-03
  2.8299999709E+02  6.5206793987E-03  6.5207E-03
  2.8399999709E+02  6.9883599393E-03  6.9884E-03
  2.8499999709E+02  7.7632868308E-03  7.7633E-03
  2.8599999709E+02  9.2098971560E-03  9.2099E-03
  2.8699999709E+02  1.0487628536E-02  1.0488E-02
  2.8799999709E+02  1.1623178778E-02  1.1623E-02
  2.8899999709E+02  1.3347264840E-02  1.3347E-02
  2.8999999709E+02  1.5182332788E-02  1.5182E-02
  2.9099999709E+02  1.6893592515E-02  1.6894E-02
  2.9199999709E+02  1.9589985375E-02  1.9590E-02
  2.9299999709E+02  2.3091408503E-02  2.3091E-02
  2.9399999709E+02  2.3419856000E-02  2.3420E-02
  2.9499999709E+02  2.3663710070E-02  2.3664E-02
  2.9599999709E+02  2.4033762126E-02  2.4034E-02
  2.9699999709E+02  2.4347794509E-02  2.4348E-02
  2.9799999709E+02  2.4850511157E-02  2.4851E-02
  2.9899999709E+02  2.5686385643E-02  2.5686E-02
  2.9999999709E+02  2.6108030251E-02  2.6108E-02
  3.0099999709E+02  2.6634409780E-02  2.6634E-02
  3.0199999709E+02  2.7308176927E-02  2.7308E-02
  3.0299999709E+02  2.8012403263E-02  2.8012E-02
  3.0399999709E+02  2.8648910860E-02  2.8649E-02
  3.0499999709E+02  2.8883042154E-02  2.8883E-02
  3.0599999709E+02  2.4506264872E-02  2.4506E-02
  3.0699999709E+02  2.1981324283E-02  2.1981E-02
  3.0799999709E+02  2.0252191081E-02  2.0252E-02
  3.0899999709E+02  1.8942628203E-02  1.8943E-02
  3.0999999709E+02  1.7678552582E-02  1.7679E-02
  3.1099999709E+02  1.6722262581E-02  1.6722E-02
  3.1199999709E+02  1.5809374686E-02  1.5809E-02
  3.1299999709E+02  1.4965109074E-02  1.4965E-02
  3.1399999709E+02  1.4208967950E-02  1.4209E-02
  3.1499999709E+02  1.3389486917E-02  1.3389E-02
  3.1599999709E+02  1.2744056892E-02  1.2744E-02
  3.1699999709E+02  1.2046856782E-02  1.2047E-02
  3.1799999709E+02  1.1378597561E-02  1.1379E-02
  3.1899999709E+02  1.0719412810E-02  1.0719E-02
  3.1999999709E+02  1.0043792012E-02  1.0044E-02
  3.2099999709E+02  9.3617753948E-03  9.3618E-03
  3.2199999709E+02  8.6706912942E-03  8.6707E-03
  3.2299999709E+02  8.1599298376E-03  8.1599E-03
  3.2399999709E+02  7.2982575713E-03  7.2983E-03
  3.2499999709E+02  6.4313870890E-03  6.4314E-03
  3.2599999709E+02  5.9070857250E-03  5.9071E-03
  3.2699999709E+02  4.6351328264E-03  4.6351E-03
  3.2799999709E+02  3.2461267852E-03  3.2461E-03
  3.2899999709E+02  2.7358246324E-03  2.7358E-03
  3.2999999709E+02  1.7606269293E-03  1.7606E-03
  3.3099999709E+02  3.0203850392E-04  3.0204E-04
  3.3199999709E+02  0.0000000000E+00  0.0000E+00
