              w [eV]            znorm(w)       delta(w) [eV]
    3.9254618761E-04    1.3413889366E+00    3.1887253157E-05
    1.1776385628E-03    1.3411813046E+00    3.1833635005E-05
    1.9627309381E-03    1.3407677746E+00    3.1726964694E-05
    2.7478233133E-03    1.3401517535E+00    3.1568351089E-05
    3.5329156885E-03    1.3393382028E+00    3.1359401980E-05
    4.3180080637E-03    1.3383334749E+00    3.1102163496E-05
    5.1031004390E-03    1.3371451168E+00    3.0799048221E-05
    5.8881928142E-03    1.3357816539E+00    3.0452757707E-05
    6.6732851894E-03    1.3342523697E+00    3.0066204645E-05
    7.4583775647E-03    1.3325670909E+00    2.9642439014E-05
    8.2434699399E-03    1.3307359880E+00    2.9184581312E-05
    9.0285623151E-03    1.3287693970E+00    2.8695764693E-05
    9.8136546903E-03    1.3266776650E+00    2.8179086791E-05
    1.0598747066E-02    1.3244710212E+00    2.7637571093E-05
    1.1383839441E-02    1.3221594721E+00    2.7074137220E-05
    1.2168931816E-02    1.3197527191E+00    2.6491579064E-05
    1.2954024191E-02    1.3172600970E+00    2.5892549658E-05
    1.3739116566E-02    1.3146905287E+00    2.5279551595E-05
    1.4524208942E-02    1.3120524952E+00    2.4654931926E-05
    1.5309301317E-02    1.3093540177E+00    2.4020880572E-05
    1.6094393692E-02    1.3066026493E+00    2.3379431456E-05
    1.6879486067E-02    1.3038054742E+00    2.2732465648E-05
    1.7664578443E-02    1.3009691134E+00    2.2081716018E-05
    1.8449670818E-02    1.2980997351E+00    2.1428772917E-05
    1.9234763193E-02    1.2952030677E+00    2.0775090590E-05
    2.0019855568E-02    1.2922844163E+00    2.0121994015E-05
    2.0804947944E-02    1.2893486805E+00    1.9470685994E-05
    2.1590040319E-02    1.2864003730E+00    1.8822254320E-05
    2.2375132694E-02    1.2834436394E+00    1.8177678920E-05
    2.3160225069E-02    1.2804822778E+00    1.7537838870E-05
    2.3945317444E-02    1.2775197585E+00    1.6903519228E-05
    2.4730409820E-02    1.2745592436E+00    1.6275417644E-05
    2.5515502195E-02    1.2716036054E+00    1.5654150696E-05
    2.6300594570E-02    1.2686554456E+00    1.5040259953E-05
    2.7085686945E-02    1.2657171122E+00    1.4434217730E-05
    2.7870779321E-02    1.2627907168E+00    1.3836432553E-05
    2.8655871696E-02    1.2598781510E+00    1.3247254305E-05
    2.9440964071E-02    1.2569811013E+00    1.2666979079E-05
    3.0226056446E-02    1.2541010639E+00    1.2095853734E-05
    3.1011148821E-02    1.2512393585E+00    1.1534080150E-05
    3.1796241197E-02    1.2483971414E+00    1.0981819218E-05
    3.2581333572E-02    1.2455754173E+00    1.0439194547E-05
    3.3366425947E-02    1.2427750510E+00    9.9062959221E-06
    3.4151518322E-02    1.2399967782E+00    9.3831825079E-06
    3.4936610698E-02    1.2372412152E+00    8.8698858228E-06
    3.5721703073E-02    1.2345088688E+00    8.3664124887E-06
    3.6506795448E-02    1.2318001442E+00    7.8727467722E-06
    3.7291887823E-02    1.2291153540E+00    7.3888529277E-06
    3.8076980199E-02    1.2264547251E+00    6.9146773549E-06
    3.8862072574E-02    1.2238184058E+00    6.4501505835E-06
    3.9647164949E-02    1.2212064726E+00    5.9951890941E-06
    4.0432257324E-02    1.2186189359E+00    5.5496969883E-06
    4.1217349699E-02    1.2160557457E+00    5.1135675173E-06
    4.2002442075E-02    1.2135167968E+00    4.6866844791E-06
    4.2787534450E-02    1.2110019331E+00    4.2689234936E-06
    4.3572626825E-02    1.2085109527E+00    3.8601531650E-06
    4.4357719200E-02    1.2060436114E+00    3.4602361391E-06
    4.5142811576E-02    1.2035996265E+00    3.0690300645E-06
    4.5927903951E-02    1.2011786805E+00    2.6863884637E-06
    4.6712996326E-02    1.1987804238E+00    2.3121615227E-06
    4.7498088701E-02    1.1964044779E+00    1.9461968044E-06
    4.8283181076E-02    1.1940504380E+00    1.5883398921E-06
    4.9068273452E-02    1.1917178755E+00    1.2384349696E-06
    4.9853365827E-02    1.1894063400E+00    8.9632534175E-07
    5.0638458202E-02    1.1871153615E+00    5.6185390166E-07
    5.1423550577E-02    1.1848444523E+00    2.3486354844E-07
    5.2208642953E-02    1.1825931089E+00   -8.4802440267E-08
    5.2993735328E-02    1.1803608130E+00   -3.9730007698E-07
    5.3778827703E-02    1.1781470337E+00   -7.0278437065E-07
    5.4563920078E-02    1.1759512285E+00   -1.0014090674E-06
    5.5349012453E-02    1.1737728443E+00   -1.2933264222E-06
    5.6134104829E-02    1.1716113191E+00   -1.5786869998E-06
    5.6919197204E-02    1.1694660827E+00   -1.8576395002E-06
    5.7704289579E-02    1.1673365577E+00   -2.1303306093E-06
    5.8489381954E-02    1.1652221607E+00   -2.3969048690E-06
    5.9274474330E-02    1.1631223031E+00   -2.6575045683E-06
    6.0059566705E-02    1.1610363918E+00   -2.9122696506E-06
    6.0844659080E-02    1.1589638302E+00   -3.1613376372E-06
    6.1629751455E-02    1.1569040192E+00   -3.4048435651E-06
    6.2414843831E-02    1.1548563578E+00   -3.6429199377E-06
    6.3199936206E-02    1.1528202438E+00   -3.8756966860E-06
    6.3985028581E-02    1.1507950749E+00   -4.1033011417E-06
    6.4770120956E-02    1.1487802496E+00   -4.3258580180E-06
    6.5555213331E-02    1.1467751679E+00   -4.5434893994E-06
    6.6340305707E-02    1.1447792324E+00   -4.7563147391E-06
    6.7125398082E-02    1.1427918493E+00   -4.9644508616E-06
    6.7910490457E-02    1.1408124293E+00   -5.1680119726E-06
    6.8695582832E-02    1.1388403891E+00   -5.3671096730E-06
    6.9480675208E-02    1.1368751526E+00   -5.5618529776E-06
    7.0265767583E-02    1.1349161518E+00   -5.7523483376E-06
    7.1050859958E-02    1.1329628292E+00   -5.9386996665E-06
    7.1835952333E-02    1.1310146387E+00   -6.1210083692E-06
    7.2621044708E-02    1.1290710476E+00   -6.2993733727E-06
    7.3406137084E-02    1.1271315389E+00   -6.4738911602E-06
    7.4191229459E-02    1.1251956129E+00   -6.6446558057E-06
    7.4976321834E-02    1.1232627901E+00   -6.8117590111E-06
    7.5761414209E-02    1.1213326137E+00   -6.9752901436E-06
    7.6546506585E-02    1.1194046521E+00   -7.1353362746E-06
    7.7331598960E-02    1.1174785025E+00   -7.2919822194E-06
    7.8116691335E-02    1.1155537939E+00   -7.4453105769E-06
    7.8901783710E-02    1.1136301910E+00   -7.5954017705E-06
    7.9686876086E-02    1.1117073980E+00   -7.7423340882E-06
    8.0471968461E-02    1.1097851632E+00   -7.8861837241E-06
    8.1257060836E-02    1.1078632834E+00   -8.0270248190E-06
    8.2042153211E-02    1.1059416092E+00   -8.1649295012E-06
    8.2827245586E-02    1.1040200500E+00   -8.2999679276E-06
    8.3612337962E-02    1.1020985802E+00   -8.4322083245E-06
    8.4397430337E-02    1.1001772449E+00   -8.5617170282E-06
    8.5182522712E-02    1.0982561664E+00   -8.6885585255E-06
    8.5967615087E-02    1.0963355512E+00   -8.8127954947E-06
    8.6752707463E-02    1.0944156965E+00   -8.9344888461E-06
    8.7537799838E-02    1.0924969977E+00   -9.0536977629E-06
    8.8322892213E-02    1.0905799551E+00   -9.1704797421E-06
    8.9107984588E-02    1.0886651812E+00   -9.2848906361E-06
    8.9893076963E-02    1.0867534073E+00   -9.3969846948E-06
    9.0678169339E-02    1.0848454891E+00   -9.5068146077E-06
    9.1463261714E-02    1.0829424123E+00   -9.6144315483E-06
    9.2248354089E-02    1.0810452956E+00   -9.7198852181E-06
    9.3033446464E-02    1.0791553923E+00   -9.8232238928E-06
    9.3818538840E-02    1.0772740897E+00   -9.9244944698E-06
    9.4603631215E-02    1.0754029045E+00   -1.0023742517E-05
    9.5388723590E-02    1.0735434755E+00   -1.0121012326E-05
    9.6173815965E-02    1.0716975509E+00   -1.0216346959E-05
    9.6958908341E-02    1.0698669723E+00   -1.0309788312E-05
    9.7744000716E-02    1.0680536531E+00   -1.0401377162E-05
    9.8529093091E-02    1.0662595533E+00   -1.0491153231E-05
    9.9314185466E-02    1.0644866503E+00   -1.0579155237E-05
