  4.000000000000000E-002  0.615541141275436        2.65008083840365     
   4   4   4
   1   1   1   1
   1   1   1   8.48496706250E-02
   2   1   1  -1.32276206250E-02
   3   1   1  -9.86078750000E-04
   4   1   1  -1.32276206250E-02
   1   2   1   8.73663250000E-03
   2   2   1   1.09940375000E-03
   3   2   1  -2.54632750000E-03
   4   2   1  -1.32276206250E-02
   1   3   1  -2.27461562500E-03
   2   3   1   1.09940375000E-03
   3   3   1  -9.86078750000E-04
   4   3   1   1.09940375000E-03
   1   4   1   8.73663250000E-03
   2   4   1  -1.32276206250E-02
   3   4   1  -2.54632750000E-03
   4   4   1   1.09940375000E-03
   1   1   2  -1.32276206250E-02
   2   1   2  -2.54632750000E-03
   3   1   2   1.09940375000E-03
   4   1   2   8.73663250000E-03
   1   2   2   1.09940375000E-03
   2   2   2  -2.44516437500E-03
   3   2   2   1.09940375000E-03
   4   2   2   9.50057500000E-04
   1   3   2   1.09940375000E-03
   2   3   2  -2.54632750000E-03
   3   3   2   8.32029375000E-04
   4   3   2   1.29177500000E-04
   1   4   2  -1.32276206250E-02
   2   4   2  -3.47661812500E-03
   3   4   2   8.32029375000E-04
   4   4   2   9.50057500000E-04
   1   1   3  -9.86078750000E-04
   2   1   3   1.09940375000E-03
   3   1   3  -2.27461562500E-03
   4   1   3   1.09940375000E-03
   1   2   3  -2.54632750000E-03
   2   2   3   1.09940375000E-03
   3   2   3   1.29177500000E-04
   4   2   3   8.32029375000E-04
   1   3   3  -9.86078750000E-04
   2   3   3   8.32029375000E-04
   3   3   3   7.58906250000E-05
   4   3   3   8.32029375000E-04
   1   4   3  -2.54632750000E-03
   2   4   3   8.32029375000E-04
   3   4   3   1.29177500000E-04
   4   4   3   1.09940375000E-03
   1   1   4  -1.32276206250E-02
   2   1   4   8.73663250000E-03
   3   1   4   1.09940375000E-03
   4   1   4  -2.54632750000E-03
   1   2   4  -1.32276206250E-02
   2   2   4   9.50057500000E-04
   3   2   4   8.32029375000E-04
   4   2   4  -3.47661812500E-03
   1   3   4   1.09940375000E-03
   2   3   4   1.29177500000E-04
   3   3   4   8.32029375000E-04
   4   3   4  -2.54632750000E-03
   1   4   4   1.09940375000E-03
   2   4   4   9.50057500000E-04
   3   4   4   1.09940375000E-03
   4   4   4  -2.44516437500E-03
   1   2   1   1
   1   1   1  -8.67361737988E-19
   2   1   1   0.00000000000E+00
   3   1   1   0.00000000000E+00
   4   1   1   0.00000000000E+00
   1   2   1   4.33680868994E-19
   2   2   1   1.30023312500E-03
   3   2   1  -3.00835000000E-04
   4   2   1  -1.94072706250E-02
   1   3   1  -8.67361737988E-19
   2   3   1  -3.00835000000E-04
   3   3   1   3.75086500000E-03
   4   3   1  -3.00835000000E-04
   1   4   1   4.33680868994E-19
   2   4   1  -1.94072706250E-02
   3   4   1  -3.00835000000E-04
   4   4   1   1.30023312500E-03
   1   1   2   1.94072706250E-02
   2   1   2   3.00835000000E-04
   3   1   2  -1.30023312500E-03
   4   1   2   0.00000000000E+00
   1   2   2   3.00835000000E-04
   2   2   2   0.00000000000E+00
   3   2   2  -3.00835000000E-04
   4   2   2   0.00000000000E+00
   1   3   2  -1.30023312500E-03
   2   3   2  -3.00835000000E-04
   3   3   2  -1.52345937500E-03
   4   3   2   0.00000000000E+00
   1   4   2   4.33680868994E-19
   2   4   2   0.00000000000E+00
   3   4   2   0.00000000000E+00
   4   4   2   0.00000000000E+00
   1   1   3  -3.75086500000E-03
   2   1   3   3.00835000000E-04
   3   1   3   0.00000000000E+00
   4   1   3   3.00835000000E-04
   1   2   3   3.00835000000E-04
   2   2   3   1.30023312500E-03
   3   2   3   0.00000000000E+00
   4   2   3   1.52345937500E-03
   1   3   3  -8.67361737988E-19
   2   3   3   0.00000000000E+00
   3   3   3   0.00000000000E+00
   4   3   3   0.00000000000E+00
   1   4   3   3.00835000000E-04
   2   4   3   1.52345937500E-03
   3   4   3   0.00000000000E+00
   4   4   3   1.30023312500E-03
   1   1   4   1.94072706250E-02
   2   1   4   0.00000000000E+00
   3   1   4  -1.30023312500E-03
   4   1   4   3.00835000000E-04
   1   2   4   4.33680868994E-19
   2   2   4   0.00000000000E+00
   3   2   4   0.00000000000E+00
   4   2   4   0.00000000000E+00
   1   3   4  -1.30023312500E-03
   2   3   4   0.00000000000E+00
   3   3   4  -1.52345937500E-03
   4   3   4  -3.00835000000E-04
   1   4   4   3.00835000000E-04
   2   4   4   0.00000000000E+00
   3   4   4  -3.00835000000E-04
   4   4   4   0.00000000000E+00
   1   3   1   1
   1   1   1   0.00000000000E+00
   2   1   1   1.94072706250E-02
   3   1   1  -3.75086500000E-03
   4   1   1   1.94072706250E-02
   1   2   1  -4.33680868994E-19
   2   2   1   3.00835000000E-04
   3   2   1   3.00835000000E-04
   4   2   1   0.00000000000E+00
   1   3   1   8.67361737988E-19
   2   3   1  -1.30023312500E-03
   3   3   1   0.00000000000E+00
   4   3   1  -1.30023312500E-03
   1   4   1  -4.33680868994E-19
   2   4   1   0.00000000000E+00
   3   4   1   3.00835000000E-04
   4   4   1   3.00835000000E-04
   1   1   2  -4.33680868994E-19
   2   1   2   3.00835000000E-04
   3   1   2   3.00835000000E-04
   4   1   2  -4.33680868994E-19
   1   2   2   1.30023312500E-03
   2   2   2   0.00000000000E+00
   3   2   2   1.30023312500E-03
   4   2   2   0.00000000000E+00
   1   3   2  -3.00835000000E-04
   2   3   2  -3.00835000000E-04
   3   3   2   0.00000000000E+00
   4   3   2   0.00000000000E+00
   1   4   2  -1.94072706250E-02
   2   4   2   0.00000000000E+00
   3   4   2   1.52345937500E-03
   4   4   2   0.00000000000E+00
   1   1   3   8.67361737988E-19
   2   1   3  -1.30023312500E-03
   3   1   3   0.00000000000E+00
   4   1   3  -1.30023312500E-03
   1   2   3  -3.00835000000E-04
   2   2   3  -3.00835000000E-04
   3   2   3   0.00000000000E+00
   4   2   3   0.00000000000E+00
   1   3   3   3.75086500000E-03
   2   3   3  -1.52345937500E-03
   3   3   3   0.00000000000E+00
   4   3   3  -1.52345937500E-03
   1   4   3  -3.00835000000E-04
   2   4   3   0.00000000000E+00
   3   4   3   0.00000000000E+00
   4   4   3  -3.00835000000E-04
   1   1   4  -4.33680868994E-19
   2   1   4  -4.33680868994E-19
   3   1   4   3.00835000000E-04
   4   1   4   3.00835000000E-04
   1   2   4  -1.94072706250E-02
   2   2   4   0.00000000000E+00
   3   2   4   1.52345937500E-03
   4   2   4   0.00000000000E+00
   1   3   4  -3.00835000000E-04
   2   3   4   0.00000000000E+00
   3   3   4   0.00000000000E+00
   4   3   4  -3.00835000000E-04
   1   4   4   1.30023312500E-03
   2   4   4   0.00000000000E+00
   3   4   4   1.30023312500E-03
   4   4   4   0.00000000000E+00
   2   1   1   1
   1   1   1  -8.67361737988E-19
   2   1   1   0.00000000000E+00
   3   1   1   0.00000000000E+00
   4   1   1   0.00000000000E+00
   1   2   1   4.33680868994E-19
   2   2   1   1.30023312500E-03
   3   2   1  -3.00835000000E-04
   4   2   1  -1.94072706250E-02
   1   3   1  -8.67361737988E-19
   2   3   1  -3.00835000000E-04
   3   3   1   3.75086500000E-03
   4   3   1  -3.00835000000E-04
   1   4   1   4.33680868994E-19
   2   4   1  -1.94072706250E-02
   3   4   1  -3.00835000000E-04
   4   4   1   1.30023312500E-03
   1   1   2   1.94072706250E-02
   2   1   2   3.00835000000E-04
   3   1   2  -1.30023312500E-03
   4   1   2   0.00000000000E+00
   1   2   2   3.00835000000E-04
   2   2   2   0.00000000000E+00
   3   2   2  -3.00835000000E-04
   4   2   2   0.00000000000E+00
   1   3   2  -1.30023312500E-03
   2   3   2  -3.00835000000E-04
   3   3   2  -1.52345937500E-03
   4   3   2   0.00000000000E+00
   1   4   2   4.33680868994E-19
   2   4   2   0.00000000000E+00
   3   4   2   0.00000000000E+00
   4   4   2   0.00000000000E+00
   1   1   3  -3.75086500000E-03
   2   1   3   3.00835000000E-04
   3   1   3   0.00000000000E+00
   4   1   3   3.00835000000E-04
   1   2   3   3.00835000000E-04
   2   2   3   1.30023312500E-03
   3   2   3   0.00000000000E+00
   4   2   3   1.52345937500E-03
   1   3   3  -8.67361737988E-19
   2   3   3   0.00000000000E+00
   3   3   3   0.00000000000E+00
   4   3   3   0.00000000000E+00
   1   4   3   3.00835000000E-04
   2   4   3   1.52345937500E-03
   3   4   3   0.00000000000E+00
   4   4   3   1.30023312500E-03
   1   1   4   1.94072706250E-02
   2   1   4   0.00000000000E+00
   3   1   4  -1.30023312500E-03
   4   1   4   3.00835000000E-04
   1   2   4   4.33680868994E-19
   2   2   4   0.00000000000E+00
   3   2   4   0.00000000000E+00
   4   2   4   0.00000000000E+00
   1   3   4  -1.30023312500E-03
   2   3   4   0.00000000000E+00
   3   3   4  -1.52345937500E-03
   4   3   4  -3.00835000000E-04
   1   4   4   3.00835000000E-04
   2   4   4   0.00000000000E+00
   3   4   4  -3.00835000000E-04
   4   4   4   0.00000000000E+00
   2   2   1   1
   1   1   1   8.48496706250E-02
   2   1   1   8.73663250000E-03
   3   1   1  -2.27461562500E-03
   4   1   1   8.73663250000E-03
   1   2   1  -1.32276206250E-02
   2   2   1   1.09940375000E-03
   3   2   1   1.09940375000E-03
   4   2   1  -1.32276206250E-02
   1   3   1  -9.86078750000E-04
   2   3   1  -2.54632750000E-03
   3   3   1  -9.86078750000E-04
   4   3   1  -2.54632750000E-03
   1   4   1  -1.32276206250E-02
   2   4   1  -1.32276206250E-02
   3   4   1   1.09940375000E-03
   4   4   1   1.09940375000E-03
   1   1   2  -1.32276206250E-02
   2   1   2   1.09940375000E-03
   3   1   2   1.09940375000E-03
   4   1   2  -1.32276206250E-02
   1   2   2  -2.54632750000E-03
   2   2   2  -2.44516437500E-03
   3   2   2  -2.54632750000E-03
   4   2   2  -3.47661812500E-03
   1   3   2   1.09940375000E-03
   2   3   2   1.09940375000E-03
   3   3   2   8.32029375000E-04
   4   3   2   8.32029375000E-04
   1   4   2   8.73663250000E-03
   2   4   2   9.50057500000E-04
   3   4   2   1.29177500000E-04
   4   4   2   9.50057500000E-04
   1   1   3  -9.86078750000E-04
   2   1   3  -2.54632750000E-03
   3   1   3  -9.86078750000E-04
   4   1   3  -2.54632750000E-03
   1   2   3   1.09940375000E-03
   2   2   3   1.09940375000E-03
   3   2   3   8.32029375000E-04
   4   2   3   8.32029375000E-04
   1   3   3  -2.27461562500E-03
   2   3   3   1.29177500000E-04
   3   3   3   7.58906250000E-05
   4   3   3   1.29177500000E-04
   1   4   3   1.09940375000E-03
   2   4   3   8.32029375000E-04
   3   4   3   8.32029375000E-04
   4   4   3   1.09940375000E-03
   1   1   4  -1.32276206250E-02
   2   1   4  -1.32276206250E-02
   3   1   4   1.09940375000E-03
   4   1   4   1.09940375000E-03
   1   2   4   8.73663250000E-03
   2   2   4   9.50057500000E-04
   3   2   4   1.29177500000E-04
   4   2   4   9.50057500000E-04
   1   3   4   1.09940375000E-03
   2   3   4   8.32029375000E-04
   3   3   4   8.32029375000E-04
   4   3   4   1.09940375000E-03
   1   4   4  -2.54632750000E-03
   2   4   4  -3.47661812500E-03
   3   4   4  -2.54632750000E-03
   4   4   4  -2.44516437500E-03
   2   3   1   1
   1   1   1   0.00000000000E+00
   2   1   1  -4.33680868994E-19
   3   1   1   0.00000000000E+00
   4   1   1  -4.33680868994E-19
   1   2   1  -1.94072706250E-02
   2   2   1  -3.00835000000E-04
   3   2   1   1.30023312500E-03
   4   2   1   0.00000000000E+00
   1   3   1   3.75086500000E-03
   2   3   1  -3.00835000000E-04
   3   3   1   0.00000000000E+00
   4   3   1  -3.00835000000E-04
   1   4   1  -1.94072706250E-02
   2   4   1   0.00000000000E+00
   3   4   1   1.30023312500E-03
   4   4   1  -3.00835000000E-04
   1   1   2  -4.33680868994E-19
   2   1   2  -1.30023312500E-03
   3   1   2   3.00835000000E-04
   4   1   2   1.94072706250E-02
   1   2   2  -3.00835000000E-04
   2   2   2   0.00000000000E+00
   3   2   2   3.00835000000E-04
   4   2   2   0.00000000000E+00
   1   3   2  -3.00835000000E-04
   2   3   2  -1.30023312500E-03
   3   3   2   0.00000000000E+00
   4   3   2  -1.52345937500E-03
   1   4   2  -4.33680868994E-19
   2   4   2   0.00000000000E+00
   3   4   2   0.00000000000E+00
   4   4   2   0.00000000000E+00
   1   1   3   8.67361737988E-19
   2   1   3   3.00835000000E-04
   3   1   3  -3.75086500000E-03
   4   1   3   3.00835000000E-04
   1   2   3   1.30023312500E-03
   2   2   3   3.00835000000E-04
   3   2   3   1.52345937500E-03
   4   2   3   0.00000000000E+00
   1   3   3   8.67361737988E-19
   2   3   3   0.00000000000E+00
   3   3   3   0.00000000000E+00
   4   3   3   0.00000000000E+00
   1   4   3   1.30023312500E-03
   2   4   3   0.00000000000E+00
   3   4   3   1.52345937500E-03
   4   4   3   3.00835000000E-04
   1   1   4  -4.33680868994E-19
   2   1   4   1.94072706250E-02
   3   1   4   3.00835000000E-04
   4   1   4  -1.30023312500E-03
   1   2   4  -4.33680868994E-19
   2   2   4   0.00000000000E+00
   3   2   4   0.00000000000E+00
   4   2   4   0.00000000000E+00
   1   3   4  -3.00835000000E-04
   2   3   4  -1.52345937500E-03
   3   3   4   0.00000000000E+00
   4   3   4  -1.30023312500E-03
   1   4   4  -3.00835000000E-04
   2   4   4   0.00000000000E+00
   3   4   4   3.00835000000E-04
   4   4   4   0.00000000000E+00
   3   1   1   1
   1   1   1   0.00000000000E+00
   2   1   1   1.94072706250E-02
   3   1   1  -3.75086500000E-03
   4   1   1   1.94072706250E-02
   1   2   1  -4.33680868994E-19
   2   2   1   3.00835000000E-04
   3   2   1   3.00835000000E-04
   4   2   1   0.00000000000E+00
   1   3   1   8.67361737988E-19
   2   3   1  -1.30023312500E-03
   3   3   1   0.00000000000E+00
   4   3   1  -1.30023312500E-03
   1   4   1  -4.33680868994E-19
   2   4   1   0.00000000000E+00
   3   4   1   3.00835000000E-04
   4   4   1   3.00835000000E-04
   1   1   2  -4.33680868994E-19
   2   1   2   3.00835000000E-04
   3   1   2   3.00835000000E-04
   4   1   2  -4.33680868994E-19
   1   2   2   1.30023312500E-03
   2   2   2   0.00000000000E+00
   3   2   2   1.30023312500E-03
   4   2   2   0.00000000000E+00
   1   3   2  -3.00835000000E-04
   2   3   2  -3.00835000000E-04
   3   3   2   0.00000000000E+00
   4   3   2   0.00000000000E+00
   1   4   2  -1.94072706250E-02
   2   4   2   0.00000000000E+00
   3   4   2   1.52345937500E-03
   4   4   2   0.00000000000E+00
   1   1   3   8.67361737988E-19
   2   1   3  -1.30023312500E-03
   3   1   3   0.00000000000E+00
   4   1   3  -1.30023312500E-03
   1   2   3  -3.00835000000E-04
   2   2   3  -3.00835000000E-04
   3   2   3   0.00000000000E+00
   4   2   3   0.00000000000E+00
   1   3   3   3.75086500000E-03
   2   3   3  -1.52345937500E-03
   3   3   3   0.00000000000E+00
   4   3   3  -1.52345937500E-03
   1   4   3  -3.00835000000E-04
   2   4   3   0.00000000000E+00
   3   4   3   0.00000000000E+00
   4   4   3  -3.00835000000E-04
   1   1   4  -4.33680868994E-19
   2   1   4  -4.33680868994E-19
   3   1   4   3.00835000000E-04
   4   1   4   3.00835000000E-04
   1   2   4  -1.94072706250E-02
   2   2   4   0.00000000000E+00
   3   2   4   1.52345937500E-03
   4   2   4   0.00000000000E+00
   1   3   4  -3.00835000000E-04
   2   3   4   0.00000000000E+00
   3   3   4   0.00000000000E+00
   4   3   4  -3.00835000000E-04
   1   4   4   1.30023312500E-03
   2   4   4   0.00000000000E+00
   3   4   4   1.30023312500E-03
   4   4   4   0.00000000000E+00
   3   2   1   1
   1   1   1   0.00000000000E+00
   2   1   1  -4.33680868994E-19
   3   1   1   0.00000000000E+00
   4   1   1  -4.33680868994E-19
   1   2   1  -1.94072706250E-02
   2   2   1  -3.00835000000E-04
   3   2   1   1.30023312500E-03
   4   2   1   0.00000000000E+00
   1   3   1   3.75086500000E-03
   2   3   1  -3.00835000000E-04
   3   3   1   0.00000000000E+00
   4   3   1  -3.00835000000E-04
   1   4   1  -1.94072706250E-02
   2   4   1   0.00000000000E+00
   3   4   1   1.30023312500E-03
   4   4   1  -3.00835000000E-04
   1   1   2  -4.33680868994E-19
   2   1   2  -1.30023312500E-03
   3   1   2   3.00835000000E-04
   4   1   2   1.94072706250E-02
   1   2   2  -3.00835000000E-04
   2   2   2   0.00000000000E+00
   3   2   2   3.00835000000E-04
   4   2   2   0.00000000000E+00
   1   3   2  -3.00835000000E-04
   2   3   2  -1.30023312500E-03
   3   3   2   0.00000000000E+00
   4   3   2  -1.52345937500E-03
   1   4   2  -4.33680868994E-19
   2   4   2   0.00000000000E+00
   3   4   2   0.00000000000E+00
   4   4   2   0.00000000000E+00
   1   1   3   8.67361737988E-19
   2   1   3   3.00835000000E-04
   3   1   3  -3.75086500000E-03
   4   1   3   3.00835000000E-04
   1   2   3   1.30023312500E-03
   2   2   3   3.00835000000E-04
   3   2   3   1.52345937500E-03
   4   2   3   0.00000000000E+00
   1   3   3   8.67361737988E-19
   2   3   3   0.00000000000E+00
   3   3   3   0.00000000000E+00
   4   3   3   0.00000000000E+00
   1   4   3   1.30023312500E-03
   2   4   3   0.00000000000E+00
   3   4   3   1.52345937500E-03
   4   4   3   3.00835000000E-04
   1   1   4  -4.33680868994E-19
   2   1   4   1.94072706250E-02
   3   1   4   3.00835000000E-04
   4   1   4  -1.30023312500E-03
   1   2   4  -4.33680868994E-19
   2   2   4   0.00000000000E+00
   3   2   4   0.00000000000E+00
   4   2   4   0.00000000000E+00
   1   3   4  -3.00835000000E-04
   2   3   4  -1.52345937500E-03
   3   3   4   0.00000000000E+00
   4   3   4  -1.30023312500E-03
   1   4   4  -3.00835000000E-04
   2   4   4   0.00000000000E+00
   3   4   4   3.00835000000E-04
   4   4   4   0.00000000000E+00
   3   3   1   1
   1   1   1   8.48496706250E-02
   2   1   1  -1.32276206250E-02
   3   1   1  -9.86078750000E-04
   4   1   1  -1.32276206250E-02
   1   2   1  -1.32276206250E-02
   2   2   1  -2.54632750000E-03
   3   2   1   1.09940375000E-03
   4   2   1   8.73663250000E-03
   1   3   1  -9.86078750000E-04
   2   3   1   1.09940375000E-03
   3   3   1  -2.27461562500E-03
   4   3   1   1.09940375000E-03
   1   4   1  -1.32276206250E-02
   2   4   1   8.73663250000E-03
   3   4   1   1.09940375000E-03
   4   4   1  -2.54632750000E-03
   1   1   2   8.73663250000E-03
   2   1   2   1.09940375000E-03
   3   1   2  -2.54632750000E-03
   4   1   2  -1.32276206250E-02
   1   2   2   1.09940375000E-03
   2   2   2  -2.44516437500E-03
   3   2   2   1.09940375000E-03
   4   2   2   9.50057500000E-04
   1   3   2  -2.54632750000E-03
   2   3   2   1.09940375000E-03
   3   3   2   1.29177500000E-04
   4   3   2   8.32029375000E-04
   1   4   2  -1.32276206250E-02
   2   4   2   9.50057500000E-04
   3   4   2   8.32029375000E-04
   4   4   2  -3.47661812500E-03
   1   1   3  -2.27461562500E-03
   2   1   3   1.09940375000E-03
   3   1   3  -9.86078750000E-04
   4   1   3   1.09940375000E-03
   1   2   3   1.09940375000E-03
   2   2   3  -2.54632750000E-03
   3   2   3   8.32029375000E-04
   4   2   3   1.29177500000E-04
   1   3   3  -9.86078750000E-04
   2   3   3   8.32029375000E-04
   3   3   3   7.58906250000E-05
   4   3   3   8.32029375000E-04
   1   4   3   1.09940375000E-03
   2   4   3   1.29177500000E-04
   3   4   3   8.32029375000E-04
   4   4   3  -2.54632750000E-03
   1   1   4   8.73663250000E-03
   2   1   4  -1.32276206250E-02
   3   1   4  -2.54632750000E-03
   4   1   4   1.09940375000E-03
   1   2   4  -1.32276206250E-02
   2   2   4  -3.47661812500E-03
   3   2   4   8.32029375000E-04
   4   2   4   9.50057500000E-04
   1   3   4  -2.54632750000E-03
   2   3   4   8.32029375000E-04
   3   3   4   1.29177500000E-04
   4   3   4   1.09940375000E-03
   1   4   4   1.09940375000E-03
   2   4   4   9.50057500000E-04
   3   4   4   1.09940375000E-03
   4   4   4  -2.44516437500E-03
