  3.000000000000000E-002  0.615859883586757        2.65203849886636     
   4   4   4
   1   1   1   1
   1   1   1   8.44614545313E-02
   2   1   1  -1.33948042188E-02
   3   1   1  -1.01771046875E-03
   4   1   1  -1.33948042188E-02
   1   2   1   8.17511203125E-03
   2   2   1   1.22651328125E-03
   3   2   1  -2.61617171875E-03
   4   2   1  -1.33948042188E-02
   1   3   1  -2.76047046875E-03
   2   3   1   1.22651328125E-03
   3   3   1  -1.01771046875E-03
   4   3   1   1.22651328125E-03
   1   4   1   8.17511203125E-03
   2   4   1  -1.33948042188E-02
   3   4   1  -2.61617171875E-03
   4   4   1   1.22651328125E-03
   1   1   2  -1.33948042188E-02
   2   1   2  -2.61617171875E-03
   3   1   2   1.22651328125E-03
   4   1   2   8.17511203125E-03
   1   2   2   1.22651328125E-03
   2   2   2  -1.89123484375E-03
   3   2   2   1.22651328125E-03
   4   2   2   1.06345890625E-03
   1   3   2   1.22651328125E-03
   2   3   2  -2.61617171875E-03
   3   3   2   8.27709531250E-04
   4   3   2   5.14993281250E-04
   1   4   2  -1.33948042188E-02
   2   4   2  -3.87614859375E-03
   3   4   2   8.27709531250E-04
   4   4   2   1.06345890625E-03
   1   1   3  -1.01771046875E-03
   2   1   3   1.22651328125E-03
   3   1   3  -2.76047046875E-03
   4   1   3   1.22651328125E-03
   1   2   3  -2.61617171875E-03
   2   2   3   1.22651328125E-03
   3   2   3   5.14993281250E-04
   4   2   3   8.27709531250E-04
   1   3   3  -1.01771046875E-03
   2   3   3   8.27709531250E-04
   3   3   3   7.19807031250E-04
   4   3   3   8.27709531250E-04
   1   4   3  -2.61617171875E-03
   2   4   3   8.27709531250E-04
   3   4   3   5.14993281250E-04
   4   4   3   1.22651328125E-03
   1   1   4  -1.33948042188E-02
   2   1   4   8.17511203125E-03
   3   1   4   1.22651328125E-03
   4   1   4  -2.61617171875E-03
   1   2   4  -1.33948042188E-02
   2   2   4   1.06345890625E-03
   3   2   4   8.27709531250E-04
   4   2   4  -3.87614859375E-03
   1   3   4   1.22651328125E-03
   2   3   4   5.14993281250E-04
   3   3   4   8.27709531250E-04
   4   3   4  -2.61617171875E-03
   1   4   4   1.22651328125E-03
   2   4   4   1.06345890625E-03
   3   4   4   1.22651328125E-03
   4   4   4  -1.89123484375E-03
   1   2   1   1
   1   1   1   8.67361737988E-19
   2   1   1   0.00000000000E+00
   3   1   1   0.00000000000E+00
   4   1   1   0.00000000000E+00
   1   2   1   0.00000000000E+00
   2   2   1   1.60252125000E-03
   3   2   1  -7.30331250000E-05
   4   2   1  -1.93985856250E-02
   1   3   1  -8.67361737988E-19
   2   3   1  -7.30331250000E-05
   3   3   1   4.18514375000E-03
   4   3   1  -7.30331250000E-05
   1   4   1   0.00000000000E+00
   2   4   1  -1.93985856250E-02
   3   4   1  -7.30331250000E-05
   4   4   1   1.60252125000E-03
   1   1   2   1.93985856250E-02
   2   1   2   7.30331250000E-05
   3   1   2  -1.60252125000E-03
   4   1   2   0.00000000000E+00
   1   2   2   7.30331250000E-05
   2   2   2   0.00000000000E+00
   3   2   2  -7.30331250000E-05
   4   2   2   0.00000000000E+00
   1   3   2  -1.60252125000E-03
   2   3   2  -7.30331250000E-05
   3   3   2  -1.21431562500E-03
   4   3   2   0.00000000000E+00
   1   4   2   0.00000000000E+00
   2   4   2   0.00000000000E+00
   3   4   2   0.00000000000E+00
   4   4   2   0.00000000000E+00
   1   1   3  -4.18514375000E-03
   2   1   3   7.30331250000E-05
   3   1   3   0.00000000000E+00
   4   1   3   7.30331250000E-05
   1   2   3   7.30331250000E-05
   2   2   3   1.60252125000E-03
   3   2   3   0.00000000000E+00
   4   2   3   1.21431562500E-03
   1   3   3  -8.67361737988E-19
   2   3   3   0.00000000000E+00
   3   3   3   0.00000000000E+00
   4   3   3   0.00000000000E+00
   1   4   3   7.30331250000E-05
   2   4   3   1.21431562500E-03
   3   4   3   0.00000000000E+00
   4   4   3   1.60252125000E-03
   1   1   4   1.93985856250E-02
   2   1   4   0.00000000000E+00
   3   1   4  -1.60252125000E-03
   4   1   4   7.30331250000E-05
   1   2   4   0.00000000000E+00
   2   2   4   0.00000000000E+00
   3   2   4   0.00000000000E+00
   4   2   4   0.00000000000E+00
   1   3   4  -1.60252125000E-03
   2   3   4   0.00000000000E+00
   3   3   4  -1.21431562500E-03
   4   3   4  -7.30331250000E-05
   1   4   4   7.30331250000E-05
   2   4   4   0.00000000000E+00
   3   4   4  -7.30331250000E-05
   4   4   4   0.00000000000E+00
   1   3   1   1
   1   1   1   0.00000000000E+00
   2   1   1   1.93985856250E-02
   3   1   1  -4.18514375000E-03
   4   1   1   1.93985856250E-02
   1   2   1   0.00000000000E+00
   2   2   1   7.30331250000E-05
   3   2   1   7.30331250000E-05
   4   2   1   0.00000000000E+00
   1   3   1   8.67361737988E-19
   2   3   1  -1.60252125000E-03
   3   3   1   0.00000000000E+00
   4   3   1  -1.60252125000E-03
   1   4   1   0.00000000000E+00
   2   4   1   0.00000000000E+00
   3   4   1   7.30331250000E-05
   4   4   1   7.30331250000E-05
   1   1   2   0.00000000000E+00
   2   1   2   7.30331250000E-05
   3   1   2   7.30331250000E-05
   4   1   2   0.00000000000E+00
   1   2   2   1.60252125000E-03
   2   2   2   0.00000000000E+00
   3   2   2   1.60252125000E-03
   4   2   2   0.00000000000E+00
   1   3   2  -7.30331250000E-05
   2   3   2  -7.30331250000E-05
   3   3   2   0.00000000000E+00
   4   3   2   0.00000000000E+00
   1   4   2  -1.93985856250E-02
   2   4   2   0.00000000000E+00
   3   4   2   1.21431562500E-03
   4   4   2   0.00000000000E+00
   1   1   3   8.67361737988E-19
   2   1   3  -1.60252125000E-03
   3   1   3   0.00000000000E+00
   4   1   3  -1.60252125000E-03
   1   2   3  -7.30331250000E-05
   2   2   3  -7.30331250000E-05
   3   2   3   0.00000000000E+00
   4   2   3   0.00000000000E+00
   1   3   3   4.18514375000E-03
   2   3   3  -1.21431562500E-03
   3   3   3   0.00000000000E+00
   4   3   3  -1.21431562500E-03
   1   4   3  -7.30331250000E-05
   2   4   3   0.00000000000E+00
   3   4   3   0.00000000000E+00
   4   4   3  -7.30331250000E-05
   1   1   4   0.00000000000E+00
   2   1   4   0.00000000000E+00
   3   1   4   7.30331250000E-05
   4   1   4   7.30331250000E-05
   1   2   4  -1.93985856250E-02
   2   2   4   0.00000000000E+00
   3   2   4   1.21431562500E-03
   4   2   4   0.00000000000E+00
   1   3   4  -7.30331250000E-05
   2   3   4   0.00000000000E+00
   3   3   4   0.00000000000E+00
   4   3   4  -7.30331250000E-05
   1   4   4   1.60252125000E-03
   2   4   4   0.00000000000E+00
   3   4   4   1.60252125000E-03
   4   4   4   0.00000000000E+00
   2   1   1   1
   1   1   1   8.67361737988E-19
   2   1   1   0.00000000000E+00
   3   1   1   0.00000000000E+00
   4   1   1   0.00000000000E+00
   1   2   1   0.00000000000E+00
   2   2   1   1.60252125000E-03
   3   2   1  -7.30331250000E-05
   4   2   1  -1.93985856250E-02
   1   3   1  -8.67361737988E-19
   2   3   1  -7.30331250000E-05
   3   3   1   4.18514375000E-03
   4   3   1  -7.30331250000E-05
   1   4   1   0.00000000000E+00
   2   4   1  -1.93985856250E-02
   3   4   1  -7.30331250000E-05
   4   4   1   1.60252125000E-03
   1   1   2   1.93985856250E-02
   2   1   2   7.30331250000E-05
   3   1   2  -1.60252125000E-03
   4   1   2   0.00000000000E+00
   1   2   2   7.30331250000E-05
   2   2   2   0.00000000000E+00
   3   2   2  -7.30331250000E-05
   4   2   2   0.00000000000E+00
   1   3   2  -1.60252125000E-03
   2   3   2  -7.30331250000E-05
   3   3   2  -1.21431562500E-03
   4   3   2   0.00000000000E+00
   1   4   2   0.00000000000E+00
   2   4   2   0.00000000000E+00
   3   4   2   0.00000000000E+00
   4   4   2   0.00000000000E+00
   1   1   3  -4.18514375000E-03
   2   1   3   7.30331250000E-05
   3   1   3   0.00000000000E+00
   4   1   3   7.30331250000E-05
   1   2   3   7.30331250000E-05
   2   2   3   1.60252125000E-03
   3   2   3   0.00000000000E+00
   4   2   3   1.21431562500E-03
   1   3   3  -8.67361737988E-19
   2   3   3   0.00000000000E+00
   3   3   3   0.00000000000E+00
   4   3   3   0.00000000000E+00
   1   4   3   7.30331250000E-05
   2   4   3   1.21431562500E-03
   3   4   3   0.00000000000E+00
   4   4   3   1.60252125000E-03
   1   1   4   1.93985856250E-02
   2   1   4   0.00000000000E+00
   3   1   4  -1.60252125000E-03
   4   1   4   7.30331250000E-05
   1   2   4   0.00000000000E+00
   2   2   4   0.00000000000E+00
   3   2   4   0.00000000000E+00
   4   2   4   0.00000000000E+00
   1   3   4  -1.60252125000E-03
   2   3   4   0.00000000000E+00
   3   3   4  -1.21431562500E-03
   4   3   4  -7.30331250000E-05
   1   4   4   7.30331250000E-05
   2   4   4   0.00000000000E+00
   3   4   4  -7.30331250000E-05
   4   4   4   0.00000000000E+00
   2   2   1   1
   1   1   1   8.44614545313E-02
   2   1   1   8.17511203125E-03
   3   1   1  -2.76047046875E-03
   4   1   1   8.17511203125E-03
   1   2   1  -1.33948042188E-02
   2   2   1   1.22651328125E-03
   3   2   1   1.22651328125E-03
   4   2   1  -1.33948042188E-02
   1   3   1  -1.01771046875E-03
   2   3   1  -2.61617171875E-03
   3   3   1  -1.01771046875E-03
   4   3   1  -2.61617171875E-03
   1   4   1  -1.33948042188E-02
   2   4   1  -1.33948042188E-02
   3   4   1   1.22651328125E-03
   4   4   1   1.22651328125E-03
   1   1   2  -1.33948042188E-02
   2   1   2   1.22651328125E-03
   3   1   2   1.22651328125E-03
   4   1   2  -1.33948042188E-02
   1   2   2  -2.61617171875E-03
   2   2   2  -1.89123484375E-03
   3   2   2  -2.61617171875E-03
   4   2   2  -3.87614859375E-03
   1   3   2   1.22651328125E-03
   2   3   2   1.22651328125E-03
   3   3   2   8.27709531250E-04
   4   3   2   8.27709531250E-04
   1   4   2   8.17511203125E-03
   2   4   2   1.06345890625E-03
   3   4   2   5.14993281250E-04
   4   4   2   1.06345890625E-03
   1   1   3  -1.01771046875E-03
   2   1   3  -2.61617171875E-03
   3   1   3  -1.01771046875E-03
   4   1   3  -2.61617171875E-03
   1   2   3   1.22651328125E-03
   2   2   3   1.22651328125E-03
   3   2   3   8.27709531250E-04
   4   2   3   8.27709531250E-04
   1   3   3  -2.76047046875E-03
   2   3   3   5.14993281250E-04
   3   3   3   7.19807031250E-04
   4   3   3   5.14993281250E-04
   1   4   3   1.22651328125E-03
   2   4   3   8.27709531250E-04
   3   4   3   8.27709531250E-04
   4   4   3   1.22651328125E-03
   1   1   4  -1.33948042188E-02
   2   1   4  -1.33948042188E-02
   3   1   4   1.22651328125E-03
   4   1   4   1.22651328125E-03
   1   2   4   8.17511203125E-03
   2   2   4   1.06345890625E-03
   3   2   4   5.14993281250E-04
   4   2   4   1.06345890625E-03
   1   3   4   1.22651328125E-03
   2   3   4   8.27709531250E-04
   3   3   4   8.27709531250E-04
   4   3   4   1.22651328125E-03
   1   4   4  -2.61617171875E-03
   2   4   4  -3.87614859375E-03
   3   4   4  -2.61617171875E-03
   4   4   4  -1.89123484375E-03
   2   3   1   1
   1   1   1   0.00000000000E+00
   2   1   1   0.00000000000E+00
   3   1   1   0.00000000000E+00
   4   1   1   0.00000000000E+00
   1   2   1  -1.93985856250E-02
   2   2   1  -7.30331250000E-05
   3   2   1   1.60252125000E-03
   4   2   1   0.00000000000E+00
   1   3   1   4.18514375000E-03
   2   3   1  -7.30331250000E-05
   3   3   1   0.00000000000E+00
   4   3   1  -7.30331250000E-05
   1   4   1  -1.93985856250E-02
   2   4   1   0.00000000000E+00
   3   4   1   1.60252125000E-03
   4   4   1  -7.30331250000E-05
   1   1   2   0.00000000000E+00
   2   1   2  -1.60252125000E-03
   3   1   2   7.30331250000E-05
   4   1   2   1.93985856250E-02
   1   2   2  -7.30331250000E-05
   2   2   2   0.00000000000E+00
   3   2   2   7.30331250000E-05
   4   2   2   0.00000000000E+00
   1   3   2  -7.30331250000E-05
   2   3   2  -1.60252125000E-03
   3   3   2   0.00000000000E+00
   4   3   2  -1.21431562500E-03
   1   4   2   0.00000000000E+00
   2   4   2   0.00000000000E+00
   3   4   2   0.00000000000E+00
   4   4   2   0.00000000000E+00
   1   1   3   8.67361737988E-19
   2   1   3   7.30331250000E-05
   3   1   3  -4.18514375000E-03
   4   1   3   7.30331250000E-05
   1   2   3   1.60252125000E-03
   2   2   3   7.30331250000E-05
   3   2   3   1.21431562500E-03
   4   2   3   0.00000000000E+00
   1   3   3   8.67361737988E-19
   2   3   3   0.00000000000E+00
   3   3   3   0.00000000000E+00
   4   3   3   0.00000000000E+00
   1   4   3   1.60252125000E-03
   2   4   3   0.00000000000E+00
   3   4   3   1.21431562500E-03
   4   4   3   7.30331250000E-05
   1   1   4   0.00000000000E+00
   2   1   4   1.93985856250E-02
   3   1   4   7.30331250000E-05
   4   1   4  -1.60252125000E-03
   1   2   4   0.00000000000E+00
   2   2   4   0.00000000000E+00
   3   2   4   0.00000000000E+00
   4   2   4   0.00000000000E+00
   1   3   4  -7.30331250000E-05
   2   3   4  -1.21431562500E-03
   3   3   4   0.00000000000E+00
   4   3   4  -1.60252125000E-03
   1   4   4  -7.30331250000E-05
   2   4   4   0.00000000000E+00
   3   4   4   7.30331250000E-05
   4   4   4   0.00000000000E+00
   3   1   1   1
   1   1   1   0.00000000000E+00
   2   1   1   1.93985856250E-02
   3   1   1  -4.18514375000E-03
   4   1   1   1.93985856250E-02
   1   2   1   0.00000000000E+00
   2   2   1   7.30331250000E-05
   3   2   1   7.30331250000E-05
   4   2   1   0.00000000000E+00
   1   3   1   8.67361737988E-19
   2   3   1  -1.60252125000E-03
   3   3   1   0.00000000000E+00
   4   3   1  -1.60252125000E-03
   1   4   1   0.00000000000E+00
   2   4   1   0.00000000000E+00
   3   4   1   7.30331250000E-05
   4   4   1   7.30331250000E-05
   1   1   2   0.00000000000E+00
   2   1   2   7.30331250000E-05
   3   1   2   7.30331250000E-05
   4   1   2   0.00000000000E+00
   1   2   2   1.60252125000E-03
   2   2   2   0.00000000000E+00
   3   2   2   1.60252125000E-03
   4   2   2   0.00000000000E+00
   1   3   2  -7.30331250000E-05
   2   3   2  -7.30331250000E-05
   3   3   2   0.00000000000E+00
   4   3   2   0.00000000000E+00
   1   4   2  -1.93985856250E-02
   2   4   2   0.00000000000E+00
   3   4   2   1.21431562500E-03
   4   4   2   0.00000000000E+00
   1   1   3   8.67361737988E-19
   2   1   3  -1.60252125000E-03
   3   1   3   0.00000000000E+00
   4   1   3  -1.60252125000E-03
   1   2   3  -7.30331250000E-05
   2   2   3  -7.30331250000E-05
   3   2   3   0.00000000000E+00
   4   2   3   0.00000000000E+00
   1   3   3   4.18514375000E-03
   2   3   3  -1.21431562500E-03
   3   3   3   0.00000000000E+00
   4   3   3  -1.21431562500E-03
   1   4   3  -7.30331250000E-05
   2   4   3   0.00000000000E+00
   3   4   3   0.00000000000E+00
   4   4   3  -7.30331250000E-05
   1   1   4   0.00000000000E+00
   2   1   4   0.00000000000E+00
   3   1   4   7.30331250000E-05
   4   1   4   7.30331250000E-05
   1   2   4  -1.93985856250E-02
   2   2   4   0.00000000000E+00
   3   2   4   1.21431562500E-03
   4   2   4   0.00000000000E+00
   1   3   4  -7.30331250000E-05
   2   3   4   0.00000000000E+00
   3   3   4   0.00000000000E+00
   4   3   4  -7.30331250000E-05
   1   4   4   1.60252125000E-03
   2   4   4   0.00000000000E+00
   3   4   4   1.60252125000E-03
   4   4   4   0.00000000000E+00
   3   2   1   1
   1   1   1   0.00000000000E+00
   2   1   1   0.00000000000E+00
   3   1   1   0.00000000000E+00
   4   1   1   0.00000000000E+00
   1   2   1  -1.93985856250E-02
   2   2   1  -7.30331250000E-05
   3   2   1   1.60252125000E-03
   4   2   1   0.00000000000E+00
   1   3   1   4.18514375000E-03
   2   3   1  -7.30331250000E-05
   3   3   1   0.00000000000E+00
   4   3   1  -7.30331250000E-05
   1   4   1  -1.93985856250E-02
   2   4   1   0.00000000000E+00
   3   4   1   1.60252125000E-03
   4   4   1  -7.30331250000E-05
   1   1   2   0.00000000000E+00
   2   1   2  -1.60252125000E-03
   3   1   2   7.30331250000E-05
   4   1   2   1.93985856250E-02
   1   2   2  -7.30331250000E-05
   2   2   2   0.00000000000E+00
   3   2   2   7.30331250000E-05
   4   2   2   0.00000000000E+00
   1   3   2  -7.30331250000E-05
   2   3   2  -1.60252125000E-03
   3   3   2   0.00000000000E+00
   4   3   2  -1.21431562500E-03
   1   4   2   0.00000000000E+00
   2   4   2   0.00000000000E+00
   3   4   2   0.00000000000E+00
   4   4   2   0.00000000000E+00
   1   1   3   8.67361737988E-19
   2   1   3   7.30331250000E-05
   3   1   3  -4.18514375000E-03
   4   1   3   7.30331250000E-05
   1   2   3   1.60252125000E-03
   2   2   3   7.30331250000E-05
   3   2   3   1.21431562500E-03
   4   2   3   0.00000000000E+00
   1   3   3   8.67361737988E-19
   2   3   3   0.00000000000E+00
   3   3   3   0.00000000000E+00
   4   3   3   0.00000000000E+00
   1   4   3   1.60252125000E-03
   2   4   3   0.00000000000E+00
   3   4   3   1.21431562500E-03
   4   4   3   7.30331250000E-05
   1   1   4   0.00000000000E+00
   2   1   4   1.93985856250E-02
   3   1   4   7.30331250000E-05
   4   1   4  -1.60252125000E-03
   1   2   4   0.00000000000E+00
   2   2   4   0.00000000000E+00
   3   2   4   0.00000000000E+00
   4   2   4   0.00000000000E+00
   1   3   4  -7.30331250000E-05
   2   3   4  -1.21431562500E-03
   3   3   4   0.00000000000E+00
   4   3   4  -1.60252125000E-03
   1   4   4  -7.30331250000E-05
   2   4   4   0.00000000000E+00
   3   4   4   7.30331250000E-05
   4   4   4   0.00000000000E+00
   3   3   1   1
   1   1   1   8.44614545313E-02
   2   1   1  -1.33948042188E-02
   3   1   1  -1.01771046875E-03
   4   1   1  -1.33948042188E-02
   1   2   1  -1.33948042188E-02
   2   2   1  -2.61617171875E-03
   3   2   1   1.22651328125E-03
   4   2   1   8.17511203125E-03
   1   3   1  -1.01771046875E-03
   2   3   1   1.22651328125E-03
   3   3   1  -2.76047046875E-03
   4   3   1   1.22651328125E-03
   1   4   1  -1.33948042188E-02
   2   4   1   8.17511203125E-03
   3   4   1   1.22651328125E-03
   4   4   1  -2.61617171875E-03
   1   1   2   8.17511203125E-03
   2   1   2   1.22651328125E-03
   3   1   2  -2.61617171875E-03
   4   1   2  -1.33948042188E-02
   1   2   2   1.22651328125E-03
   2   2   2  -1.89123484375E-03
   3   2   2   1.22651328125E-03
   4   2   2   1.06345890625E-03
   1   3   2  -2.61617171875E-03
   2   3   2   1.22651328125E-03
   3   3   2   5.14993281250E-04
   4   3   2   8.27709531250E-04
   1   4   2  -1.33948042188E-02
   2   4   2   1.06345890625E-03
   3   4   2   8.27709531250E-04
   4   4   2  -3.87614859375E-03
   1   1   3  -2.76047046875E-03
   2   1   3   1.22651328125E-03
   3   1   3  -1.01771046875E-03
   4   1   3   1.22651328125E-03
   1   2   3   1.22651328125E-03
   2   2   3  -2.61617171875E-03
   3   2   3   8.27709531250E-04
   4   2   3   5.14993281250E-04
   1   3   3  -1.01771046875E-03
   2   3   3   8.27709531250E-04
   3   3   3   7.19807031250E-04
   4   3   3   8.27709531250E-04
   1   4   3   1.22651328125E-03
   2   4   3   5.14993281250E-04
   3   4   3   8.27709531250E-04
   4   4   3  -2.61617171875E-03
   1   1   4   8.17511203125E-03
   2   1   4  -1.33948042188E-02
   3   1   4  -2.61617171875E-03
   4   1   4   1.22651328125E-03
   1   2   4  -1.33948042188E-02
   2   2   4  -3.87614859375E-03
   3   2   4   8.27709531250E-04
   4   2   4   1.06345890625E-03
   1   3   4  -2.61617171875E-03
   2   3   4   8.27709531250E-04
   3   3   4   5.14993281250E-04
   4   3   4   1.22651328125E-03
   1   4   4   1.22651328125E-03
   2   4   4   1.06345890625E-03
   3   4   4   1.22651328125E-03
   4   4   4  -1.89123484375E-03
