  3.500000000000000E-002  0.615697928857687        2.64984280279338     
   4   4   4
   1   1   1   1
   1   1   1   8.46128446875E-02
   2   1   1  -1.33314703125E-02
   3   1   1  -9.83304687500E-04
   4   1   1  -1.33314703125E-02
   1   2   1   8.44788843750E-03
   2   2   1   1.17043531250E-03
   3   2   1  -2.56420156250E-03
   4   2   1  -1.33314703125E-02
   1   3   1  -2.49924656250E-03
   2   3   1   1.17043531250E-03
   3   3   1  -9.83304687500E-04
   4   3   1   1.17043531250E-03
   1   4   1   8.44788843750E-03
   2   4   1  -1.33314703125E-02
   3   4   1  -2.56420156250E-03
   4   4   1   1.17043531250E-03
   1   1   2  -1.33314703125E-02
   2   1   2  -2.56420156250E-03
   3   1   2   1.17043531250E-03
   4   1   2   8.44788843750E-03
   1   2   2   1.17043531250E-03
   2   2   2  -2.23562843750E-03
   3   2   2   1.17043531250E-03
   4   2   2   9.86917187500E-04
   1   3   2   1.17043531250E-03
   2   3   2  -2.56420156250E-03
   3   3   2   8.37733437500E-04
   4   3   2   2.99944687500E-04
   1   4   2  -1.33314703125E-02
   2   4   2  -3.62313593750E-03
   3   4   2   8.37733437500E-04
   4   4   2   9.86917187500E-04
   1   1   3  -9.83304687500E-04
   2   1   3   1.17043531250E-03
   3   1   3  -2.49924656250E-03
   4   1   3   1.17043531250E-03
   1   2   3  -2.56420156250E-03
   2   2   3   1.17043531250E-03
   3   2   3   2.99944687500E-04
   4   2   3   8.37733437500E-04
   1   3   3  -9.83304687500E-04
   2   3   3   8.37733437500E-04
   3   3   3   3.72337187500E-04
   4   3   3   8.37733437500E-04
   1   4   3  -2.56420156250E-03
   2   4   3   8.37733437500E-04
   3   4   3   2.99944687500E-04
   4   4   3   1.17043531250E-03
   1   1   4  -1.33314703125E-02
   2   1   4   8.44788843750E-03
   3   1   4   1.17043531250E-03
   4   1   4  -2.56420156250E-03
   1   2   4  -1.33314703125E-02
   2   2   4   9.86917187500E-04
   3   2   4   8.37733437500E-04
   4   2   4  -3.62313593750E-03
   1   3   4   1.17043531250E-03
   2   3   4   2.99944687500E-04
   3   3   4   8.37733437500E-04
   4   3   4  -2.56420156250E-03
   1   4   4   1.17043531250E-03
   2   4   4   9.86917187500E-04
   3   4   4   1.17043531250E-03
   4   4   4  -2.23562843750E-03
   1   2   1   1
   1   1   1  -4.33680868994E-19
   2   1   1  -2.16840434497E-19
   3   1   1   2.16840434497E-19
   4   1   1  -2.16840434497E-19
   1   2   1  -2.16840434497E-19
   2   2   1   1.42127687500E-03
   3   2   1  -1.85103750000E-04
   4   2   1  -1.93810481250E-02
   1   3   1  -8.67361737988E-19
   2   3   1  -1.85103750000E-04
   3   3   1   3.98906250000E-03
   4   3   1  -1.85103750000E-04
   1   4   1  -2.16840434497E-19
   2   4   1  -1.93810481250E-02
   3   4   1  -1.85103750000E-04
   4   4   1   1.42127687500E-03
   1   1   2   1.93810481250E-02
   2   1   2   1.85103750000E-04
   3   1   2  -1.42127687500E-03
   4   1   2  -2.16840434497E-19
   1   2   2   1.85103750000E-04
   2   2   2   0.00000000000E+00
   3   2   2  -1.85103750000E-04
   4   2   2   0.00000000000E+00
   1   3   2  -1.42127687500E-03
   2   3   2  -1.85103750000E-04
   3   3   2  -1.37497937500E-03
   4   3   2   2.16840434497E-19
   1   4   2  -2.16840434497E-19
   2   4   2   0.00000000000E+00
   3   4   2   0.00000000000E+00
   4   4   2   0.00000000000E+00
   1   1   3  -3.98906250000E-03
   2   1   3   1.85103750000E-04
   3   1   3   2.16840434497E-19
   4   1   3   1.85103750000E-04
   1   2   3   1.85103750000E-04
   2   2   3   1.42127687500E-03
   3   2   3   0.00000000000E+00
   4   2   3   1.37497937500E-03
   1   3   3  -8.67361737988E-19
   2   3   3   2.16840434497E-19
   3   3   3  -4.33680868994E-19
   4   3   3   2.16840434497E-19
   1   4   3   1.85103750000E-04
   2   4   3   1.37497937500E-03
   3   4   3   0.00000000000E+00
   4   4   3   1.42127687500E-03
   1   1   4   1.93810481250E-02
   2   1   4  -2.16840434497E-19
   3   1   4  -1.42127687500E-03
   4   1   4   1.85103750000E-04
   1   2   4  -2.16840434497E-19
   2   2   4   0.00000000000E+00
   3   2   4   0.00000000000E+00
   4   2   4   0.00000000000E+00
   1   3   4  -1.42127687500E-03
   2   3   4   2.16840434497E-19
   3   3   4  -1.37497937500E-03
   4   3   4  -1.85103750000E-04
   1   4   4   1.85103750000E-04
   2   4   4   0.00000000000E+00
   3   4   4  -1.85103750000E-04
   4   4   4   0.00000000000E+00
   1   3   1   1
   1   1   1  -8.67361737988E-19
   2   1   1   1.93810481250E-02
   3   1   1  -3.98906250000E-03
   4   1   1   1.93810481250E-02
   1   2   1   6.50521303491E-19
   2   2   1   1.85103750000E-04
   3   2   1   1.85103750000E-04
   4   2   1   2.16840434497E-19
   1   3   1   0.00000000000E+00
   2   3   1  -1.42127687500E-03
   3   3   1  -2.16840434497E-19
   4   3   1  -1.42127687500E-03
   1   4   1   6.50521303491E-19
   2   4   1   2.16840434497E-19
   3   4   1   1.85103750000E-04
   4   4   1   1.85103750000E-04
   1   1   2   2.16840434497E-19
   2   1   2   1.85103750000E-04
   3   1   2   1.85103750000E-04
   4   1   2   2.16840434497E-19
   1   2   2   1.42127687500E-03
   2   2   2   0.00000000000E+00
   3   2   2   1.42127687500E-03
   4   2   2   0.00000000000E+00
   1   3   2  -1.85103750000E-04
   2   3   2  -1.85103750000E-04
   3   3   2   0.00000000000E+00
   4   3   2  -2.16840434497E-19
   1   4   2  -1.93810481250E-02
   2   4   2   0.00000000000E+00
   3   4   2   1.37497937500E-03
   4   4   2   0.00000000000E+00
   1   1   3   4.33680868994E-19
   2   1   3  -1.42127687500E-03
   3   1   3  -4.33680868994E-19
   4   1   3  -1.42127687500E-03
   1   2   3  -1.85103750000E-04
   2   2   3  -1.85103750000E-04
   3   2   3   0.00000000000E+00
   4   2   3  -2.16840434497E-19
   1   3   3   3.98906250000E-03
   2   3   3  -1.37497937500E-03
   3   3   3   2.16840434497E-19
   4   3   3  -1.37497937500E-03
   1   4   3  -1.85103750000E-04
   2   4   3  -2.16840434497E-19
   3   4   3   0.00000000000E+00
   4   4   3  -1.85103750000E-04
   1   1   4   2.16840434497E-19
   2   1   4   2.16840434497E-19
   3   1   4   1.85103750000E-04
   4   1   4   1.85103750000E-04
   1   2   4  -1.93810481250E-02
   2   2   4   0.00000000000E+00
   3   2   4   1.37497937500E-03
   4   2   4   0.00000000000E+00
   1   3   4  -1.85103750000E-04
   2   3   4  -2.16840434497E-19
   3   3   4   0.00000000000E+00
   4   3   4  -1.85103750000E-04
   1   4   4   1.42127687500E-03
   2   4   4   0.00000000000E+00
   3   4   4   1.42127687500E-03
   4   4   4   0.00000000000E+00
   2   1   1   1
   1   1   1  -4.33680868994E-19
   2   1   1  -2.16840434497E-19
   3   1   1   2.16840434497E-19
   4   1   1  -2.16840434497E-19
   1   2   1  -2.16840434497E-19
   2   2   1   1.42127687500E-03
   3   2   1  -1.85103750000E-04
   4   2   1  -1.93810481250E-02
   1   3   1  -8.67361737988E-19
   2   3   1  -1.85103750000E-04
   3   3   1   3.98906250000E-03
   4   3   1  -1.85103750000E-04
   1   4   1  -2.16840434497E-19
   2   4   1  -1.93810481250E-02
   3   4   1  -1.85103750000E-04
   4   4   1   1.42127687500E-03
   1   1   2   1.93810481250E-02
   2   1   2   1.85103750000E-04
   3   1   2  -1.42127687500E-03
   4   1   2  -2.16840434497E-19
   1   2   2   1.85103750000E-04
   2   2   2   0.00000000000E+00
   3   2   2  -1.85103750000E-04
   4   2   2   0.00000000000E+00
   1   3   2  -1.42127687500E-03
   2   3   2  -1.85103750000E-04
   3   3   2  -1.37497937500E-03
   4   3   2   2.16840434497E-19
   1   4   2  -2.16840434497E-19
   2   4   2   0.00000000000E+00
   3   4   2   0.00000000000E+00
   4   4   2   0.00000000000E+00
   1   1   3  -3.98906250000E-03
   2   1   3   1.85103750000E-04
   3   1   3   2.16840434497E-19
   4   1   3   1.85103750000E-04
   1   2   3   1.85103750000E-04
   2   2   3   1.42127687500E-03
   3   2   3   0.00000000000E+00
   4   2   3   1.37497937500E-03
   1   3   3  -8.67361737988E-19
   2   3   3   2.16840434497E-19
   3   3   3  -4.33680868994E-19
   4   3   3   2.16840434497E-19
   1   4   3   1.85103750000E-04
   2   4   3   1.37497937500E-03
   3   4   3   0.00000000000E+00
   4   4   3   1.42127687500E-03
   1   1   4   1.93810481250E-02
   2   1   4  -2.16840434497E-19
   3   1   4  -1.42127687500E-03
   4   1   4   1.85103750000E-04
   1   2   4  -2.16840434497E-19
   2   2   4   0.00000000000E+00
   3   2   4   0.00000000000E+00
   4   2   4   0.00000000000E+00
   1   3   4  -1.42127687500E-03
   2   3   4   2.16840434497E-19
   3   3   4  -1.37497937500E-03
   4   3   4  -1.85103750000E-04
   1   4   4   1.85103750000E-04
   2   4   4   0.00000000000E+00
   3   4   4  -1.85103750000E-04
   4   4   4   0.00000000000E+00
   2   2   1   1
   1   1   1   8.46128446875E-02
   2   1   1   8.44788843750E-03
   3   1   1  -2.49924656250E-03
   4   1   1   8.44788843750E-03
   1   2   1  -1.33314703125E-02
   2   2   1   1.17043531250E-03
   3   2   1   1.17043531250E-03
   4   2   1  -1.33314703125E-02
   1   3   1  -9.83304687500E-04
   2   3   1  -2.56420156250E-03
   3   3   1  -9.83304687500E-04
   4   3   1  -2.56420156250E-03
   1   4   1  -1.33314703125E-02
   2   4   1  -1.33314703125E-02
   3   4   1   1.17043531250E-03
   4   4   1   1.17043531250E-03
   1   1   2  -1.33314703125E-02
   2   1   2   1.17043531250E-03
   3   1   2   1.17043531250E-03
   4   1   2  -1.33314703125E-02
   1   2   2  -2.56420156250E-03
   2   2   2  -2.23562843750E-03
   3   2   2  -2.56420156250E-03
   4   2   2  -3.62313593750E-03
   1   3   2   1.17043531250E-03
   2   3   2   1.17043531250E-03
   3   3   2   8.37733437500E-04
   4   3   2   8.37733437500E-04
   1   4   2   8.44788843750E-03
   2   4   2   9.86917187500E-04
   3   4   2   2.99944687500E-04
   4   4   2   9.86917187500E-04
   1   1   3  -9.83304687500E-04
   2   1   3  -2.56420156250E-03
   3   1   3  -9.83304687500E-04
   4   1   3  -2.56420156250E-03
   1   2   3   1.17043531250E-03
   2   2   3   1.17043531250E-03
   3   2   3   8.37733437500E-04
   4   2   3   8.37733437500E-04
   1   3   3  -2.49924656250E-03
   2   3   3   2.99944687500E-04
   3   3   3   3.72337187500E-04
   4   3   3   2.99944687500E-04
   1   4   3   1.17043531250E-03
   2   4   3   8.37733437500E-04
   3   4   3   8.37733437500E-04
   4   4   3   1.17043531250E-03
   1   1   4  -1.33314703125E-02
   2   1   4  -1.33314703125E-02
   3   1   4   1.17043531250E-03
   4   1   4   1.17043531250E-03
   1   2   4   8.44788843750E-03
   2   2   4   9.86917187500E-04
   3   2   4   2.99944687500E-04
   4   2   4   9.86917187500E-04
   1   3   4   1.17043531250E-03
   2   3   4   8.37733437500E-04
   3   3   4   8.37733437500E-04
   4   3   4   1.17043531250E-03
   1   4   4  -2.56420156250E-03
   2   4   4  -3.62313593750E-03
   3   4   4  -2.56420156250E-03
   4   4   4  -2.23562843750E-03
   2   3   1   1
   1   1   1  -8.67361737988E-19
   2   1   1   2.16840434497E-19
   3   1   1  -4.33680868994E-19
   4   1   1   2.16840434497E-19
   1   2   1  -1.93810481250E-02
   2   2   1  -1.85103750000E-04
   3   2   1   1.42127687500E-03
   4   2   1   2.16840434497E-19
   1   3   1   3.98906250000E-03
   2   3   1  -1.85103750000E-04
   3   3   1  -2.16840434497E-19
   4   3   1  -1.85103750000E-04
   1   4   1  -1.93810481250E-02
   2   4   1   2.16840434497E-19
   3   4   1   1.42127687500E-03
   4   4   1  -1.85103750000E-04
   1   1   2   2.16840434497E-19
   2   1   2  -1.42127687500E-03
   3   1   2   1.85103750000E-04
   4   1   2   1.93810481250E-02
   1   2   2  -1.85103750000E-04
   2   2   2   0.00000000000E+00
   3   2   2   1.85103750000E-04
   4   2   2   0.00000000000E+00
   1   3   2  -1.85103750000E-04
   2   3   2  -1.42127687500E-03
   3   3   2   0.00000000000E+00
   4   3   2  -1.37497937500E-03
   1   4   2   6.50521303491E-19
   2   4   2   0.00000000000E+00
   3   4   2   0.00000000000E+00
   4   4   2   0.00000000000E+00
   1   1   3   4.33680868994E-19
   2   1   3   1.85103750000E-04
   3   1   3  -3.98906250000E-03
   4   1   3   1.85103750000E-04
   1   2   3   1.42127687500E-03
   2   2   3   1.85103750000E-04
   3   2   3   1.37497937500E-03
   4   2   3  -2.16840434497E-19
   1   3   3   0.00000000000E+00
   2   3   3  -2.16840434497E-19
   3   3   3   2.16840434497E-19
   4   3   3  -2.16840434497E-19
   1   4   3   1.42127687500E-03
   2   4   3  -2.16840434497E-19
   3   4   3   1.37497937500E-03
   4   4   3   1.85103750000E-04
   1   1   4   2.16840434497E-19
   2   1   4   1.93810481250E-02
   3   1   4   1.85103750000E-04
   4   1   4  -1.42127687500E-03
   1   2   4   6.50521303491E-19
   2   2   4   0.00000000000E+00
   3   2   4   0.00000000000E+00
   4   2   4   0.00000000000E+00
   1   3   4  -1.85103750000E-04
   2   3   4  -1.37497937500E-03
   3   3   4   0.00000000000E+00
   4   3   4  -1.42127687500E-03
   1   4   4  -1.85103750000E-04
   2   4   4   0.00000000000E+00
   3   4   4   1.85103750000E-04
   4   4   4   0.00000000000E+00
   3   1   1   1
   1   1   1  -8.67361737988E-19
   2   1   1   1.93810481250E-02
   3   1   1  -3.98906250000E-03
   4   1   1   1.93810481250E-02
   1   2   1   6.50521303491E-19
   2   2   1   1.85103750000E-04
   3   2   1   1.85103750000E-04
   4   2   1   2.16840434497E-19
   1   3   1   0.00000000000E+00
   2   3   1  -1.42127687500E-03
   3   3   1  -2.16840434497E-19
   4   3   1  -1.42127687500E-03
   1   4   1   6.50521303491E-19
   2   4   1   2.16840434497E-19
   3   4   1   1.85103750000E-04
   4   4   1   1.85103750000E-04
   1   1   2   2.16840434497E-19
   2   1   2   1.85103750000E-04
   3   1   2   1.85103750000E-04
   4   1   2   2.16840434497E-19
   1   2   2   1.42127687500E-03
   2   2   2   0.00000000000E+00
   3   2   2   1.42127687500E-03
   4   2   2   0.00000000000E+00
   1   3   2  -1.85103750000E-04
   2   3   2  -1.85103750000E-04
   3   3   2   0.00000000000E+00
   4   3   2  -2.16840434497E-19
   1   4   2  -1.93810481250E-02
   2   4   2   0.00000000000E+00
   3   4   2   1.37497937500E-03
   4   4   2   0.00000000000E+00
   1   1   3   4.33680868994E-19
   2   1   3  -1.42127687500E-03
   3   1   3  -4.33680868994E-19
   4   1   3  -1.42127687500E-03
   1   2   3  -1.85103750000E-04
   2   2   3  -1.85103750000E-04
   3   2   3   0.00000000000E+00
   4   2   3  -2.16840434497E-19
   1   3   3   3.98906250000E-03
   2   3   3  -1.37497937500E-03
   3   3   3   2.16840434497E-19
   4   3   3  -1.37497937500E-03
   1   4   3  -1.85103750000E-04
   2   4   3  -2.16840434497E-19
   3   4   3   0.00000000000E+00
   4   4   3  -1.85103750000E-04
   1   1   4   2.16840434497E-19
   2   1   4   2.16840434497E-19
   3   1   4   1.85103750000E-04
   4   1   4   1.85103750000E-04
   1   2   4  -1.93810481250E-02
   2   2   4   0.00000000000E+00
   3   2   4   1.37497937500E-03
   4   2   4   0.00000000000E+00
   1   3   4  -1.85103750000E-04
   2   3   4  -2.16840434497E-19
   3   3   4   0.00000000000E+00
   4   3   4  -1.85103750000E-04
   1   4   4   1.42127687500E-03
   2   4   4   0.00000000000E+00
   3   4   4   1.42127687500E-03
   4   4   4   0.00000000000E+00
   3   2   1   1
   1   1   1  -8.67361737988E-19
   2   1   1   2.16840434497E-19
   3   1   1  -4.33680868994E-19
   4   1   1   2.16840434497E-19
   1   2   1  -1.93810481250E-02
   2   2   1  -1.85103750000E-04
   3   2   1   1.42127687500E-03
   4   2   1   2.16840434497E-19
   1   3   1   3.98906250000E-03
   2   3   1  -1.85103750000E-04
   3   3   1  -2.16840434497E-19
   4   3   1  -1.85103750000E-04
   1   4   1  -1.93810481250E-02
   2   4   1   2.16840434497E-19
   3   4   1   1.42127687500E-03
   4   4   1  -1.85103750000E-04
   1   1   2   2.16840434497E-19
   2   1   2  -1.42127687500E-03
   3   1   2   1.85103750000E-04
   4   1   2   1.93810481250E-02
   1   2   2  -1.85103750000E-04
   2   2   2   0.00000000000E+00
   3   2   2   1.85103750000E-04
   4   2   2   0.00000000000E+00
   1   3   2  -1.85103750000E-04
   2   3   2  -1.42127687500E-03
   3   3   2   0.00000000000E+00
   4   3   2  -1.37497937500E-03
   1   4   2   6.50521303491E-19
   2   4   2   0.00000000000E+00
   3   4   2   0.00000000000E+00
   4   4   2   0.00000000000E+00
   1   1   3   4.33680868994E-19
   2   1   3   1.85103750000E-04
   3   1   3  -3.98906250000E-03
   4   1   3   1.85103750000E-04
   1   2   3   1.42127687500E-03
   2   2   3   1.85103750000E-04
   3   2   3   1.37497937500E-03
   4   2   3  -2.16840434497E-19
   1   3   3   0.00000000000E+00
   2   3   3  -2.16840434497E-19
   3   3   3   2.16840434497E-19
   4   3   3  -2.16840434497E-19
   1   4   3   1.42127687500E-03
   2   4   3  -2.16840434497E-19
   3   4   3   1.37497937500E-03
   4   4   3   1.85103750000E-04
   1   1   4   2.16840434497E-19
   2   1   4   1.93810481250E-02
   3   1   4   1.85103750000E-04
   4   1   4  -1.42127687500E-03
   1   2   4   6.50521303491E-19
   2   2   4   0.00000000000E+00
   3   2   4   0.00000000000E+00
   4   2   4   0.00000000000E+00
   1   3   4  -1.85103750000E-04
   2   3   4  -1.37497937500E-03
   3   3   4   0.00000000000E+00
   4   3   4  -1.42127687500E-03
   1   4   4  -1.85103750000E-04
   2   4   4   0.00000000000E+00
   3   4   4   1.85103750000E-04
   4   4   4   0.00000000000E+00
   3   3   1   1
   1   1   1   8.46128446875E-02
   2   1   1  -1.33314703125E-02
   3   1   1  -9.83304687500E-04
   4   1   1  -1.33314703125E-02
   1   2   1  -1.33314703125E-02
   2   2   1  -2.56420156250E-03
   3   2   1   1.17043531250E-03
   4   2   1   8.44788843750E-03
   1   3   1  -9.83304687500E-04
   2   3   1   1.17043531250E-03
   3   3   1  -2.49924656250E-03
   4   3   1   1.17043531250E-03
   1   4   1  -1.33314703125E-02
   2   4   1   8.44788843750E-03
   3   4   1   1.17043531250E-03
   4   4   1  -2.56420156250E-03
   1   1   2   8.44788843750E-03
   2   1   2   1.17043531250E-03
   3   1   2  -2.56420156250E-03
   4   1   2  -1.33314703125E-02
   1   2   2   1.17043531250E-03
   2   2   2  -2.23562843750E-03
   3   2   2   1.17043531250E-03
   4   2   2   9.86917187500E-04
   1   3   2  -2.56420156250E-03
   2   3   2   1.17043531250E-03
   3   3   2   2.99944687500E-04
   4   3   2   8.37733437500E-04
   1   4   2  -1.33314703125E-02
   2   4   2   9.86917187500E-04
   3   4   2   8.37733437500E-04
   4   4   2  -3.62313593750E-03
   1   1   3  -2.49924656250E-03
   2   1   3   1.17043531250E-03
   3   1   3  -9.83304687500E-04
   4   1   3   1.17043531250E-03
   1   2   3   1.17043531250E-03
   2   2   3  -2.56420156250E-03
   3   2   3   8.37733437500E-04
   4   2   3   2.99944687500E-04
   1   3   3  -9.83304687500E-04
   2   3   3   8.37733437500E-04
   3   3   3   3.72337187500E-04
   4   3   3   8.37733437500E-04
   1   4   3   1.17043531250E-03
   2   4   3   2.99944687500E-04
   3   4   3   8.37733437500E-04
   4   4   3  -2.56420156250E-03
   1   1   4   8.44788843750E-03
   2   1   4  -1.33314703125E-02
   3   1   4  -2.56420156250E-03
   4   1   4   1.17043531250E-03
   1   2   4  -1.33314703125E-02
   2   2   4  -3.62313593750E-03
   3   2   4   8.37733437500E-04
   4   2   4   9.86917187500E-04
   1   3   4  -2.56420156250E-03
   2   3   4   8.37733437500E-04
   3   3   4   2.99944687500E-04
   4   3   4   1.17043531250E-03
   1   4   4   1.17043531250E-03
   2   4   4   9.86917187500E-04
   3   4   4   1.17043531250E-03
   4   4   4  -2.23562843750E-03
