  2.500000000000000E-002  0.616022021467486        2.65897376282667     
   4   4   4
   1   1   1   1
   1   1   1   8.45388567187E-02
   2   1   1  -1.33583148438E-02
   3   1   1  -1.06014953125E-03
   4   1   1  -1.33583148438E-02
   1   2   1   7.92207859375E-03
   2   2   1   1.24246015625E-03
   3   2   1  -2.73152890625E-03
   4   2   1  -1.33583148438E-02
   1   3   1  -3.03172078125E-03
   2   3   1   1.24246015625E-03
   3   3   1  -1.06014953125E-03
   4   3   1   1.24246015625E-03
   1   4   1   7.92207859375E-03
   2   4   1  -1.33583148438E-02
   3   4   1  -2.73152890625E-03
   4   4   1   1.24246015625E-03
   1   1   2  -1.33583148437E-02
   2   1   2  -2.73152890625E-03
   3   1   2   1.24246015625E-03
   4   1   2   7.92207859375E-03
   1   2   2   1.24246015625E-03
   2   2   2  -1.33712078125E-03
   3   2   2   1.24246015625E-03
   4   2   2   1.18968796875E-03
   1   3   2   1.24246015625E-03
   2   3   2  -2.73152890625E-03
   3   3   2   7.89095156250E-04
   4   3   2   7.43111093750E-04
   1   4   2  -1.33583148438E-02
   2   4   2  -4.28929078125E-03
   3   4   2   7.89095156250E-04
   4   4   2   1.18968796875E-03
   1   1   3  -1.06014953125E-03
   2   1   3   1.24246015625E-03
   3   1   3  -3.03172078125E-03
   4   1   3   1.24246015625E-03
   1   2   3  -2.73152890625E-03
   2   2   3   1.24246015625E-03
   3   2   3   7.43111093750E-04
   4   2   3   7.89095156250E-04
   1   3   3  -1.06014953125E-03
   2   3   3   7.89095156250E-04
   3   3   3   1.05679171875E-03
   4   3   3   7.89095156250E-04
   1   4   3  -2.73152890625E-03
   2   4   3   7.89095156250E-04
   3   4   3   7.43111093750E-04
   4   4   3   1.24246015625E-03
   1   1   4  -1.33583148437E-02
   2   1   4   7.92207859375E-03
   3   1   4   1.24246015625E-03
   4   1   4  -2.73152890625E-03
   1   2   4  -1.33583148438E-02
   2   2   4   1.18968796875E-03
   3   2   4   7.89095156250E-04
   4   2   4  -4.28929078125E-03
   1   3   4   1.24246015625E-03
   2   3   4   7.43111093750E-04
   3   3   4   7.89095156250E-04
   4   3   4  -2.73152890625E-03
   1   4   4   1.24246015625E-03
   2   4   4   1.18968796875E-03
   3   4   4   1.24246015625E-03
   4   4   4  -1.33712078125E-03
   1   2   1   1
   1   1   1  -4.33680868994E-19
   2   1   1  -2.16840434497E-19
   3   1   1  -2.16840434497E-19
   4   1   1  -2.16840434497E-19
   1   2   1   0.00000000000E+00
   2   2   1   1.85974812500E-03
   3   2   1   1.49718750000E-05
   4   2   1  -1.95210975000E-02
   1   3   1   0.00000000000E+00
   2   3   1   1.49718750000E-05
   3   3   1   4.25674375000E-03
   4   3   1   1.49718750000E-05
   1   4   1   0.00000000000E+00
   2   4   1  -1.95210975000E-02
   3   4   1   1.49718750000E-05
   4   4   1   1.85974812500E-03
   1   1   2   1.95210975000E-02
   2   1   2  -1.49718750000E-05
   3   1   2  -1.85974812500E-03
   4   1   2  -2.16840434497E-19
   1   2   2  -1.49718750000E-05
   2   2   2   0.00000000000E+00
   3   2   2   1.49718750000E-05
   4   2   2   0.00000000000E+00
   1   3   2  -1.85974812500E-03
   2   3   2   1.49718750000E-05
   3   3   2  -1.06792375000E-03
   4   3   2   2.16840434497E-19
   1   4   2   0.00000000000E+00
   2   4   2   0.00000000000E+00
   3   4   2   0.00000000000E+00
   4   4   2   0.00000000000E+00
   1   1   3  -4.25674375000E-03
   2   1   3  -1.49718750000E-05
   3   1   3  -2.16840434497E-19
   4   1   3  -1.49718750000E-05
   1   2   3  -1.49718750000E-05
   2   2   3   1.85974812500E-03
   3   2   3   0.00000000000E+00
   4   2   3   1.06792375000E-03
   1   3   3   0.00000000000E+00
   2   3   3   2.16840434497E-19
   3   3   3   4.33680868994E-19
   4   3   3   2.16840434497E-19
   1   4   3  -1.49718750000E-05
   2   4   3   1.06792375000E-03
   3   4   3   0.00000000000E+00
   4   4   3   1.85974812500E-03
   1   1   4   1.95210975000E-02
   2   1   4  -2.16840434497E-19
   3   1   4  -1.85974812500E-03
   4   1   4  -1.49718750000E-05
   1   2   4   0.00000000000E+00
   2   2   4   0.00000000000E+00
   3   2   4   0.00000000000E+00
   4   2   4   0.00000000000E+00
   1   3   4  -1.85974812500E-03
   2   3   4   2.16840434497E-19
   3   3   4  -1.06792375000E-03
   4   3   4   1.49718750000E-05
   1   4   4  -1.49718750000E-05
   2   4   4   0.00000000000E+00
   3   4   4   1.49718750000E-05
   4   4   4   0.00000000000E+00
   1   3   1   1
   1   1   1   2.16840434497E-19
   2   1   1   1.95210975000E-02
   3   1   1  -4.25674375000E-03
   4   1   1   1.95210975000E-02
   1   2   1   2.16840434497E-19
   2   2   1  -1.49718750000E-05
   3   2   1  -1.49718750000E-05
   4   2   1   2.16840434497E-19
   1   3   1  -4.33680868994E-19
   2   3   1  -1.85974812500E-03
   3   3   1   2.16840434497E-19
   4   3   1  -1.85974812500E-03
   1   4   1   2.16840434497E-19
   2   4   1   2.16840434497E-19
   3   4   1  -1.49718750000E-05
   4   4   1  -1.49718750000E-05
   1   1   2   0.00000000000E+00
   2   1   2  -1.49718750000E-05
   3   1   2  -1.49718750000E-05
   4   1   2  -2.16840434497E-19
   1   2   2   1.85974812500E-03
   2   2   2   0.00000000000E+00
   3   2   2   1.85974812500E-03
   4   2   2   0.00000000000E+00
   1   3   2   1.49718750000E-05
   2   3   2   1.49718750000E-05
   3   3   2   0.00000000000E+00
   4   3   2  -2.16840434497E-19
   1   4   2  -1.95210975000E-02
   2   4   2   0.00000000000E+00
   3   4   2   1.06792375000E-03
   4   4   2   0.00000000000E+00
   1   1   3  -2.16840434497E-19
   2   1   3  -1.85974812500E-03
   3   1   3   4.33680868994E-19
   4   1   3  -1.85974812500E-03
   1   2   3   1.49718750000E-05
   2   2   3   1.49718750000E-05
   3   2   3   0.00000000000E+00
   4   2   3  -2.16840434497E-19
   1   3   3   4.25674375000E-03
   2   3   3  -1.06792375000E-03
   3   3   3  -2.16840434497E-19
   4   3   3  -1.06792375000E-03
   1   4   3   1.49718750000E-05
   2   4   3  -2.16840434497E-19
   3   4   3   0.00000000000E+00
   4   4   3   1.49718750000E-05
   1   1   4   0.00000000000E+00
   2   1   4  -2.16840434497E-19
   3   1   4  -1.49718750000E-05
   4   1   4  -1.49718750000E-05
   1   2   4  -1.95210975000E-02
   2   2   4   0.00000000000E+00
   3   2   4   1.06792375000E-03
   4   2   4   0.00000000000E+00
   1   3   4   1.49718750000E-05
   2   3   4  -2.16840434497E-19
   3   3   4   0.00000000000E+00
   4   3   4   1.49718750000E-05
   1   4   4   1.85974812500E-03
   2   4   4   0.00000000000E+00
   3   4   4   1.85974812500E-03
   4   4   4   0.00000000000E+00
   2   1   1   1
   1   1   1  -4.33680868994E-19
   2   1   1  -2.16840434497E-19
   3   1   1  -2.16840434497E-19
   4   1   1  -2.16840434497E-19
   1   2   1   0.00000000000E+00
   2   2   1   1.85974812500E-03
   3   2   1   1.49718750000E-05
   4   2   1  -1.95210975000E-02
   1   3   1   0.00000000000E+00
   2   3   1   1.49718750000E-05
   3   3   1   4.25674375000E-03
   4   3   1   1.49718750000E-05
   1   4   1   0.00000000000E+00
   2   4   1  -1.95210975000E-02
   3   4   1   1.49718750000E-05
   4   4   1   1.85974812500E-03
   1   1   2   1.95210975000E-02
   2   1   2  -1.49718750000E-05
   3   1   2  -1.85974812500E-03
   4   1   2  -2.16840434497E-19
   1   2   2  -1.49718750000E-05
   2   2   2   0.00000000000E+00
   3   2   2   1.49718750000E-05
   4   2   2   0.00000000000E+00
   1   3   2  -1.85974812500E-03
   2   3   2   1.49718750000E-05
   3   3   2  -1.06792375000E-03
   4   3   2   2.16840434497E-19
   1   4   2   0.00000000000E+00
   2   4   2   0.00000000000E+00
   3   4   2   0.00000000000E+00
   4   4   2   0.00000000000E+00
   1   1   3  -4.25674375000E-03
   2   1   3  -1.49718750000E-05
   3   1   3  -2.16840434497E-19
   4   1   3  -1.49718750000E-05
   1   2   3  -1.49718750000E-05
   2   2   3   1.85974812500E-03
   3   2   3   0.00000000000E+00
   4   2   3   1.06792375000E-03
   1   3   3   0.00000000000E+00
   2   3   3   2.16840434497E-19
   3   3   3   4.33680868994E-19
   4   3   3   2.16840434497E-19
   1   4   3  -1.49718750000E-05
   2   4   3   1.06792375000E-03
   3   4   3   0.00000000000E+00
   4   4   3   1.85974812500E-03
   1   1   4   1.95210975000E-02
   2   1   4  -2.16840434497E-19
   3   1   4  -1.85974812500E-03
   4   1   4  -1.49718750000E-05
   1   2   4   0.00000000000E+00
   2   2   4   0.00000000000E+00
   3   2   4   0.00000000000E+00
   4   2   4   0.00000000000E+00
   1   3   4  -1.85974812500E-03
   2   3   4   2.16840434497E-19
   3   3   4  -1.06792375000E-03
   4   3   4   1.49718750000E-05
   1   4   4  -1.49718750000E-05
   2   4   4   0.00000000000E+00
   3   4   4   1.49718750000E-05
   4   4   4   0.00000000000E+00
   2   2   1   1
   1   1   1   8.45388567187E-02
   2   1   1   7.92207859375E-03
   3   1   1  -3.03172078125E-03
   4   1   1   7.92207859375E-03
   1   2   1  -1.33583148438E-02
   2   2   1   1.24246015625E-03
   3   2   1   1.24246015625E-03
   4   2   1  -1.33583148438E-02
   1   3   1  -1.06014953125E-03
   2   3   1  -2.73152890625E-03
   3   3   1  -1.06014953125E-03
   4   3   1  -2.73152890625E-03
   1   4   1  -1.33583148438E-02
   2   4   1  -1.33583148438E-02
   3   4   1   1.24246015625E-03
   4   4   1   1.24246015625E-03
   1   1   2  -1.33583148437E-02
   2   1   2   1.24246015625E-03
   3   1   2   1.24246015625E-03
   4   1   2  -1.33583148438E-02
   1   2   2  -2.73152890625E-03
   2   2   2  -1.33712078125E-03
   3   2   2  -2.73152890625E-03
   4   2   2  -4.28929078125E-03
   1   3   2   1.24246015625E-03
   2   3   2   1.24246015625E-03
   3   3   2   7.89095156250E-04
   4   3   2   7.89095156250E-04
   1   4   2   7.92207859375E-03
   2   4   2   1.18968796875E-03
   3   4   2   7.43111093750E-04
   4   4   2   1.18968796875E-03
   1   1   3  -1.06014953125E-03
   2   1   3  -2.73152890625E-03
   3   1   3  -1.06014953125E-03
   4   1   3  -2.73152890625E-03
   1   2   3   1.24246015625E-03
   2   2   3   1.24246015625E-03
   3   2   3   7.89095156250E-04
   4   2   3   7.89095156250E-04
   1   3   3  -3.03172078125E-03
   2   3   3   7.43111093750E-04
   3   3   3   1.05679171875E-03
   4   3   3   7.43111093750E-04
   1   4   3   1.24246015625E-03
   2   4   3   7.89095156250E-04
   3   4   3   7.89095156250E-04
   4   4   3   1.24246015625E-03
   1   1   4  -1.33583148437E-02
   2   1   4  -1.33583148438E-02
   3   1   4   1.24246015625E-03
   4   1   4   1.24246015625E-03
   1   2   4   7.92207859375E-03
   2   2   4   1.18968796875E-03
   3   2   4   7.43111093750E-04
   4   2   4   1.18968796875E-03
   1   3   4   1.24246015625E-03
   2   3   4   7.89095156250E-04
   3   3   4   7.89095156250E-04
   4   3   4   1.24246015625E-03
   1   4   4  -2.73152890625E-03
   2   4   4  -4.28929078125E-03
   3   4   4  -2.73152890625E-03
   4   4   4  -1.33712078125E-03
   2   3   1   1
   1   1   1   2.16840434497E-19
   2   1   1  -2.16840434497E-19
   3   1   1   4.33680868994E-19
   4   1   1  -2.16840434497E-19
   1   2   1  -1.95210975000E-02
   2   2   1   1.49718750000E-05
   3   2   1   1.85974812500E-03
   4   2   1   2.16840434497E-19
   1   3   1   4.25674375000E-03
   2   3   1   1.49718750000E-05
   3   3   1   2.16840434497E-19
   4   3   1   1.49718750000E-05
   1   4   1  -1.95210975000E-02
   2   4   1   2.16840434497E-19
   3   4   1   1.85974812500E-03
   4   4   1   1.49718750000E-05
   1   1   2   0.00000000000E+00
   2   1   2  -1.85974812500E-03
   3   1   2  -1.49718750000E-05
   4   1   2   1.95210975000E-02
   1   2   2   1.49718750000E-05
   2   2   2   0.00000000000E+00
   3   2   2  -1.49718750000E-05
   4   2   2   0.00000000000E+00
   1   3   2   1.49718750000E-05
   2   3   2  -1.85974812500E-03
   3   3   2   0.00000000000E+00
   4   3   2  -1.06792375000E-03
   1   4   2   2.16840434497E-19
   2   4   2   0.00000000000E+00
   3   4   2   0.00000000000E+00
   4   4   2   0.00000000000E+00
   1   1   3  -2.16840434497E-19
   2   1   3  -1.49718750000E-05
   3   1   3  -4.25674375000E-03
   4   1   3  -1.49718750000E-05
   1   2   3   1.85974812500E-03
   2   2   3  -1.49718750000E-05
   3   2   3   1.06792375000E-03
   4   2   3  -2.16840434497E-19
   1   3   3  -4.33680868994E-19
   2   3   3  -2.16840434497E-19
   3   3   3  -2.16840434497E-19
   4   3   3  -2.16840434497E-19
   1   4   3   1.85974812500E-03
   2   4   3  -2.16840434497E-19
   3   4   3   1.06792375000E-03
   4   4   3  -1.49718750000E-05
   1   1   4   0.00000000000E+00
   2   1   4   1.95210975000E-02
   3   1   4  -1.49718750000E-05
   4   1   4  -1.85974812500E-03
   1   2   4   2.16840434497E-19
   2   2   4   0.00000000000E+00
   3   2   4   0.00000000000E+00
   4   2   4   0.00000000000E+00
   1   3   4   1.49718750000E-05
   2   3   4  -1.06792375000E-03
   3   3   4   0.00000000000E+00
   4   3   4  -1.85974812500E-03
   1   4   4   1.49718750000E-05
   2   4   4   0.00000000000E+00
   3   4   4  -1.49718750000E-05
   4   4   4   0.00000000000E+00
   3   1   1   1
   1   1   1   2.16840434497E-19
   2   1   1   1.95210975000E-02
   3   1   1  -4.25674375000E-03
   4   1   1   1.95210975000E-02
   1   2   1   2.16840434497E-19
   2   2   1  -1.49718750000E-05
   3   2   1  -1.49718750000E-05
   4   2   1   2.16840434497E-19
   1   3   1  -4.33680868994E-19
   2   3   1  -1.85974812500E-03
   3   3   1   2.16840434497E-19
   4   3   1  -1.85974812500E-03
   1   4   1   2.16840434497E-19
   2   4   1   2.16840434497E-19
   3   4   1  -1.49718750000E-05
   4   4   1  -1.49718750000E-05
   1   1   2   0.00000000000E+00
   2   1   2  -1.49718750000E-05
   3   1   2  -1.49718750000E-05
   4   1   2  -2.16840434497E-19
   1   2   2   1.85974812500E-03
   2   2   2   0.00000000000E+00
   3   2   2   1.85974812500E-03
   4   2   2   0.00000000000E+00
   1   3   2   1.49718750000E-05
   2   3   2   1.49718750000E-05
   3   3   2   0.00000000000E+00
   4   3   2  -2.16840434497E-19
   1   4   2  -1.95210975000E-02
   2   4   2   0.00000000000E+00
   3   4   2   1.06792375000E-03
   4   4   2   0.00000000000E+00
   1   1   3  -2.16840434497E-19
   2   1   3  -1.85974812500E-03
   3   1   3   4.33680868994E-19
   4   1   3  -1.85974812500E-03
   1   2   3   1.49718750000E-05
   2   2   3   1.49718750000E-05
   3   2   3   0.00000000000E+00
   4   2   3  -2.16840434497E-19
   1   3   3   4.25674375000E-03
   2   3   3  -1.06792375000E-03
   3   3   3  -2.16840434497E-19
   4   3   3  -1.06792375000E-03
   1   4   3   1.49718750000E-05
   2   4   3  -2.16840434497E-19
   3   4   3   0.00000000000E+00
   4   4   3   1.49718750000E-05
   1   1   4   0.00000000000E+00
   2   1   4  -2.16840434497E-19
   3   1   4  -1.49718750000E-05
   4   1   4  -1.49718750000E-05
   1   2   4  -1.95210975000E-02
   2   2   4   0.00000000000E+00
   3   2   4   1.06792375000E-03
   4   2   4   0.00000000000E+00
   1   3   4   1.49718750000E-05
   2   3   4  -2.16840434497E-19
   3   3   4   0.00000000000E+00
   4   3   4   1.49718750000E-05
   1   4   4   1.85974812500E-03
   2   4   4   0.00000000000E+00
   3   4   4   1.85974812500E-03
   4   4   4   0.00000000000E+00
   3   2   1   1
   1   1   1   2.16840434497E-19
   2   1   1  -2.16840434497E-19
   3   1   1   4.33680868994E-19
   4   1   1  -2.16840434497E-19
   1   2   1  -1.95210975000E-02
   2   2   1   1.49718750000E-05
   3   2   1   1.85974812500E-03
   4   2   1   2.16840434497E-19
   1   3   1   4.25674375000E-03
   2   3   1   1.49718750000E-05
   3   3   1   2.16840434497E-19
   4   3   1   1.49718750000E-05
   1   4   1  -1.95210975000E-02
   2   4   1   2.16840434497E-19
   3   4   1   1.85974812500E-03
   4   4   1   1.49718750000E-05
   1   1   2   0.00000000000E+00
   2   1   2  -1.85974812500E-03
   3   1   2  -1.49718750000E-05
   4   1   2   1.95210975000E-02
   1   2   2   1.49718750000E-05
   2   2   2   0.00000000000E+00
   3   2   2  -1.49718750000E-05
   4   2   2   0.00000000000E+00
   1   3   2   1.49718750000E-05
   2   3   2  -1.85974812500E-03
   3   3   2   0.00000000000E+00
   4   3   2  -1.06792375000E-03
   1   4   2   2.16840434497E-19
   2   4   2   0.00000000000E+00
   3   4   2   0.00000000000E+00
   4   4   2   0.00000000000E+00
   1   1   3  -2.16840434497E-19
   2   1   3  -1.49718750000E-05
   3   1   3  -4.25674375000E-03
   4   1   3  -1.49718750000E-05
   1   2   3   1.85974812500E-03
   2   2   3  -1.49718750000E-05
   3   2   3   1.06792375000E-03
   4   2   3  -2.16840434497E-19
   1   3   3  -4.33680868994E-19
   2   3   3  -2.16840434497E-19
   3   3   3  -2.16840434497E-19
   4   3   3  -2.16840434497E-19
   1   4   3   1.85974812500E-03
   2   4   3  -2.16840434497E-19
   3   4   3   1.06792375000E-03
   4   4   3  -1.49718750000E-05
   1   1   4   0.00000000000E+00
   2   1   4   1.95210975000E-02
   3   1   4  -1.49718750000E-05
   4   1   4  -1.85974812500E-03
   1   2   4   2.16840434497E-19
   2   2   4   0.00000000000E+00
   3   2   4   0.00000000000E+00
   4   2   4   0.00000000000E+00
   1   3   4   1.49718750000E-05
   2   3   4  -1.06792375000E-03
   3   3   4   0.00000000000E+00
   4   3   4  -1.85974812500E-03
   1   4   4   1.49718750000E-05
   2   4   4   0.00000000000E+00
   3   4   4  -1.49718750000E-05
   4   4   4   0.00000000000E+00
   3   3   1   1
   1   1   1   8.45388567187E-02
   2   1   1  -1.33583148438E-02
   3   1   1  -1.06014953125E-03
   4   1   1  -1.33583148438E-02
   1   2   1  -1.33583148438E-02
   2   2   1  -2.73152890625E-03
   3   2   1   1.24246015625E-03
   4   2   1   7.92207859375E-03
   1   3   1  -1.06014953125E-03
   2   3   1   1.24246015625E-03
   3   3   1  -3.03172078125E-03
   4   3   1   1.24246015625E-03
   1   4   1  -1.33583148438E-02
   2   4   1   7.92207859375E-03
   3   4   1   1.24246015625E-03
   4   4   1  -2.73152890625E-03
   1   1   2   7.92207859375E-03
   2   1   2   1.24246015625E-03
   3   1   2  -2.73152890625E-03
   4   1   2  -1.33583148438E-02
   1   2   2   1.24246015625E-03
   2   2   2  -1.33712078125E-03
   3   2   2   1.24246015625E-03
   4   2   2   1.18968796875E-03
   1   3   2  -2.73152890625E-03
   2   3   2   1.24246015625E-03
   3   3   2   7.43111093750E-04
   4   3   2   7.89095156250E-04
   1   4   2  -1.33583148438E-02
   2   4   2   1.18968796875E-03
   3   4   2   7.89095156250E-04
   4   4   2  -4.28929078125E-03
   1   1   3  -3.03172078125E-03
   2   1   3   1.24246015625E-03
   3   1   3  -1.06014953125E-03
   4   1   3   1.24246015625E-03
   1   2   3   1.24246015625E-03
   2   2   3  -2.73152890625E-03
   3   2   3   7.89095156250E-04
   4   2   3   7.43111093750E-04
   1   3   3  -1.06014953125E-03
   2   3   3   7.89095156250E-04
   3   3   3   1.05679171875E-03
   4   3   3   7.89095156250E-04
   1   4   3   1.24246015625E-03
   2   4   3   7.43111093750E-04
   3   4   3   7.89095156250E-04
   4   4   3  -2.73152890625E-03
   1   1   4   7.92207859375E-03
   2   1   4  -1.33583148438E-02
   3   1   4  -2.73152890625E-03
   4   1   4   1.24246015625E-03
   1   2   4  -1.33583148438E-02
   2   2   4  -4.28929078125E-03
   3   2   4   7.89095156250E-04
   4   2   4   1.18968796875E-03
   1   3   4  -2.73152890625E-03
   2   3   4   7.89095156250E-04
   3   3   4   7.43111093750E-04
   4   3   4   1.24246015625E-03
   1   4   4   1.24246015625E-03
   2   4   4   1.18968796875E-03
   3   4   4   1.24246015625E-03
   4   4   4  -1.33712078125E-03
