  5.000000000000000E-003  0.616750286570726        2.77724569394216     
   4   4   4
   1   1   1   1
   1   1   1   9.68876348438E-02
   2   1   1  -1.25938889063E-02
   3   1   1   4.95291671875E-03
   4   1   1  -1.25938889063E-02
   1   2   1   8.65085734375E-03
   2   2   1  -4.30952140625E-03
   3   2   1  -8.34494828125E-03
   4   2   1  -1.25938889062E-02
   1   3   1   8.36038484375E-03
   2   3   1  -4.30952140625E-03
   3   3   1   4.95291671875E-03
   4   3   1  -4.30952140625E-03
   1   4   1   8.65085734375E-03
   2   4   1  -1.25938889062E-02
   3   4   1  -8.34494828125E-03
   4   4   1  -4.30952140625E-03
   1   1   2  -1.25938889062E-02
   2   1   2  -8.34494828125E-03
   3   1   2  -4.30952140625E-03
   4   1   2   8.65085734375E-03
   1   2   2  -4.30952140625E-03
   2   2   2   1.43392460938E-02
   3   2   2  -4.30952140625E-03
   4   2   2   1.00156454688E-02
   1   3   2  -4.30952140625E-03
   2   3   2  -8.34494828125E-03
   3   3   2   3.95264843750E-04
   4   3   2   3.36092609375E-03
   1   4   2  -1.25938889062E-02
   2   4   2  -9.26958515625E-03
   3   4   2   3.95264843750E-04
   4   4   2   1.00156454688E-02
   1   1   3   4.95291671875E-03
   2   1   3  -4.30952140625E-03
   3   1   3   8.36038484375E-03
   4   1   3  -4.30952140625E-03
   1   2   3  -8.34494828125E-03
   2   2   3  -4.30952140625E-03
   3   2   3   3.36092609375E-03
   4   2   3   3.95264843750E-04
   1   3   3   4.95291671875E-03
   2   3   3   3.95264843750E-04
   3   3   3   1.66271234375E-03
   4   3   3   3.95264843750E-04
   1   4   3  -8.34494828125E-03
   2   4   3   3.95264843750E-04
   3   4   3   3.36092609375E-03
   4   4   3  -4.30952140625E-03
   1   1   4  -1.25938889062E-02
   2   1   4   8.65085734375E-03
   3   1   4  -4.30952140625E-03
   4   1   4  -8.34494828125E-03
   1   2   4  -1.25938889062E-02
   2   2   4   1.00156454688E-02
   3   2   4   3.95264843750E-04
   4   2   4  -9.26958515625E-03
   1   3   4  -4.30952140625E-03
   2   3   4   3.36092609375E-03
   3   3   4   3.95264843750E-04
   4   3   4  -8.34494828125E-03
   1   4   4  -4.30952140625E-03
   2   4   4   1.00156454688E-02
   3   4   4  -4.30952140625E-03
   4   4   4   1.43392460938E-02
   1   2   1   1
   1   1   1  -2.16840434497E-18
   2   1   1  -2.16840434497E-19
   3   1   1   0.00000000000E+00
   4   1   1  -2.16840434497E-19
   1   2   1  -2.16840434497E-19
   2   2   1   4.35469625000E-03
   3   2   1  -3.90401250000E-04
   4   2   1  -2.22412450000E-02
   1   3   1   0.00000000000E+00
   2   3   1  -3.90401250000E-04
   3   3   1   1.79057000000E-03
   4   3   1  -3.90401250000E-04
   1   4   1  -2.16840434497E-19
   2   4   1  -2.22412450000E-02
   3   4   1  -3.90401250000E-04
   4   4   1   4.35469625000E-03
   1   1   2   2.22412450000E-02
   2   1   2   3.90401250000E-04
   3   1   2  -4.35469625000E-03
   4   1   2  -2.16840434497E-19
   1   2   2   3.90401250000E-04
   2   2   2   0.00000000000E+00
   3   2   2  -3.90401250000E-04
   4   2   2   0.00000000000E+00
   1   3   2  -4.35469625000E-03
   2   3   2  -3.90401250000E-04
   3   3   2  -3.86015000000E-04
   4   3   2   2.16840434497E-19
   1   4   2  -2.16840434497E-19
   2   4   2   0.00000000000E+00
   3   4   2   0.00000000000E+00
   4   4   2   0.00000000000E+00
   1   1   3  -1.79057000000E-03
   2   1   3   3.90401250000E-04
   3   1   3   0.00000000000E+00
   4   1   3   3.90401250000E-04
   1   2   3   3.90401250000E-04
   2   2   3   4.35469625000E-03
   3   2   3   0.00000000000E+00
   4   2   3   3.86015000000E-04
   1   3   3   0.00000000000E+00
   2   3   3   2.16840434497E-19
   3   3   3   2.16840434497E-19
   4   3   3   2.16840434497E-19
   1   4   3   3.90401250000E-04
   2   4   3   3.86015000000E-04
   3   4   3   0.00000000000E+00
   4   4   3   4.35469625000E-03
   1   1   4   2.22412450000E-02
   2   1   4  -2.16840434497E-19
   3   1   4  -4.35469625000E-03
   4   1   4   3.90401250000E-04
   1   2   4  -2.16840434497E-19
   2   2   4   0.00000000000E+00
   3   2   4   0.00000000000E+00
   4   2   4   0.00000000000E+00
   1   3   4  -4.35469625000E-03
   2   3   4   2.16840434497E-19
   3   3   4  -3.86015000000E-04
   4   3   4  -3.90401250000E-04
   1   4   4   3.90401250000E-04
   2   4   4   0.00000000000E+00
   3   4   4  -3.90401250000E-04
   4   4   4   0.00000000000E+00
   1   3   1   1
   1   1   1   0.00000000000E+00
   2   1   1   2.22412450000E-02
   3   1   1  -1.79057000000E-03
   4   1   1   2.22412450000E-02
   1   2   1   6.50521303491E-19
   2   2   1   3.90401250000E-04
   3   2   1   3.90401250000E-04
   4   2   1   2.16840434497E-19
   1   3   1  -4.33680868994E-19
   2   3   1  -4.35469625000E-03
   3   3   1   2.16840434497E-19
   4   3   1  -4.35469625000E-03
   1   4   1   6.50521303491E-19
   2   4   1   2.16840434497E-19
   3   4   1   3.90401250000E-04
   4   4   1   3.90401250000E-04
   1   1   2   2.16840434497E-19
   2   1   2   3.90401250000E-04
   3   1   2   3.90401250000E-04
   4   1   2   2.16840434497E-19
   1   2   2   4.35469625000E-03
   2   2   2   0.00000000000E+00
   3   2   2   4.35469625000E-03
   4   2   2   0.00000000000E+00
   1   3   2  -3.90401250000E-04
   2   3   2  -3.90401250000E-04
   3   3   2   0.00000000000E+00
   4   3   2  -2.16840434497E-19
   1   4   2  -2.22412450000E-02
   2   4   2   0.00000000000E+00
   3   4   2   3.86015000000E-04
   4   4   2   0.00000000000E+00
   1   1   3  -4.33680868994E-19
   2   1   3  -4.35469625000E-03
   3   1   3   2.16840434497E-19
   4   1   3  -4.35469625000E-03
   1   2   3  -3.90401250000E-04
   2   2   3  -3.90401250000E-04
   3   2   3   0.00000000000E+00
   4   2   3  -2.16840434497E-19
   1   3   3   1.79057000000E-03
   2   3   3  -3.86015000000E-04
   3   3   3  -2.16840434497E-19
   4   3   3  -3.86015000000E-04
   1   4   3  -3.90401250000E-04
   2   4   3  -2.16840434497E-19
   3   4   3   0.00000000000E+00
   4   4   3  -3.90401250000E-04
   1   1   4   2.16840434497E-19
   2   1   4   2.16840434497E-19
   3   1   4   3.90401250000E-04
   4   1   4   3.90401250000E-04
   1   2   4  -2.22412450000E-02
   2   2   4   0.00000000000E+00
   3   2   4   3.86015000000E-04
   4   2   4   0.00000000000E+00
   1   3   4  -3.90401250000E-04
   2   3   4  -2.16840434497E-19
   3   3   4   0.00000000000E+00
   4   3   4  -3.90401250000E-04
   1   4   4   4.35469625000E-03
   2   4   4   0.00000000000E+00
   3   4   4   4.35469625000E-03
   4   4   4   0.00000000000E+00
   2   1   1   1
   1   1   1  -2.16840434497E-18
   2   1   1  -2.16840434497E-19
   3   1   1   0.00000000000E+00
   4   1   1  -2.16840434497E-19
   1   2   1  -2.16840434497E-19
   2   2   1   4.35469625000E-03
   3   2   1  -3.90401250000E-04
   4   2   1  -2.22412450000E-02
   1   3   1   0.00000000000E+00
   2   3   1  -3.90401250000E-04
   3   3   1   1.79057000000E-03
   4   3   1  -3.90401250000E-04
   1   4   1  -2.16840434497E-19
   2   4   1  -2.22412450000E-02
   3   4   1  -3.90401250000E-04
   4   4   1   4.35469625000E-03
   1   1   2   2.22412450000E-02
   2   1   2   3.90401250000E-04
   3   1   2  -4.35469625000E-03
   4   1   2  -2.16840434497E-19
   1   2   2   3.90401250000E-04
   2   2   2   0.00000000000E+00
   3   2   2  -3.90401250000E-04
   4   2   2   0.00000000000E+00
   1   3   2  -4.35469625000E-03
   2   3   2  -3.90401250000E-04
   3   3   2  -3.86015000000E-04
   4   3   2   2.16840434497E-19
   1   4   2  -2.16840434497E-19
   2   4   2   0.00000000000E+00
   3   4   2   0.00000000000E+00
   4   4   2   0.00000000000E+00
   1   1   3  -1.79057000000E-03
   2   1   3   3.90401250000E-04
   3   1   3   0.00000000000E+00
   4   1   3   3.90401250000E-04
   1   2   3   3.90401250000E-04
   2   2   3   4.35469625000E-03
   3   2   3   0.00000000000E+00
   4   2   3   3.86015000000E-04
   1   3   3   0.00000000000E+00
   2   3   3   2.16840434497E-19
   3   3   3   2.16840434497E-19
   4   3   3   2.16840434497E-19
   1   4   3   3.90401250000E-04
   2   4   3   3.86015000000E-04
   3   4   3   0.00000000000E+00
   4   4   3   4.35469625000E-03
   1   1   4   2.22412450000E-02
   2   1   4  -2.16840434497E-19
   3   1   4  -4.35469625000E-03
   4   1   4   3.90401250000E-04
   1   2   4  -2.16840434497E-19
   2   2   4   0.00000000000E+00
   3   2   4   0.00000000000E+00
   4   2   4   0.00000000000E+00
   1   3   4  -4.35469625000E-03
   2   3   4   2.16840434497E-19
   3   3   4  -3.86015000000E-04
   4   3   4  -3.90401250000E-04
   1   4   4   3.90401250000E-04
   2   4   4   0.00000000000E+00
   3   4   4  -3.90401250000E-04
   4   4   4   0.00000000000E+00
   2   2   1   1
   1   1   1   9.68876348438E-02
   2   1   1   8.65085734375E-03
   3   1   1   8.36038484375E-03
   4   1   1   8.65085734375E-03
   1   2   1  -1.25938889062E-02
   2   2   1  -4.30952140625E-03
   3   2   1  -4.30952140625E-03
   4   2   1  -1.25938889062E-02
   1   3   1   4.95291671875E-03
   2   3   1  -8.34494828125E-03
   3   3   1   4.95291671875E-03
   4   3   1  -8.34494828125E-03
   1   4   1  -1.25938889062E-02
   2   4   1  -1.25938889062E-02
   3   4   1  -4.30952140625E-03
   4   4   1  -4.30952140625E-03
   1   1   2  -1.25938889062E-02
   2   1   2  -4.30952140625E-03
   3   1   2  -4.30952140625E-03
   4   1   2  -1.25938889063E-02
   1   2   2  -8.34494828125E-03
   2   2   2   1.43392460938E-02
   3   2   2  -8.34494828125E-03
   4   2   2  -9.26958515625E-03
   1   3   2  -4.30952140625E-03
   2   3   2  -4.30952140625E-03
   3   3   2   3.95264843750E-04
   4   3   2   3.95264843750E-04
   1   4   2   8.65085734375E-03
   2   4   2   1.00156454688E-02
   3   4   2   3.36092609375E-03
   4   4   2   1.00156454688E-02
   1   1   3   4.95291671875E-03
   2   1   3  -8.34494828125E-03
   3   1   3   4.95291671875E-03
   4   1   3  -8.34494828125E-03
   1   2   3  -4.30952140625E-03
   2   2   3  -4.30952140625E-03
   3   2   3   3.95264843750E-04
   4   2   3   3.95264843750E-04
   1   3   3   8.36038484375E-03
   2   3   3   3.36092609375E-03
   3   3   3   1.66271234375E-03
   4   3   3   3.36092609375E-03
   1   4   3  -4.30952140625E-03
   2   4   3   3.95264843750E-04
   3   4   3   3.95264843750E-04
   4   4   3  -4.30952140625E-03
   1   1   4  -1.25938889062E-02
   2   1   4  -1.25938889063E-02
   3   1   4  -4.30952140625E-03
   4   1   4  -4.30952140625E-03
   1   2   4   8.65085734375E-03
   2   2   4   1.00156454688E-02
   3   2   4   3.36092609375E-03
   4   2   4   1.00156454688E-02
   1   3   4  -4.30952140625E-03
   2   3   4   3.95264843750E-04
   3   3   4   3.95264843750E-04
   4   3   4  -4.30952140625E-03
   1   4   4  -8.34494828125E-03
   2   4   4  -9.26958515625E-03
   3   4   4  -8.34494828125E-03
   4   4   4   1.43392460938E-02
   2   3   1   1
   1   1   1   0.00000000000E+00
   2   1   1   2.16840434497E-19
   3   1   1   2.16840434497E-19
   4   1   1   2.16840434497E-19
   1   2   1  -2.22412450000E-02
   2   2   1  -3.90401250000E-04
   3   2   1   4.35469625000E-03
   4   2   1   2.16840434497E-19
   1   3   1   1.79057000000E-03
   2   3   1  -3.90401250000E-04
   3   3   1   2.16840434497E-19
   4   3   1  -3.90401250000E-04
   1   4   1  -2.22412450000E-02
   2   4   1   2.16840434497E-19
   3   4   1   4.35469625000E-03
   4   4   1  -3.90401250000E-04
   1   1   2   2.16840434497E-19
   2   1   2  -4.35469625000E-03
   3   1   2   3.90401250000E-04
   4   1   2   2.22412450000E-02
   1   2   2  -3.90401250000E-04
   2   2   2   0.00000000000E+00
   3   2   2   3.90401250000E-04
   4   2   2   0.00000000000E+00
   1   3   2  -3.90401250000E-04
   2   3   2  -4.35469625000E-03
   3   3   2   0.00000000000E+00
   4   3   2  -3.86015000000E-04
   1   4   2   6.50521303491E-19
   2   4   2   0.00000000000E+00
   3   4   2   0.00000000000E+00
   4   4   2   0.00000000000E+00
   1   1   3  -4.33680868994E-19
   2   1   3   3.90401250000E-04
   3   1   3  -1.79057000000E-03
   4   1   3   3.90401250000E-04
   1   2   3   4.35469625000E-03
   2   2   3   3.90401250000E-04
   3   2   3   3.86015000000E-04
   4   2   3  -2.16840434497E-19
   1   3   3  -4.33680868994E-19
   2   3   3  -2.16840434497E-19
   3   3   3  -2.16840434497E-19
   4   3   3  -2.16840434497E-19
   1   4   3   4.35469625000E-03
   2   4   3  -2.16840434497E-19
   3   4   3   3.86015000000E-04
   4   4   3   3.90401250000E-04
   1   1   4   2.16840434497E-19
   2   1   4   2.22412450000E-02
   3   1   4   3.90401250000E-04
   4   1   4  -4.35469625000E-03
   1   2   4   6.50521303491E-19
   2   2   4   0.00000000000E+00
   3   2   4   0.00000000000E+00
   4   2   4   0.00000000000E+00
   1   3   4  -3.90401250000E-04
   2   3   4  -3.86015000000E-04
   3   3   4   0.00000000000E+00
   4   3   4  -4.35469625000E-03
   1   4   4  -3.90401250000E-04
   2   4   4   0.00000000000E+00
   3   4   4   3.90401250000E-04
   4   4   4   0.00000000000E+00
   3   1   1   1
   1   1   1   0.00000000000E+00
   2   1   1   2.22412450000E-02
   3   1   1  -1.79057000000E-03
   4   1   1   2.22412450000E-02
   1   2   1   6.50521303491E-19
   2   2   1   3.90401250000E-04
   3   2   1   3.90401250000E-04
   4   2   1   2.16840434497E-19
   1   3   1  -4.33680868994E-19
   2   3   1  -4.35469625000E-03
   3   3   1   2.16840434497E-19
   4   3   1  -4.35469625000E-03
   1   4   1   6.50521303491E-19
   2   4   1   2.16840434497E-19
   3   4   1   3.90401250000E-04
   4   4   1   3.90401250000E-04
   1   1   2   2.16840434497E-19
   2   1   2   3.90401250000E-04
   3   1   2   3.90401250000E-04
   4   1   2   2.16840434497E-19
   1   2   2   4.35469625000E-03
   2   2   2   0.00000000000E+00
   3   2   2   4.35469625000E-03
   4   2   2   0.00000000000E+00
   1   3   2  -3.90401250000E-04
   2   3   2  -3.90401250000E-04
   3   3   2   0.00000000000E+00
   4   3   2  -2.16840434497E-19
   1   4   2  -2.22412450000E-02
   2   4   2   0.00000000000E+00
   3   4   2   3.86015000000E-04
   4   4   2   0.00000000000E+00
   1   1   3  -4.33680868994E-19
   2   1   3  -4.35469625000E-03
   3   1   3   2.16840434497E-19
   4   1   3  -4.35469625000E-03
   1   2   3  -3.90401250000E-04
   2   2   3  -3.90401250000E-04
   3   2   3   0.00000000000E+00
   4   2   3  -2.16840434497E-19
   1   3   3   1.79057000000E-03
   2   3   3  -3.86015000000E-04
   3   3   3  -2.16840434497E-19
   4   3   3  -3.86015000000E-04
   1   4   3  -3.90401250000E-04
   2   4   3  -2.16840434497E-19
   3   4   3   0.00000000000E+00
   4   4   3  -3.90401250000E-04
   1   1   4   2.16840434497E-19
   2   1   4   2.16840434497E-19
   3   1   4   3.90401250000E-04
   4   1   4   3.90401250000E-04
   1   2   4  -2.22412450000E-02
   2   2   4   0.00000000000E+00
   3   2   4   3.86015000000E-04
   4   2   4   0.00000000000E+00
   1   3   4  -3.90401250000E-04
   2   3   4  -2.16840434497E-19
   3   3   4   0.00000000000E+00
   4   3   4  -3.90401250000E-04
   1   4   4   4.35469625000E-03
   2   4   4   0.00000000000E+00
   3   4   4   4.35469625000E-03
   4   4   4   0.00000000000E+00
   3   2   1   1
   1   1   1   0.00000000000E+00
   2   1   1   2.16840434497E-19
   3   1   1   2.16840434497E-19
   4   1   1   2.16840434497E-19
   1   2   1  -2.22412450000E-02
   2   2   1  -3.90401250000E-04
   3   2   1   4.35469625000E-03
   4   2   1   2.16840434497E-19
   1   3   1   1.79057000000E-03
   2   3   1  -3.90401250000E-04
   3   3   1   2.16840434497E-19
   4   3   1  -3.90401250000E-04
   1   4   1  -2.22412450000E-02
   2   4   1   2.16840434497E-19
   3   4   1   4.35469625000E-03
   4   4   1  -3.90401250000E-04
   1   1   2   2.16840434497E-19
   2   1   2  -4.35469625000E-03
   3   1   2   3.90401250000E-04
   4   1   2   2.22412450000E-02
   1   2   2  -3.90401250000E-04
   2   2   2   0.00000000000E+00
   3   2   2   3.90401250000E-04
   4   2   2   0.00000000000E+00
   1   3   2  -3.90401250000E-04
   2   3   2  -4.35469625000E-03
   3   3   2   0.00000000000E+00
   4   3   2  -3.86015000000E-04
   1   4   2   6.50521303491E-19
   2   4   2   0.00000000000E+00
   3   4   2   0.00000000000E+00
   4   4   2   0.00000000000E+00
   1   1   3  -4.33680868994E-19
   2   1   3   3.90401250000E-04
   3   1   3  -1.79057000000E-03
   4   1   3   3.90401250000E-04
   1   2   3   4.35469625000E-03
   2   2   3   3.90401250000E-04
   3   2   3   3.86015000000E-04
   4   2   3  -2.16840434497E-19
   1   3   3  -4.33680868994E-19
   2   3   3  -2.16840434497E-19
   3   3   3  -2.16840434497E-19
   4   3   3  -2.16840434497E-19
   1   4   3   4.35469625000E-03
   2   4   3  -2.16840434497E-19
   3   4   3   3.86015000000E-04
   4   4   3   3.90401250000E-04
   1   1   4   2.16840434497E-19
   2   1   4   2.22412450000E-02
   3   1   4   3.90401250000E-04
   4   1   4  -4.35469625000E-03
   1   2   4   6.50521303491E-19
   2   2   4   0.00000000000E+00
   3   2   4   0.00000000000E+00
   4   2   4   0.00000000000E+00
   1   3   4  -3.90401250000E-04
   2   3   4  -3.86015000000E-04
   3   3   4   0.00000000000E+00
   4   3   4  -4.35469625000E-03
   1   4   4  -3.90401250000E-04
   2   4   4   0.00000000000E+00
   3   4   4   3.90401250000E-04
   4   4   4   0.00000000000E+00
   3   3   1   1
   1   1   1   9.68876348438E-02
   2   1   1  -1.25938889062E-02
   3   1   1   4.95291671875E-03
   4   1   1  -1.25938889062E-02
   1   2   1  -1.25938889062E-02
   2   2   1  -8.34494828125E-03
   3   2   1  -4.30952140625E-03
   4   2   1   8.65085734375E-03
   1   3   1   4.95291671875E-03
   2   3   1  -4.30952140625E-03
   3   3   1   8.36038484375E-03
   4   3   1  -4.30952140625E-03
   1   4   1  -1.25938889062E-02
   2   4   1   8.65085734375E-03
   3   4   1  -4.30952140625E-03
   4   4   1  -8.34494828125E-03
   1   1   2   8.65085734375E-03
   2   1   2  -4.30952140625E-03
   3   1   2  -8.34494828125E-03
   4   1   2  -1.25938889062E-02
   1   2   2  -4.30952140625E-03
   2   2   2   1.43392460938E-02
   3   2   2  -4.30952140625E-03
   4   2   2   1.00156454688E-02
   1   3   2  -8.34494828125E-03
   2   3   2  -4.30952140625E-03
   3   3   2   3.36092609375E-03
   4   3   2   3.95264843750E-04
   1   4   2  -1.25938889062E-02
   2   4   2   1.00156454688E-02
   3   4   2   3.95264843750E-04
   4   4   2  -9.26958515625E-03
   1   1   3   8.36038484375E-03
   2   1   3  -4.30952140625E-03
   3   1   3   4.95291671875E-03
   4   1   3  -4.30952140625E-03
   1   2   3  -4.30952140625E-03
   2   2   3  -8.34494828125E-03
   3   2   3   3.95264843750E-04
   4   2   3   3.36092609375E-03
   1   3   3   4.95291671875E-03
   2   3   3   3.95264843750E-04
   3   3   3   1.66271234375E-03
   4   3   3   3.95264843750E-04
   1   4   3  -4.30952140625E-03
   2   4   3   3.36092609375E-03
   3   4   3   3.95264843750E-04
   4   4   3  -8.34494828125E-03
   1   1   4   8.65085734375E-03
   2   1   4  -1.25938889062E-02
   3   1   4  -8.34494828125E-03
   4   1   4  -4.30952140625E-03
   1   2   4  -1.25938889062E-02
   2   2   4  -9.26958515625E-03
   3   2   4   3.95264843750E-04
   4   2   4   1.00156454688E-02
   1   3   4  -8.34494828125E-03
   2   3   4   3.95264843750E-04
   3   3   4   3.36092609375E-03
   4   3   4  -4.30952140625E-03
   1   4   4  -4.30952140625E-03
   2   4   4   1.00156454688E-02
   3   4   4  -4.30952140625E-03
   4   4   4   1.43392460938E-02
