  4.500000000000000E-002  0.615391214526755        2.65148726734605     
   4   4   4
   1   1   1   1
   1   1   1   8.51086840625E-02
   2   1   1  -1.31169075000E-02
   3   1   1  -1.02173593750E-03
   4   1   1  -1.31169075000E-02
   1   2   1   9.02746531250E-03
   2   2   1   1.02594062500E-03
   3   2   1  -2.54609906250E-03
   4   2   1  -1.31169075000E-02
   1   3   1  -2.08408218750E-03
   2   3   1   1.02594062500E-03
   3   3   1  -1.02173593750E-03
   4   3   1   1.02594062500E-03
   1   4   1   9.02746531250E-03
   2   4   1  -1.31169075000E-02
   3   4   1  -2.54609906250E-03
   4   4   1   1.02594062500E-03
   1   1   2  -1.31169075000E-02
   2   1   2  -2.54609906250E-03
   3   1   2   1.02594062500E-03
   4   1   2   9.02746531250E-03
   1   2   2   1.02594062500E-03
   2   2   2  -2.56578343750E-03
   3   2   2   1.02594062500E-03
   4   2   2   9.46222812500E-04
   1   3   2   1.02594062500E-03
   2   3   2  -2.54609906250E-03
   3   3   2   8.22441250000E-04
   4   3   2  -2.59374999985E-08
   1   4   2  -1.31169075000E-02
   2   4   2  -3.38721343750E-03
   3   4   2   8.22441250000E-04
   4   4   2   9.46222812500E-04
   1   1   3  -1.02173593750E-03
   2   1   3   1.02594062500E-03
   3   1   3  -2.08408218750E-03
   4   1   3   1.02594062500E-03
   1   2   3  -2.54609906250E-03
   2   2   3   1.02594062500E-03
   3   2   3  -2.59374999989E-08
   4   2   3   8.22441250000E-04
   1   3   3  -1.02173593750E-03
   2   3   3   8.22441250000E-04
   3   3   3  -1.64918437500E-04
   4   3   3   8.22441250000E-04
   1   4   3  -2.54609906250E-03
   2   4   3   8.22441250000E-04
   3   4   3  -2.59374999989E-08
   4   4   3   1.02594062500E-03
   1   1   4  -1.31169075000E-02
   2   1   4   9.02746531250E-03
   3   1   4   1.02594062500E-03
   4   1   4  -2.54609906250E-03
   1   2   4  -1.31169075000E-02
   2   2   4   9.46222812500E-04
   3   2   4   8.22441250000E-04
   4   2   4  -3.38721343750E-03
   1   3   4   1.02594062500E-03
   2   3   4  -2.59374999985E-08
   3   3   4   8.22441250000E-04
   4   3   4  -2.54609906250E-03
   1   4   4   1.02594062500E-03
   2   4   4   9.46222812500E-04
   3   4   4   1.02594062500E-03
   4   4   4  -2.56578343750E-03
   1   2   1   1
   1   1   1   8.67361737988E-19
   2   1   1   0.00000000000E+00
   3   1   1   0.00000000000E+00
   4   1   1   0.00000000000E+00
   1   2   1   0.00000000000E+00
   2   2   1   1.22128687500E-03
   3   2   1  -4.08976875000E-04
   4   2   1  -1.94460312500E-02
   1   3   1   0.00000000000E+00
   2   3   1  -4.08976875000E-04
   3   3   1   3.51282375000E-03
   4   3   1  -4.08976875000E-04
   1   4   1   0.00000000000E+00
   2   4   1  -1.94460312500E-02
   3   4   1  -4.08976875000E-04
   4   4   1   1.22128687500E-03
   1   1   2   1.94460312500E-02
   2   1   2   4.08976875000E-04
   3   1   2  -1.22128687500E-03
   4   1   2   0.00000000000E+00
   1   2   2   4.08976875000E-04
   2   2   2   0.00000000000E+00
   3   2   2  -4.08976875000E-04
   4   2   2   0.00000000000E+00
   1   3   2  -1.22128687500E-03
   2   3   2  -4.08976875000E-04
   3   3   2  -1.65404000000E-03
   4   3   2   0.00000000000E+00
   1   4   2   0.00000000000E+00
   2   4   2   0.00000000000E+00
   3   4   2   0.00000000000E+00
   4   4   2   0.00000000000E+00
   1   1   3  -3.51282375000E-03
   2   1   3   4.08976875000E-04
   3   1   3   0.00000000000E+00
   4   1   3   4.08976875000E-04
   1   2   3   4.08976875000E-04
   2   2   3   1.22128687500E-03
   3   2   3   0.00000000000E+00
   4   2   3   1.65404000000E-03
   1   3   3   0.00000000000E+00
   2   3   3   0.00000000000E+00
   3   3   3   0.00000000000E+00
   4   3   3   0.00000000000E+00
   1   4   3   4.08976875000E-04
   2   4   3   1.65404000000E-03
   3   4   3   0.00000000000E+00
   4   4   3   1.22128687500E-03
   1   1   4   1.94460312500E-02
   2   1   4   0.00000000000E+00
   3   1   4  -1.22128687500E-03
   4   1   4   4.08976875000E-04
   1   2   4   0.00000000000E+00
   2   2   4   0.00000000000E+00
   3   2   4   0.00000000000E+00
   4   2   4   0.00000000000E+00
   1   3   4  -1.22128687500E-03
   2   3   4   0.00000000000E+00
   3   3   4  -1.65404000000E-03
   4   3   4  -4.08976875000E-04
   1   4   4   4.08976875000E-04
   2   4   4   0.00000000000E+00
   3   4   4  -4.08976875000E-04
   4   4   4   0.00000000000E+00
   1   3   1   1
   1   1   1   8.67361737988E-19
   2   1   1   1.94460312500E-02
   3   1   1  -3.51282375000E-03
   4   1   1   1.94460312500E-02
   1   2   1   0.00000000000E+00
   2   2   1   4.08976875000E-04
   3   2   1   4.08976875000E-04
   4   2   1   0.00000000000E+00
   1   3   1   0.00000000000E+00
   2   3   1  -1.22128687500E-03
   3   3   1   0.00000000000E+00
   4   3   1  -1.22128687500E-03
   1   4   1   0.00000000000E+00
   2   4   1   0.00000000000E+00
   3   4   1   4.08976875000E-04
   4   4   1   4.08976875000E-04
   1   1   2   0.00000000000E+00
   2   1   2   4.08976875000E-04
   3   1   2   4.08976875000E-04
   4   1   2  -8.67361737988E-19
   1   2   2   1.22128687500E-03
   2   2   2   0.00000000000E+00
   3   2   2   1.22128687500E-03
   4   2   2   0.00000000000E+00
   1   3   2  -4.08976875000E-04
   2   3   2  -4.08976875000E-04
   3   3   2   0.00000000000E+00
   4   3   2   0.00000000000E+00
   1   4   2  -1.94460312500E-02
   2   4   2   0.00000000000E+00
   3   4   2   1.65404000000E-03
   4   4   2   0.00000000000E+00
   1   1   3   0.00000000000E+00
   2   1   3  -1.22128687500E-03
   3   1   3   0.00000000000E+00
   4   1   3  -1.22128687500E-03
   1   2   3  -4.08976875000E-04
   2   2   3  -4.08976875000E-04
   3   2   3   0.00000000000E+00
   4   2   3   0.00000000000E+00
   1   3   3   3.51282375000E-03
   2   3   3  -1.65404000000E-03
   3   3   3   0.00000000000E+00
   4   3   3  -1.65404000000E-03
   1   4   3  -4.08976875000E-04
   2   4   3   0.00000000000E+00
   3   4   3   0.00000000000E+00
   4   4   3  -4.08976875000E-04
   1   1   4   0.00000000000E+00
   2   1   4  -8.67361737988E-19
   3   1   4   4.08976875000E-04
   4   1   4   4.08976875000E-04
   1   2   4  -1.94460312500E-02
   2   2   4   0.00000000000E+00
   3   2   4   1.65404000000E-03
   4   2   4   0.00000000000E+00
   1   3   4  -4.08976875000E-04
   2   3   4   0.00000000000E+00
   3   3   4   0.00000000000E+00
   4   3   4  -4.08976875000E-04
   1   4   4   1.22128687500E-03
   2   4   4   0.00000000000E+00
   3   4   4   1.22128687500E-03
   4   4   4   0.00000000000E+00
   2   1   1   1
   1   1   1   8.67361737988E-19
   2   1   1   0.00000000000E+00
   3   1   1   0.00000000000E+00
   4   1   1   0.00000000000E+00
   1   2   1   0.00000000000E+00
   2   2   1   1.22128687500E-03
   3   2   1  -4.08976875000E-04
   4   2   1  -1.94460312500E-02
   1   3   1   0.00000000000E+00
   2   3   1  -4.08976875000E-04
   3   3   1   3.51282375000E-03
   4   3   1  -4.08976875000E-04
   1   4   1   0.00000000000E+00
   2   4   1  -1.94460312500E-02
   3   4   1  -4.08976875000E-04
   4   4   1   1.22128687500E-03
   1   1   2   1.94460312500E-02
   2   1   2   4.08976875000E-04
   3   1   2  -1.22128687500E-03
   4   1   2   0.00000000000E+00
   1   2   2   4.08976875000E-04
   2   2   2   0.00000000000E+00
   3   2   2  -4.08976875000E-04
   4   2   2   0.00000000000E+00
   1   3   2  -1.22128687500E-03
   2   3   2  -4.08976875000E-04
   3   3   2  -1.65404000000E-03
   4   3   2   0.00000000000E+00
   1   4   2   0.00000000000E+00
   2   4   2   0.00000000000E+00
   3   4   2   0.00000000000E+00
   4   4   2   0.00000000000E+00
   1   1   3  -3.51282375000E-03
   2   1   3   4.08976875000E-04
   3   1   3   0.00000000000E+00
   4   1   3   4.08976875000E-04
   1   2   3   4.08976875000E-04
   2   2   3   1.22128687500E-03
   3   2   3   0.00000000000E+00
   4   2   3   1.65404000000E-03
   1   3   3   0.00000000000E+00
   2   3   3   0.00000000000E+00
   3   3   3   0.00000000000E+00
   4   3   3   0.00000000000E+00
   1   4   3   4.08976875000E-04
   2   4   3   1.65404000000E-03
   3   4   3   0.00000000000E+00
   4   4   3   1.22128687500E-03
   1   1   4   1.94460312500E-02
   2   1   4   0.00000000000E+00
   3   1   4  -1.22128687500E-03
   4   1   4   4.08976875000E-04
   1   2   4   0.00000000000E+00
   2   2   4   0.00000000000E+00
   3   2   4   0.00000000000E+00
   4   2   4   0.00000000000E+00
   1   3   4  -1.22128687500E-03
   2   3   4   0.00000000000E+00
   3   3   4  -1.65404000000E-03
   4   3   4  -4.08976875000E-04
   1   4   4   4.08976875000E-04
   2   4   4   0.00000000000E+00
   3   4   4  -4.08976875000E-04
   4   4   4   0.00000000000E+00
   2   2   1   1
   1   1   1   8.51086840625E-02
   2   1   1   9.02746531250E-03
   3   1   1  -2.08408218750E-03
   4   1   1   9.02746531250E-03
   1   2   1  -1.31169075000E-02
   2   2   1   1.02594062500E-03
   3   2   1   1.02594062500E-03
   4   2   1  -1.31169075000E-02
   1   3   1  -1.02173593750E-03
   2   3   1  -2.54609906250E-03
   3   3   1  -1.02173593750E-03
   4   3   1  -2.54609906250E-03
   1   4   1  -1.31169075000E-02
   2   4   1  -1.31169075000E-02
   3   4   1   1.02594062500E-03
   4   4   1   1.02594062500E-03
   1   1   2  -1.31169075000E-02
   2   1   2   1.02594062500E-03
   3   1   2   1.02594062500E-03
   4   1   2  -1.31169075000E-02
   1   2   2  -2.54609906250E-03
   2   2   2  -2.56578343750E-03
   3   2   2  -2.54609906250E-03
   4   2   2  -3.38721343750E-03
   1   3   2   1.02594062500E-03
   2   3   2   1.02594062500E-03
   3   3   2   8.22441250000E-04
   4   3   2   8.22441250000E-04
   1   4   2   9.02746531250E-03
   2   4   2   9.46222812500E-04
   3   4   2  -2.59374999989E-08
   4   4   2   9.46222812500E-04
   1   1   3  -1.02173593750E-03
   2   1   3  -2.54609906250E-03
   3   1   3  -1.02173593750E-03
   4   1   3  -2.54609906250E-03
   1   2   3   1.02594062500E-03
   2   2   3   1.02594062500E-03
   3   2   3   8.22441250000E-04
   4   2   3   8.22441250000E-04
   1   3   3  -2.08408218750E-03
   2   3   3  -2.59374999985E-08
   3   3   3  -1.64918437500E-04
   4   3   3  -2.59374999985E-08
   1   4   3   1.02594062500E-03
   2   4   3   8.22441250000E-04
   3   4   3   8.22441250000E-04
   4   4   3   1.02594062500E-03
   1   1   4  -1.31169075000E-02
   2   1   4  -1.31169075000E-02
   3   1   4   1.02594062500E-03
   4   1   4   1.02594062500E-03
   1   2   4   9.02746531250E-03
   2   2   4   9.46222812500E-04
   3   2   4  -2.59374999989E-08
   4   2   4   9.46222812500E-04
   1   3   4   1.02594062500E-03
   2   3   4   8.22441250000E-04
   3   3   4   8.22441250000E-04
   4   3   4   1.02594062500E-03
   1   4   4  -2.54609906250E-03
   2   4   4  -3.38721343750E-03
   3   4   4  -2.54609906250E-03
   4   4   4  -2.56578343750E-03
   2   3   1   1
   1   1   1   8.67361737988E-19
   2   1   1  -8.67361737988E-19
   3   1   1   0.00000000000E+00
   4   1   1  -8.67361737988E-19
   1   2   1  -1.94460312500E-02
   2   2   1  -4.08976875000E-04
   3   2   1   1.22128687500E-03
   4   2   1   0.00000000000E+00
   1   3   1   3.51282375000E-03
   2   3   1  -4.08976875000E-04
   3   3   1   0.00000000000E+00
   4   3   1  -4.08976875000E-04
   1   4   1  -1.94460312500E-02
   2   4   1   0.00000000000E+00
   3   4   1   1.22128687500E-03
   4   4   1  -4.08976875000E-04
   1   1   2   0.00000000000E+00
   2   1   2  -1.22128687500E-03
   3   1   2   4.08976875000E-04
   4   1   2   1.94460312500E-02
   1   2   2  -4.08976875000E-04
   2   2   2   0.00000000000E+00
   3   2   2   4.08976875000E-04
   4   2   2   0.00000000000E+00
   1   3   2  -4.08976875000E-04
   2   3   2  -1.22128687500E-03
   3   3   2   0.00000000000E+00
   4   3   2  -1.65404000000E-03
   1   4   2   0.00000000000E+00
   2   4   2   0.00000000000E+00
   3   4   2   0.00000000000E+00
   4   4   2   0.00000000000E+00
   1   1   3   0.00000000000E+00
   2   1   3   4.08976875000E-04
   3   1   3  -3.51282375000E-03
   4   1   3   4.08976875000E-04
   1   2   3   1.22128687500E-03
   2   2   3   4.08976875000E-04
   3   2   3   1.65404000000E-03
   4   2   3   0.00000000000E+00
   1   3   3   0.00000000000E+00
   2   3   3   0.00000000000E+00
   3   3   3   0.00000000000E+00
   4   3   3   0.00000000000E+00
   1   4   3   1.22128687500E-03
   2   4   3   0.00000000000E+00
   3   4   3   1.65404000000E-03
   4   4   3   4.08976875000E-04
   1   1   4   0.00000000000E+00
   2   1   4   1.94460312500E-02
   3   1   4   4.08976875000E-04
   4   1   4  -1.22128687500E-03
   1   2   4   0.00000000000E+00
   2   2   4   0.00000000000E+00
   3   2   4   0.00000000000E+00
   4   2   4   0.00000000000E+00
   1   3   4  -4.08976875000E-04
   2   3   4  -1.65404000000E-03
   3   3   4   0.00000000000E+00
   4   3   4  -1.22128687500E-03
   1   4   4  -4.08976875000E-04
   2   4   4   0.00000000000E+00
   3   4   4   4.08976875000E-04
   4   4   4   0.00000000000E+00
   3   1   1   1
   1   1   1   8.67361737988E-19
   2   1   1   1.94460312500E-02
   3   1   1  -3.51282375000E-03
   4   1   1   1.94460312500E-02
   1   2   1   0.00000000000E+00
   2   2   1   4.08976875000E-04
   3   2   1   4.08976875000E-04
   4   2   1   0.00000000000E+00
   1   3   1   0.00000000000E+00
   2   3   1  -1.22128687500E-03
   3   3   1   0.00000000000E+00
   4   3   1  -1.22128687500E-03
   1   4   1   0.00000000000E+00
   2   4   1   0.00000000000E+00
   3   4   1   4.08976875000E-04
   4   4   1   4.08976875000E-04
   1   1   2   0.00000000000E+00
   2   1   2   4.08976875000E-04
   3   1   2   4.08976875000E-04
   4   1   2  -8.67361737988E-19
   1   2   2   1.22128687500E-03
   2   2   2   0.00000000000E+00
   3   2   2   1.22128687500E-03
   4   2   2   0.00000000000E+00
   1   3   2  -4.08976875000E-04
   2   3   2  -4.08976875000E-04
   3   3   2   0.00000000000E+00
   4   3   2   0.00000000000E+00
   1   4   2  -1.94460312500E-02
   2   4   2   0.00000000000E+00
   3   4   2   1.65404000000E-03
   4   4   2   0.00000000000E+00
   1   1   3   0.00000000000E+00
   2   1   3  -1.22128687500E-03
   3   1   3   0.00000000000E+00
   4   1   3  -1.22128687500E-03
   1   2   3  -4.08976875000E-04
   2   2   3  -4.08976875000E-04
   3   2   3   0.00000000000E+00
   4   2   3   0.00000000000E+00
   1   3   3   3.51282375000E-03
   2   3   3  -1.65404000000E-03
   3   3   3   0.00000000000E+00
   4   3   3  -1.65404000000E-03
   1   4   3  -4.08976875000E-04
   2   4   3   0.00000000000E+00
   3   4   3   0.00000000000E+00
   4   4   3  -4.08976875000E-04
   1   1   4   0.00000000000E+00
   2   1   4  -8.67361737988E-19
   3   1   4   4.08976875000E-04
   4   1   4   4.08976875000E-04
   1   2   4  -1.94460312500E-02
   2   2   4   0.00000000000E+00
   3   2   4   1.65404000000E-03
   4   2   4   0.00000000000E+00
   1   3   4  -4.08976875000E-04
   2   3   4   0.00000000000E+00
   3   3   4   0.00000000000E+00
   4   3   4  -4.08976875000E-04
   1   4   4   1.22128687500E-03
   2   4   4   0.00000000000E+00
   3   4   4   1.22128687500E-03
   4   4   4   0.00000000000E+00
   3   2   1   1
   1   1   1   8.67361737988E-19
   2   1   1  -8.67361737988E-19
   3   1   1   0.00000000000E+00
   4   1   1  -8.67361737988E-19
   1   2   1  -1.94460312500E-02
   2   2   1  -4.08976875000E-04
   3   2   1   1.22128687500E-03
   4   2   1   0.00000000000E+00
   1   3   1   3.51282375000E-03
   2   3   1  -4.08976875000E-04
   3   3   1   0.00000000000E+00
   4   3   1  -4.08976875000E-04
   1   4   1  -1.94460312500E-02
   2   4   1   0.00000000000E+00
   3   4   1   1.22128687500E-03
   4   4   1  -4.08976875000E-04
   1   1   2   0.00000000000E+00
   2   1   2  -1.22128687500E-03
   3   1   2   4.08976875000E-04
   4   1   2   1.94460312500E-02
   1   2   2  -4.08976875000E-04
   2   2   2   0.00000000000E+00
   3   2   2   4.08976875000E-04
   4   2   2   0.00000000000E+00
   1   3   2  -4.08976875000E-04
   2   3   2  -1.22128687500E-03
   3   3   2   0.00000000000E+00
   4   3   2  -1.65404000000E-03
   1   4   2   0.00000000000E+00
   2   4   2   0.00000000000E+00
   3   4   2   0.00000000000E+00
   4   4   2   0.00000000000E+00
   1   1   3   0.00000000000E+00
   2   1   3   4.08976875000E-04
   3   1   3  -3.51282375000E-03
   4   1   3   4.08976875000E-04
   1   2   3   1.22128687500E-03
   2   2   3   4.08976875000E-04
   3   2   3   1.65404000000E-03
   4   2   3   0.00000000000E+00
   1   3   3   0.00000000000E+00
   2   3   3   0.00000000000E+00
   3   3   3   0.00000000000E+00
   4   3   3   0.00000000000E+00
   1   4   3   1.22128687500E-03
   2   4   3   0.00000000000E+00
   3   4   3   1.65404000000E-03
   4   4   3   4.08976875000E-04
   1   1   4   0.00000000000E+00
   2   1   4   1.94460312500E-02
   3   1   4   4.08976875000E-04
   4   1   4  -1.22128687500E-03
   1   2   4   0.00000000000E+00
   2   2   4   0.00000000000E+00
   3   2   4   0.00000000000E+00
   4   2   4   0.00000000000E+00
   1   3   4  -4.08976875000E-04
   2   3   4  -1.65404000000E-03
   3   3   4   0.00000000000E+00
   4   3   4  -1.22128687500E-03
   1   4   4  -4.08976875000E-04
   2   4   4   0.00000000000E+00
   3   4   4   4.08976875000E-04
   4   4   4   0.00000000000E+00
   3   3   1   1
   1   1   1   8.51086840625E-02
   2   1   1  -1.31169075000E-02
   3   1   1  -1.02173593750E-03
   4   1   1  -1.31169075000E-02
   1   2   1  -1.31169075000E-02
   2   2   1  -2.54609906250E-03
   3   2   1   1.02594062500E-03
   4   2   1   9.02746531250E-03
   1   3   1  -1.02173593750E-03
   2   3   1   1.02594062500E-03
   3   3   1  -2.08408218750E-03
   4   3   1   1.02594062500E-03
   1   4   1  -1.31169075000E-02
   2   4   1   9.02746531250E-03
   3   4   1   1.02594062500E-03
   4   4   1  -2.54609906250E-03
   1   1   2   9.02746531250E-03
   2   1   2   1.02594062500E-03
   3   1   2  -2.54609906250E-03
   4   1   2  -1.31169075000E-02
   1   2   2   1.02594062500E-03
   2   2   2  -2.56578343750E-03
   3   2   2   1.02594062500E-03
   4   2   2   9.46222812500E-04
   1   3   2  -2.54609906250E-03
   2   3   2   1.02594062500E-03
   3   3   2  -2.59374999989E-08
   4   3   2   8.22441250000E-04
   1   4   2  -1.31169075000E-02
   2   4   2   9.46222812500E-04
   3   4   2   8.22441250000E-04
   4   4   2  -3.38721343750E-03
   1   1   3  -2.08408218750E-03
   2   1   3   1.02594062500E-03
   3   1   3  -1.02173593750E-03
   4   1   3   1.02594062500E-03
   1   2   3   1.02594062500E-03
   2   2   3  -2.54609906250E-03
   3   2   3   8.22441250000E-04
   4   2   3  -2.59374999985E-08
   1   3   3  -1.02173593750E-03
   2   3   3   8.22441250000E-04
   3   3   3  -1.64918437500E-04
   4   3   3   8.22441250000E-04
   1   4   3   1.02594062500E-03
   2   4   3  -2.59374999985E-08
   3   4   3   8.22441250000E-04
   4   4   3  -2.54609906250E-03
   1   1   4   9.02746531250E-03
   2   1   4  -1.31169075000E-02
   3   1   4  -2.54609906250E-03
   4   1   4   1.02594062500E-03
   1   2   4  -1.31169075000E-02
   2   2   4  -3.38721343750E-03
   3   2   4   8.22441250000E-04
   4   2   4   9.46222812500E-04
   1   3   4  -2.54609906250E-03
   2   3   4   8.22441250000E-04
   3   3   4  -2.59374999989E-08
   4   3   4   1.02594062500E-03
   1   4   4   1.02594062500E-03
   2   4   4   9.46222812500E-04
   3   4   4   1.02594062500E-03
   4   4   4  -2.56578343750E-03
