  5.000000000000000E-002  0.615247549207767        2.65328626633895     
   4   4   4
   1   1   1   1
   1   1   1   8.53573885937E-02
   2   1   1  -1.30140057812E-02
   3   1   1  -1.07738015625E-03
   4   1   1  -1.30140057812E-02
   1   2   1   9.30825234375E-03
   2   2   1   9.55355468750E-04
   3   2   1  -2.55180640625E-03
   4   2   1  -1.30140057812E-02
   1   3   1  -1.92224640625E-03
   2   3   1   9.55355468750E-04
   3   3   1  -1.07738015625E-03
   4   3   1   9.55355468750E-04
   1   4   1   9.30825234375E-03
   2   4   1  -1.30140057812E-02
   3   4   1  -2.55180640625E-03
   4   4   1   9.55355468750E-04
   1   1   2  -1.30140057812E-02
   2   1   2  -2.55180640625E-03
   3   1   2   9.55355468750E-04
   4   1   2   9.30825234375E-03
   1   2   2   9.55355468750E-04
   2   2   2  -2.62439453125E-03
   3   2   2   9.55355468750E-04
   4   2   2   9.66602968750E-04
   1   3   2   9.55355468750E-04
   2   3   2  -2.55180640625E-03
   3   3   2   8.14620468750E-04
   4   3   2  -9.81664062500E-05
   1   4   2  -1.30140057812E-02
   2   4   2  -3.32541828125E-03
   3   4   2   8.14620468750E-04
   4   4   2   9.66602968750E-04
   1   1   3  -1.07738015625E-03
   2   1   3   9.55355468750E-04
   3   1   3  -1.92224640625E-03
   4   1   3   9.55355468750E-04
   1   2   3  -2.55180640625E-03
   2   2   3   9.55355468750E-04
   3   2   3  -9.81664062500E-05
   4   2   3   8.14620468750E-04
   1   3   3  -1.07738015625E-03
   2   3   3   8.14620468750E-04
   3   3   3  -3.60058906250E-04
   4   3   3   8.14620468750E-04
   1   4   3  -2.55180640625E-03
   2   4   3   8.14620468750E-04
   3   4   3  -9.81664062500E-05
   4   4   3   9.55355468750E-04
   1   1   4  -1.30140057812E-02
   2   1   4   9.30825234375E-03
   3   1   4   9.55355468750E-04
   4   1   4  -2.55180640625E-03
   1   2   4  -1.30140057812E-02
   2   2   4   9.66602968750E-04
   3   2   4   8.14620468750E-04
   4   2   4  -3.32541828125E-03
   1   3   4   9.55355468750E-04
   2   3   4  -9.81664062500E-05
   3   3   4   8.14620468750E-04
   4   3   4  -2.55180640625E-03
   1   4   4   9.55355468750E-04
   2   4   4   9.66602968750E-04
   3   4   4   9.55355468750E-04
   4   4   4  -2.62439453125E-03
   1   2   1   1
   1   1   1   4.33680868994E-19
   2   1   1   2.16840434497E-19
   3   1   1  -2.16840434497E-19
   4   1   1   2.16840434497E-19
   1   2   1  -2.16840434497E-19
   2   2   1   1.17019187500E-03
   3   2   1  -5.05156250000E-04
   4   2   1  -1.94830168750E-02
   1   3   1   0.00000000000E+00
   2   3   1  -5.05156250000E-04
   3   3   1   3.29138000000E-03
   4   3   1  -5.05156250000E-04
   1   4   1  -2.16840434497E-19
   2   4   1  -1.94830168750E-02
   3   4   1  -5.05156250000E-04
   4   4   1   1.17019187500E-03
   1   1   2   1.94830168750E-02
   2   1   2   5.05156250000E-04
   3   1   2  -1.17019187500E-03
   4   1   2   2.16840434497E-19
   1   2   2   5.05156250000E-04
   2   2   2   0.00000000000E+00
   3   2   2  -5.05156250000E-04
   4   2   2   0.00000000000E+00
   1   3   2  -1.17019187500E-03
   2   3   2  -5.05156250000E-04
   3   3   2  -1.76494812500E-03
   4   3   2  -2.16840434497E-19
   1   4   2  -2.16840434497E-19
   2   4   2   0.00000000000E+00
   3   4   2   0.00000000000E+00
   4   4   2   0.00000000000E+00
   1   1   3  -3.29138000000E-03
   2   1   3   5.05156250000E-04
   3   1   3  -2.16840434497E-19
   4   1   3   5.05156250000E-04
   1   2   3   5.05156250000E-04
   2   2   3   1.17019187500E-03
   3   2   3   0.00000000000E+00
   4   2   3   1.76494812500E-03
   1   3   3   0.00000000000E+00
   2   3   3  -2.16840434497E-19
   3   3   3   2.16840434497E-19
   4   3   3  -2.16840434497E-19
   1   4   3   5.05156250000E-04
   2   4   3   1.76494812500E-03
   3   4   3   0.00000000000E+00
   4   4   3   1.17019187500E-03
   1   1   4   1.94830168750E-02
   2   1   4   2.16840434497E-19
   3   1   4  -1.17019187500E-03
   4   1   4   5.05156250000E-04
   1   2   4  -2.16840434497E-19
   2   2   4   0.00000000000E+00
   3   2   4   0.00000000000E+00
   4   2   4   0.00000000000E+00
   1   3   4  -1.17019187500E-03
   2   3   4  -2.16840434497E-19
   3   3   4  -1.76494812500E-03
   4   3   4  -5.05156250000E-04
   1   4   4   5.05156250000E-04
   2   4   4   0.00000000000E+00
   3   4   4  -5.05156250000E-04
   4   4   4   0.00000000000E+00
   1   3   1   1
   1   1   1  -4.33680868994E-19
   2   1   1   1.94830168750E-02
   3   1   1  -3.29138000000E-03
   4   1   1   1.94830168750E-02
   1   2   1   2.16840434497E-19
   2   2   1   5.05156250000E-04
   3   2   1   5.05156250000E-04
   4   2   1  -2.16840434497E-19
   1   3   1   0.00000000000E+00
   2   3   1  -1.17019187500E-03
   3   3   1   2.16840434497E-19
   4   3   1  -1.17019187500E-03
   1   4   1   2.16840434497E-19
   2   4   1  -2.16840434497E-19
   3   4   1   5.05156250000E-04
   4   4   1   5.05156250000E-04
   1   1   2   2.16840434497E-19
   2   1   2   5.05156250000E-04
   3   1   2   5.05156250000E-04
   4   1   2  -2.16840434497E-19
   1   2   2   1.17019187500E-03
   2   2   2   0.00000000000E+00
   3   2   2   1.17019187500E-03
   4   2   2   0.00000000000E+00
   1   3   2  -5.05156250000E-04
   2   3   2  -5.05156250000E-04
   3   3   2   0.00000000000E+00
   4   3   2   2.16840434497E-19
   1   4   2  -1.94830168750E-02
   2   4   2   0.00000000000E+00
   3   4   2   1.76494812500E-03
   4   4   2   0.00000000000E+00
   1   1   3   0.00000000000E+00
   2   1   3  -1.17019187500E-03
   3   1   3   2.16840434497E-19
   4   1   3  -1.17019187500E-03
   1   2   3  -5.05156250000E-04
   2   2   3  -5.05156250000E-04
   3   2   3   0.00000000000E+00
   4   2   3   2.16840434497E-19
   1   3   3   3.29138000000E-03
   2   3   3  -1.76494812500E-03
   3   3   3  -2.16840434497E-19
   4   3   3  -1.76494812500E-03
   1   4   3  -5.05156250000E-04
   2   4   3   2.16840434497E-19
   3   4   3   0.00000000000E+00
   4   4   3  -5.05156250000E-04
   1   1   4   2.16840434497E-19
   2   1   4  -2.16840434497E-19
   3   1   4   5.05156250000E-04
   4   1   4   5.05156250000E-04
   1   2   4  -1.94830168750E-02
   2   2   4   0.00000000000E+00
   3   2   4   1.76494812500E-03
   4   2   4   0.00000000000E+00
   1   3   4  -5.05156250000E-04
   2   3   4   2.16840434497E-19
   3   3   4   0.00000000000E+00
   4   3   4  -5.05156250000E-04
   1   4   4   1.17019187500E-03
   2   4   4   0.00000000000E+00
   3   4   4   1.17019187500E-03
   4   4   4   0.00000000000E+00
   2   1   1   1
   1   1   1   4.33680868994E-19
   2   1   1   2.16840434497E-19
   3   1   1  -2.16840434497E-19
   4   1   1   2.16840434497E-19
   1   2   1  -2.16840434497E-19
   2   2   1   1.17019187500E-03
   3   2   1  -5.05156250000E-04
   4   2   1  -1.94830168750E-02
   1   3   1   0.00000000000E+00
   2   3   1  -5.05156250000E-04
   3   3   1   3.29138000000E-03
   4   3   1  -5.05156250000E-04
   1   4   1  -2.16840434497E-19
   2   4   1  -1.94830168750E-02
   3   4   1  -5.05156250000E-04
   4   4   1   1.17019187500E-03
   1   1   2   1.94830168750E-02
   2   1   2   5.05156250000E-04
   3   1   2  -1.17019187500E-03
   4   1   2   2.16840434497E-19
   1   2   2   5.05156250000E-04
   2   2   2   0.00000000000E+00
   3   2   2  -5.05156250000E-04
   4   2   2   0.00000000000E+00
   1   3   2  -1.17019187500E-03
   2   3   2  -5.05156250000E-04
   3   3   2  -1.76494812500E-03
   4   3   2  -2.16840434497E-19
   1   4   2  -2.16840434497E-19
   2   4   2   0.00000000000E+00
   3   4   2   0.00000000000E+00
   4   4   2   0.00000000000E+00
   1   1   3  -3.29138000000E-03
   2   1   3   5.05156250000E-04
   3   1   3  -2.16840434497E-19
   4   1   3   5.05156250000E-04
   1   2   3   5.05156250000E-04
   2   2   3   1.17019187500E-03
   3   2   3   0.00000000000E+00
   4   2   3   1.76494812500E-03
   1   3   3   0.00000000000E+00
   2   3   3  -2.16840434497E-19
   3   3   3   2.16840434497E-19
   4   3   3  -2.16840434497E-19
   1   4   3   5.05156250000E-04
   2   4   3   1.76494812500E-03
   3   4   3   0.00000000000E+00
   4   4   3   1.17019187500E-03
   1   1   4   1.94830168750E-02
   2   1   4   2.16840434497E-19
   3   1   4  -1.17019187500E-03
   4   1   4   5.05156250000E-04
   1   2   4  -2.16840434497E-19
   2   2   4   0.00000000000E+00
   3   2   4   0.00000000000E+00
   4   2   4   0.00000000000E+00
   1   3   4  -1.17019187500E-03
   2   3   4  -2.16840434497E-19
   3   3   4  -1.76494812500E-03
   4   3   4  -5.05156250000E-04
   1   4   4   5.05156250000E-04
   2   4   4   0.00000000000E+00
   3   4   4  -5.05156250000E-04
   4   4   4   0.00000000000E+00
   2   2   1   1
   1   1   1   8.53573885937E-02
   2   1   1   9.30825234375E-03
   3   1   1  -1.92224640625E-03
   4   1   1   9.30825234375E-03
   1   2   1  -1.30140057812E-02
   2   2   1   9.55355468750E-04
   3   2   1   9.55355468750E-04
   4   2   1  -1.30140057812E-02
   1   3   1  -1.07738015625E-03
   2   3   1  -2.55180640625E-03
   3   3   1  -1.07738015625E-03
   4   3   1  -2.55180640625E-03
   1   4   1  -1.30140057812E-02
   2   4   1  -1.30140057812E-02
   3   4   1   9.55355468750E-04
   4   4   1   9.55355468750E-04
   1   1   2  -1.30140057812E-02
   2   1   2   9.55355468750E-04
   3   1   2   9.55355468750E-04
   4   1   2  -1.30140057812E-02
   1   2   2  -2.55180640625E-03
   2   2   2  -2.62439453125E-03
   3   2   2  -2.55180640625E-03
   4   2   2  -3.32541828125E-03
   1   3   2   9.55355468750E-04
   2   3   2   9.55355468750E-04
   3   3   2   8.14620468750E-04
   4   3   2   8.14620468750E-04
   1   4   2   9.30825234375E-03
   2   4   2   9.66602968750E-04
   3   4   2  -9.81664062500E-05
   4   4   2   9.66602968750E-04
   1   1   3  -1.07738015625E-03
   2   1   3  -2.55180640625E-03
   3   1   3  -1.07738015625E-03
   4   1   3  -2.55180640625E-03
   1   2   3   9.55355468750E-04
   2   2   3   9.55355468750E-04
   3   2   3   8.14620468750E-04
   4   2   3   8.14620468750E-04
   1   3   3  -1.92224640625E-03
   2   3   3  -9.81664062500E-05
   3   3   3  -3.60058906250E-04
   4   3   3  -9.81664062500E-05
   1   4   3   9.55355468750E-04
   2   4   3   8.14620468750E-04
   3   4   3   8.14620468750E-04
   4   4   3   9.55355468750E-04
   1   1   4  -1.30140057812E-02
   2   1   4  -1.30140057812E-02
   3   1   4   9.55355468750E-04
   4   1   4   9.55355468750E-04
   1   2   4   9.30825234375E-03
   2   2   4   9.66602968750E-04
   3   2   4  -9.81664062500E-05
   4   2   4   9.66602968750E-04
   1   3   4   9.55355468750E-04
   2   3   4   8.14620468750E-04
   3   3   4   8.14620468750E-04
   4   3   4   9.55355468750E-04
   1   4   4  -2.55180640625E-03
   2   4   4  -3.32541828125E-03
   3   4   4  -2.55180640625E-03
   4   4   4  -2.62439453125E-03
   2   3   1   1
   1   1   1  -4.33680868994E-19
   2   1   1  -2.16840434497E-19
   3   1   1   2.16840434497E-19
   4   1   1  -2.16840434497E-19
   1   2   1  -1.94830168750E-02
   2   2   1  -5.05156250000E-04
   3   2   1   1.17019187500E-03
   4   2   1  -2.16840434497E-19
   1   3   1   3.29138000000E-03
   2   3   1  -5.05156250000E-04
   3   3   1   2.16840434497E-19
   4   3   1  -5.05156250000E-04
   1   4   1  -1.94830168750E-02
   2   4   1  -2.16840434497E-19
   3   4   1   1.17019187500E-03
   4   4   1  -5.05156250000E-04
   1   1   2   2.16840434497E-19
   2   1   2  -1.17019187500E-03
   3   1   2   5.05156250000E-04
   4   1   2   1.94830168750E-02
   1   2   2  -5.05156250000E-04
   2   2   2   0.00000000000E+00
   3   2   2   5.05156250000E-04
   4   2   2   0.00000000000E+00
   1   3   2  -5.05156250000E-04
   2   3   2  -1.17019187500E-03
   3   3   2   0.00000000000E+00
   4   3   2  -1.76494812500E-03
   1   4   2   2.16840434497E-19
   2   4   2   0.00000000000E+00
   3   4   2   0.00000000000E+00
   4   4   2   0.00000000000E+00
   1   1   3   0.00000000000E+00
   2   1   3   5.05156250000E-04
   3   1   3  -3.29138000000E-03
   4   1   3   5.05156250000E-04
   1   2   3   1.17019187500E-03
   2   2   3   5.05156250000E-04
   3   2   3   1.76494812500E-03
   4   2   3   2.16840434497E-19
   1   3   3   0.00000000000E+00
   2   3   3   2.16840434497E-19
   3   3   3  -2.16840434497E-19
   4   3   3   2.16840434497E-19
   1   4   3   1.17019187500E-03
   2   4   3   2.16840434497E-19
   3   4   3   1.76494812500E-03
   4   4   3   5.05156250000E-04
   1   1   4   2.16840434497E-19
   2   1   4   1.94830168750E-02
   3   1   4   5.05156250000E-04
   4   1   4  -1.17019187500E-03
   1   2   4   2.16840434497E-19
   2   2   4   0.00000000000E+00
   3   2   4   0.00000000000E+00
   4   2   4   0.00000000000E+00
   1   3   4  -5.05156250000E-04
   2   3   4  -1.76494812500E-03
   3   3   4   0.00000000000E+00
   4   3   4  -1.17019187500E-03
   1   4   4  -5.05156250000E-04
   2   4   4   0.00000000000E+00
   3   4   4   5.05156250000E-04
   4   4   4   0.00000000000E+00
   3   1   1   1
   1   1   1  -4.33680868994E-19
   2   1   1   1.94830168750E-02
   3   1   1  -3.29138000000E-03
   4   1   1   1.94830168750E-02
   1   2   1   2.16840434497E-19
   2   2   1   5.05156250000E-04
   3   2   1   5.05156250000E-04
   4   2   1  -2.16840434497E-19
   1   3   1   0.00000000000E+00
   2   3   1  -1.17019187500E-03
   3   3   1   2.16840434497E-19
   4   3   1  -1.17019187500E-03
   1   4   1   2.16840434497E-19
   2   4   1  -2.16840434497E-19
   3   4   1   5.05156250000E-04
   4   4   1   5.05156250000E-04
   1   1   2   2.16840434497E-19
   2   1   2   5.05156250000E-04
   3   1   2   5.05156250000E-04
   4   1   2  -2.16840434497E-19
   1   2   2   1.17019187500E-03
   2   2   2   0.00000000000E+00
   3   2   2   1.17019187500E-03
   4   2   2   0.00000000000E+00
   1   3   2  -5.05156250000E-04
   2   3   2  -5.05156250000E-04
   3   3   2   0.00000000000E+00
   4   3   2   2.16840434497E-19
   1   4   2  -1.94830168750E-02
   2   4   2   0.00000000000E+00
   3   4   2   1.76494812500E-03
   4   4   2   0.00000000000E+00
   1   1   3   0.00000000000E+00
   2   1   3  -1.17019187500E-03
   3   1   3   2.16840434497E-19
   4   1   3  -1.17019187500E-03
   1   2   3  -5.05156250000E-04
   2   2   3  -5.05156250000E-04
   3   2   3   0.00000000000E+00
   4   2   3   2.16840434497E-19
   1   3   3   3.29138000000E-03
   2   3   3  -1.76494812500E-03
   3   3   3  -2.16840434497E-19
   4   3   3  -1.76494812500E-03
   1   4   3  -5.05156250000E-04
   2   4   3   2.16840434497E-19
   3   4   3   0.00000000000E+00
   4   4   3  -5.05156250000E-04
   1   1   4   2.16840434497E-19
   2   1   4  -2.16840434497E-19
   3   1   4   5.05156250000E-04
   4   1   4   5.05156250000E-04
   1   2   4  -1.94830168750E-02
   2   2   4   0.00000000000E+00
   3   2   4   1.76494812500E-03
   4   2   4   0.00000000000E+00
   1   3   4  -5.05156250000E-04
   2   3   4   2.16840434497E-19
   3   3   4   0.00000000000E+00
   4   3   4  -5.05156250000E-04
   1   4   4   1.17019187500E-03
   2   4   4   0.00000000000E+00
   3   4   4   1.17019187500E-03
   4   4   4   0.00000000000E+00
   3   2   1   1
   1   1   1  -4.33680868994E-19
   2   1   1  -2.16840434497E-19
   3   1   1   2.16840434497E-19
   4   1   1  -2.16840434497E-19
   1   2   1  -1.94830168750E-02
   2   2   1  -5.05156250000E-04
   3   2   1   1.17019187500E-03
   4   2   1  -2.16840434497E-19
   1   3   1   3.29138000000E-03
   2   3   1  -5.05156250000E-04
   3   3   1   2.16840434497E-19
   4   3   1  -5.05156250000E-04
   1   4   1  -1.94830168750E-02
   2   4   1  -2.16840434497E-19
   3   4   1   1.17019187500E-03
   4   4   1  -5.05156250000E-04
   1   1   2   2.16840434497E-19
   2   1   2  -1.17019187500E-03
   3   1   2   5.05156250000E-04
   4   1   2   1.94830168750E-02
   1   2   2  -5.05156250000E-04
   2   2   2   0.00000000000E+00
   3   2   2   5.05156250000E-04
   4   2   2   0.00000000000E+00
   1   3   2  -5.05156250000E-04
   2   3   2  -1.17019187500E-03
   3   3   2   0.00000000000E+00
   4   3   2  -1.76494812500E-03
   1   4   2   2.16840434497E-19
   2   4   2   0.00000000000E+00
   3   4   2   0.00000000000E+00
   4   4   2   0.00000000000E+00
   1   1   3   0.00000000000E+00
   2   1   3   5.05156250000E-04
   3   1   3  -3.29138000000E-03
   4   1   3   5.05156250000E-04
   1   2   3   1.17019187500E-03
   2   2   3   5.05156250000E-04
   3   2   3   1.76494812500E-03
   4   2   3   2.16840434497E-19
   1   3   3   0.00000000000E+00
   2   3   3   2.16840434497E-19
   3   3   3  -2.16840434497E-19
   4   3   3   2.16840434497E-19
   1   4   3   1.17019187500E-03
   2   4   3   2.16840434497E-19
   3   4   3   1.76494812500E-03
   4   4   3   5.05156250000E-04
   1   1   4   2.16840434497E-19
   2   1   4   1.94830168750E-02
   3   1   4   5.05156250000E-04
   4   1   4  -1.17019187500E-03
   1   2   4   2.16840434497E-19
   2   2   4   0.00000000000E+00
   3   2   4   0.00000000000E+00
   4   2   4   0.00000000000E+00
   1   3   4  -5.05156250000E-04
   2   3   4  -1.76494812500E-03
   3   3   4   0.00000000000E+00
   4   3   4  -1.17019187500E-03
   1   4   4  -5.05156250000E-04
   2   4   4   0.00000000000E+00
   3   4   4   5.05156250000E-04
   4   4   4   0.00000000000E+00
   3   3   1   1
   1   1   1   8.53573885937E-02
   2   1   1  -1.30140057812E-02
   3   1   1  -1.07738015625E-03
   4   1   1  -1.30140057812E-02
   1   2   1  -1.30140057812E-02
   2   2   1  -2.55180640625E-03
   3   2   1   9.55355468750E-04
   4   2   1   9.30825234375E-03
   1   3   1  -1.07738015625E-03
   2   3   1   9.55355468750E-04
   3   3   1  -1.92224640625E-03
   4   3   1   9.55355468750E-04
   1   4   1  -1.30140057812E-02
   2   4   1   9.30825234375E-03
   3   4   1   9.55355468750E-04
   4   4   1  -2.55180640625E-03
   1   1   2   9.30825234375E-03
   2   1   2   9.55355468750E-04
   3   1   2  -2.55180640625E-03
   4   1   2  -1.30140057812E-02
   1   2   2   9.55355468750E-04
   2   2   2  -2.62439453125E-03
   3   2   2   9.55355468750E-04
   4   2   2   9.66602968750E-04
   1   3   2  -2.55180640625E-03
   2   3   2   9.55355468750E-04
   3   3   2  -9.81664062500E-05
   4   3   2   8.14620468750E-04
   1   4   2  -1.30140057812E-02
   2   4   2   9.66602968750E-04
   3   4   2   8.14620468750E-04
   4   4   2  -3.32541828125E-03
   1   1   3  -1.92224640625E-03
   2   1   3   9.55355468750E-04
   3   1   3  -1.07738015625E-03
   4   1   3   9.55355468750E-04
   1   2   3   9.55355468750E-04
   2   2   3  -2.55180640625E-03
   3   2   3   8.14620468750E-04
   4   2   3  -9.81664062500E-05
   1   3   3  -1.07738015625E-03
   2   3   3   8.14620468750E-04
   3   3   3  -3.60058906250E-04
   4   3   3   8.14620468750E-04
   1   4   3   9.55355468750E-04
   2   4   3  -9.81664062500E-05
   3   4   3   8.14620468750E-04
   4   4   3  -2.55180640625E-03
   1   1   4   9.30825234375E-03
   2   1   4  -1.30140057812E-02
   3   1   4  -2.55180640625E-03
   4   1   4   9.55355468750E-04
   1   2   4  -1.30140057812E-02
   2   2   4  -3.32541828125E-03
   3   2   4   8.14620468750E-04
   4   2   4   9.66602968750E-04
   1   3   4  -2.55180640625E-03
   2   3   4   8.14620468750E-04
   3   3   4  -9.81664062500E-05
   4   3   4   9.55355468750E-04
   1   4   4   9.55355468750E-04
   2   4   4   9.66602968750E-04
   3   4   4   9.55355468750E-04
   4   4   4  -2.62439453125E-03
