  1.000000000000000E-002  0.616500735846015        2.72833574127014     
   4   4   4
   1   1   1   1
   1   1   1   8.55960123437E-02
   2   1   1  -1.11395042187E-02
   3   1   1   7.74954687500E-05
   4   1   1  -1.11395042187E-02
   1   2   1   7.07814921875E-03
   2   2   1  -4.60204687500E-05
   3   2   1  -5.01105390625E-03
   4   2   1  -1.11395042187E-02
   1   3   1  -1.56855156250E-04
   2   3   1  -4.60204687500E-05
   3   3   1   7.74954687500E-05
   4   3   1  -4.60204687500E-05
   1   4   1   7.07814921875E-03
   2   4   1  -1.11395042187E-02
   3   4   1  -5.01105390625E-03
   4   4   1  -4.60204687500E-05
   1   1   2  -1.11395042187E-02
   2   1   2  -5.01105390625E-03
   3   1   2  -4.60204687500E-05
   4   1   2   7.07814921875E-03
   1   2   2  -4.60204687500E-05
   2   2   2   3.47680046875E-03
   3   2   2  -4.60204687500E-05
   4   2   2   3.69973984375E-03
   1   3   2  -4.60204687500E-05
   2   3   2  -5.01105390625E-03
   3   3   2   1.81013281250E-04
   4   3   2   7.02131718750E-04
   1   4   2  -1.11395042187E-02
   2   4   2  -5.52845453125E-03
   3   4   2   1.81013281250E-04
   4   4   2   3.69973984375E-03
   1   1   3   7.74954687500E-05
   2   1   3  -4.60204687500E-05
   3   1   3  -1.56855156250E-04
   4   1   3  -4.60204687500E-05
   1   2   3  -5.01105390625E-03
   2   2   3  -4.60204687500E-05
   3   2   3   7.02131718750E-04
   4   2   3   1.81013281250E-04
   1   3   3   7.74954687500E-05
   2   3   3   1.81013281250E-04
   3   3   3   1.36920734375E-03
   4   3   3   1.81013281250E-04
   1   4   3  -5.01105390625E-03
   2   4   3   1.81013281250E-04
   3   4   3   7.02131718750E-04
   4   4   3  -4.60204687500E-05
   1   1   4  -1.11395042187E-02
   2   1   4   7.07814921875E-03
   3   1   4  -4.60204687500E-05
   4   1   4  -5.01105390625E-03
   1   2   4  -1.11395042187E-02
   2   2   4   3.69973984375E-03
   3   2   4   1.81013281250E-04
   4   2   4  -5.52845453125E-03
   1   3   4  -4.60204687500E-05
   2   3   4   7.02131718750E-04
   3   3   4   1.81013281250E-04
   4   3   4  -5.01105390625E-03
   1   4   4  -4.60204687500E-05
   2   4   4   3.69973984375E-03
   3   4   4  -4.60204687500E-05
   4   4   4   3.47680046875E-03
   1   2   1   1
   1   1   1  -4.33680868994E-19
   2   1   1  -2.16840434497E-19
   3   1   1  -2.16840434497E-19
   4   1   1  -2.16840434497E-19
   1   2   1  -2.16840434497E-19
   2   2   1   2.95135687500E-03
   3   2   1  -3.65163750000E-04
   4   2   1  -1.97923006250E-02
   1   3   1   0.00000000000E+00
   2   3   1  -3.65163750000E-04
   3   3   1   1.75433750000E-03
   4   3   1  -3.65163750000E-04
   1   4   1  -2.16840434497E-19
   2   4   1  -1.97923006250E-02
   3   4   1  -3.65163750000E-04
   4   4   1   2.95135687500E-03
   1   1   2   1.97923006250E-02
   2   1   2   3.65163750000E-04
   3   1   2  -2.95135687500E-03
   4   1   2  -2.16840434497E-19
   1   2   2   3.65163750000E-04
   2   2   2   0.00000000000E+00
   3   2   2  -3.65163750000E-04
   4   2   2   0.00000000000E+00
   1   3   2  -2.95135687500E-03
   2   3   2  -3.65163750000E-04
   3   3   2  -1.46531687500E-03
   4   3   2   2.16840434497E-19
   1   4   2  -2.16840434497E-19
   2   4   2   0.00000000000E+00
   3   4   2   0.00000000000E+00
   4   4   2   0.00000000000E+00
   1   1   3  -1.75433750000E-03
   2   1   3   3.65163750000E-04
   3   1   3  -2.16840434497E-19
   4   1   3   3.65163750000E-04
   1   2   3   3.65163750000E-04
   2   2   3   2.95135687500E-03
   3   2   3   0.00000000000E+00
   4   2   3   1.46531687500E-03
   1   3   3   0.00000000000E+00
   2   3   3   2.16840434497E-19
   3   3   3   2.16840434497E-19
   4   3   3   2.16840434497E-19
   1   4   3   3.65163750000E-04
   2   4   3   1.46531687500E-03
   3   4   3   0.00000000000E+00
   4   4   3   2.95135687500E-03
   1   1   4   1.97923006250E-02
   2   1   4  -2.16840434497E-19
   3   1   4  -2.95135687500E-03
   4   1   4   3.65163750000E-04
   1   2   4  -2.16840434497E-19
   2   2   4   0.00000000000E+00
   3   2   4   0.00000000000E+00
   4   2   4   0.00000000000E+00
   1   3   4  -2.95135687500E-03
   2   3   4   2.16840434497E-19
   3   3   4  -1.46531687500E-03
   4   3   4  -3.65163750000E-04
   1   4   4   3.65163750000E-04
   2   4   4   0.00000000000E+00
   3   4   4  -3.65163750000E-04
   4   4   4   0.00000000000E+00
   1   3   1   1
   1   1   1   4.33680868994E-19
   2   1   1   1.97923006250E-02
   3   1   1  -1.75433750000E-03
   4   1   1   1.97923006250E-02
   1   2   1   1.08420217249E-18
   2   2   1   3.65163750000E-04
   3   2   1   3.65163750000E-04
   4   2   1   2.16840434497E-19
   1   3   1   0.00000000000E+00
   2   3   1  -2.95135687500E-03
   3   3   1   2.16840434497E-19
   4   3   1  -2.95135687500E-03
   1   4   1   1.08420217249E-18
   2   4   1   2.16840434497E-19
   3   4   1   3.65163750000E-04
   4   4   1   3.65163750000E-04
   1   1   2   2.16840434497E-19
   2   1   2   3.65163750000E-04
   3   1   2   3.65163750000E-04
   4   1   2   6.50521303491E-19
   1   2   2   2.95135687500E-03
   2   2   2   0.00000000000E+00
   3   2   2   2.95135687500E-03
   4   2   2   0.00000000000E+00
   1   3   2  -3.65163750000E-04
   2   3   2  -3.65163750000E-04
   3   3   2   0.00000000000E+00
   4   3   2  -2.16840434497E-19
   1   4   2  -1.97923006250E-02
   2   4   2   0.00000000000E+00
   3   4   2   1.46531687500E-03
   4   4   2   0.00000000000E+00
   1   1   3   0.00000000000E+00
   2   1   3  -2.95135687500E-03
   3   1   3   2.16840434497E-19
   4   1   3  -2.95135687500E-03
   1   2   3  -3.65163750000E-04
   2   2   3  -3.65163750000E-04
   3   2   3   0.00000000000E+00
   4   2   3  -2.16840434497E-19
   1   3   3   1.75433750000E-03
   2   3   3  -1.46531687500E-03
   3   3   3  -2.16840434497E-19
   4   3   3  -1.46531687500E-03
   1   4   3  -3.65163750000E-04
   2   4   3  -2.16840434497E-19
   3   4   3   0.00000000000E+00
   4   4   3  -3.65163750000E-04
   1   1   4   2.16840434497E-19
   2   1   4   6.50521303491E-19
   3   1   4   3.65163750000E-04
   4   1   4   3.65163750000E-04
   1   2   4  -1.97923006250E-02
   2   2   4   0.00000000000E+00
   3   2   4   1.46531687500E-03
   4   2   4   0.00000000000E+00
   1   3   4  -3.65163750000E-04
   2   3   4  -2.16840434497E-19
   3   3   4   0.00000000000E+00
   4   3   4  -3.65163750000E-04
   1   4   4   2.95135687500E-03
   2   4   4   0.00000000000E+00
   3   4   4   2.95135687500E-03
   4   4   4   0.00000000000E+00
   2   1   1   1
   1   1   1  -4.33680868994E-19
   2   1   1  -2.16840434497E-19
   3   1   1  -2.16840434497E-19
   4   1   1  -2.16840434497E-19
   1   2   1  -2.16840434497E-19
   2   2   1   2.95135687500E-03
   3   2   1  -3.65163750000E-04
   4   2   1  -1.97923006250E-02
   1   3   1   0.00000000000E+00
   2   3   1  -3.65163750000E-04
   3   3   1   1.75433750000E-03
   4   3   1  -3.65163750000E-04
   1   4   1  -2.16840434497E-19
   2   4   1  -1.97923006250E-02
   3   4   1  -3.65163750000E-04
   4   4   1   2.95135687500E-03
   1   1   2   1.97923006250E-02
   2   1   2   3.65163750000E-04
   3   1   2  -2.95135687500E-03
   4   1   2  -2.16840434497E-19
   1   2   2   3.65163750000E-04
   2   2   2   0.00000000000E+00
   3   2   2  -3.65163750000E-04
   4   2   2   0.00000000000E+00
   1   3   2  -2.95135687500E-03
   2   3   2  -3.65163750000E-04
   3   3   2  -1.46531687500E-03
   4   3   2   2.16840434497E-19
   1   4   2  -2.16840434497E-19
   2   4   2   0.00000000000E+00
   3   4   2   0.00000000000E+00
   4   4   2   0.00000000000E+00
   1   1   3  -1.75433750000E-03
   2   1   3   3.65163750000E-04
   3   1   3  -2.16840434497E-19
   4   1   3   3.65163750000E-04
   1   2   3   3.65163750000E-04
   2   2   3   2.95135687500E-03
   3   2   3   0.00000000000E+00
   4   2   3   1.46531687500E-03
   1   3   3   0.00000000000E+00
   2   3   3   2.16840434497E-19
   3   3   3   2.16840434497E-19
   4   3   3   2.16840434497E-19
   1   4   3   3.65163750000E-04
   2   4   3   1.46531687500E-03
   3   4   3   0.00000000000E+00
   4   4   3   2.95135687500E-03
   1   1   4   1.97923006250E-02
   2   1   4  -2.16840434497E-19
   3   1   4  -2.95135687500E-03
   4   1   4   3.65163750000E-04
   1   2   4  -2.16840434497E-19
   2   2   4   0.00000000000E+00
   3   2   4   0.00000000000E+00
   4   2   4   0.00000000000E+00
   1   3   4  -2.95135687500E-03
   2   3   4   2.16840434497E-19
   3   3   4  -1.46531687500E-03
   4   3   4  -3.65163750000E-04
   1   4   4   3.65163750000E-04
   2   4   4   0.00000000000E+00
   3   4   4  -3.65163750000E-04
   4   4   4   0.00000000000E+00
   2   2   1   1
   1   1   1   8.55960123437E-02
   2   1   1   7.07814921875E-03
   3   1   1  -1.56855156250E-04
   4   1   1   7.07814921875E-03
   1   2   1  -1.11395042187E-02
   2   2   1  -4.60204687500E-05
   3   2   1  -4.60204687500E-05
   4   2   1  -1.11395042187E-02
   1   3   1   7.74954687500E-05
   2   3   1  -5.01105390625E-03
   3   3   1   7.74954687500E-05
   4   3   1  -5.01105390625E-03
   1   4   1  -1.11395042187E-02
   2   4   1  -1.11395042187E-02
   3   4   1  -4.60204687500E-05
   4   4   1  -4.60204687500E-05
   1   1   2  -1.11395042187E-02
   2   1   2  -4.60204687500E-05
   3   1   2  -4.60204687500E-05
   4   1   2  -1.11395042187E-02
   1   2   2  -5.01105390625E-03
   2   2   2   3.47680046875E-03
   3   2   2  -5.01105390625E-03
   4   2   2  -5.52845453125E-03
   1   3   2  -4.60204687500E-05
   2   3   2  -4.60204687500E-05
   3   3   2   1.81013281250E-04
   4   3   2   1.81013281250E-04
   1   4   2   7.07814921875E-03
   2   4   2   3.69973984375E-03
   3   4   2   7.02131718750E-04
   4   4   2   3.69973984375E-03
   1   1   3   7.74954687500E-05
   2   1   3  -5.01105390625E-03
   3   1   3   7.74954687500E-05
   4   1   3  -5.01105390625E-03
   1   2   3  -4.60204687500E-05
   2   2   3  -4.60204687500E-05
   3   2   3   1.81013281250E-04
   4   2   3   1.81013281250E-04
   1   3   3  -1.56855156250E-04
   2   3   3   7.02131718750E-04
   3   3   3   1.36920734375E-03
   4   3   3   7.02131718750E-04
   1   4   3  -4.60204687500E-05
   2   4   3   1.81013281250E-04
   3   4   3   1.81013281250E-04
   4   4   3  -4.60204687500E-05
   1   1   4  -1.11395042187E-02
   2   1   4  -1.11395042187E-02
   3   1   4  -4.60204687500E-05
   4   1   4  -4.60204687500E-05
   1   2   4   7.07814921875E-03
   2   2   4   3.69973984375E-03
   3   2   4   7.02131718750E-04
   4   2   4   3.69973984375E-03
   1   3   4  -4.60204687500E-05
   2   3   4   1.81013281250E-04
   3   3   4   1.81013281250E-04
   4   3   4  -4.60204687500E-05
   1   4   4  -5.01105390625E-03
   2   4   4  -5.52845453125E-03
   3   4   4  -5.01105390625E-03
   4   4   4   3.47680046875E-03
   2   3   1   1
   1   1   1   4.33680868994E-19
   2   1   1   6.50521303491E-19
   3   1   1   2.16840434497E-19
   4   1   1   6.50521303491E-19
   1   2   1  -1.97923006250E-02
   2   2   1  -3.65163750000E-04
   3   2   1   2.95135687500E-03
   4   2   1   2.16840434497E-19
   1   3   1   1.75433750000E-03
   2   3   1  -3.65163750000E-04
   3   3   1   2.16840434497E-19
   4   3   1  -3.65163750000E-04
   1   4   1  -1.97923006250E-02
   2   4   1   2.16840434497E-19
   3   4   1   2.95135687500E-03
   4   4   1  -3.65163750000E-04
   1   1   2   2.16840434497E-19
   2   1   2  -2.95135687500E-03
   3   1   2   3.65163750000E-04
   4   1   2   1.97923006250E-02
   1   2   2  -3.65163750000E-04
   2   2   2   0.00000000000E+00
   3   2   2   3.65163750000E-04
   4   2   2   0.00000000000E+00
   1   3   2  -3.65163750000E-04
   2   3   2  -2.95135687500E-03
   3   3   2   0.00000000000E+00
   4   3   2  -1.46531687500E-03
   1   4   2   1.08420217249E-18
   2   4   2   0.00000000000E+00
   3   4   2   0.00000000000E+00
   4   4   2   0.00000000000E+00
   1   1   3   0.00000000000E+00
   2   1   3   3.65163750000E-04
   3   1   3  -1.75433750000E-03
   4   1   3   3.65163750000E-04
   1   2   3   2.95135687500E-03
   2   2   3   3.65163750000E-04
   3   2   3   1.46531687500E-03
   4   2   3  -2.16840434497E-19
   1   3   3   0.00000000000E+00
   2   3   3  -2.16840434497E-19
   3   3   3  -2.16840434497E-19
   4   3   3  -2.16840434497E-19
   1   4   3   2.95135687500E-03
   2   4   3  -2.16840434497E-19
   3   4   3   1.46531687500E-03
   4   4   3   3.65163750000E-04
   1   1   4   2.16840434497E-19
   2   1   4   1.97923006250E-02
   3   1   4   3.65163750000E-04
   4   1   4  -2.95135687500E-03
   1   2   4   1.08420217249E-18
   2   2   4   0.00000000000E+00
   3   2   4   0.00000000000E+00
   4   2   4   0.00000000000E+00
   1   3   4  -3.65163750000E-04
   2   3   4  -1.46531687500E-03
   3   3   4   0.00000000000E+00
   4   3   4  -2.95135687500E-03
   1   4   4  -3.65163750000E-04
   2   4   4   0.00000000000E+00
   3   4   4   3.65163750000E-04
   4   4   4   0.00000000000E+00
   3   1   1   1
   1   1   1   4.33680868994E-19
   2   1   1   1.97923006250E-02
   3   1   1  -1.75433750000E-03
   4   1   1   1.97923006250E-02
   1   2   1   1.08420217249E-18
   2   2   1   3.65163750000E-04
   3   2   1   3.65163750000E-04
   4   2   1   2.16840434497E-19
   1   3   1   0.00000000000E+00
   2   3   1  -2.95135687500E-03
   3   3   1   2.16840434497E-19
   4   3   1  -2.95135687500E-03
   1   4   1   1.08420217249E-18
   2   4   1   2.16840434497E-19
   3   4   1   3.65163750000E-04
   4   4   1   3.65163750000E-04
   1   1   2   2.16840434497E-19
   2   1   2   3.65163750000E-04
   3   1   2   3.65163750000E-04
   4   1   2   6.50521303491E-19
   1   2   2   2.95135687500E-03
   2   2   2   0.00000000000E+00
   3   2   2   2.95135687500E-03
   4   2   2   0.00000000000E+00
   1   3   2  -3.65163750000E-04
   2   3   2  -3.65163750000E-04
   3   3   2   0.00000000000E+00
   4   3   2  -2.16840434497E-19
   1   4   2  -1.97923006250E-02
   2   4   2   0.00000000000E+00
   3   4   2   1.46531687500E-03
   4   4   2   0.00000000000E+00
   1   1   3   0.00000000000E+00
   2   1   3  -2.95135687500E-03
   3   1   3   2.16840434497E-19
   4   1   3  -2.95135687500E-03
   1   2   3  -3.65163750000E-04
   2   2   3  -3.65163750000E-04
   3   2   3   0.00000000000E+00
   4   2   3  -2.16840434497E-19
   1   3   3   1.75433750000E-03
   2   3   3  -1.46531687500E-03
   3   3   3  -2.16840434497E-19
   4   3   3  -1.46531687500E-03
   1   4   3  -3.65163750000E-04
   2   4   3  -2.16840434497E-19
   3   4   3   0.00000000000E+00
   4   4   3  -3.65163750000E-04
   1   1   4   2.16840434497E-19
   2   1   4   6.50521303491E-19
   3   1   4   3.65163750000E-04
   4   1   4   3.65163750000E-04
   1   2   4  -1.97923006250E-02
   2   2   4   0.00000000000E+00
   3   2   4   1.46531687500E-03
   4   2   4   0.00000000000E+00
   1   3   4  -3.65163750000E-04
   2   3   4  -2.16840434497E-19
   3   3   4   0.00000000000E+00
   4   3   4  -3.65163750000E-04
   1   4   4   2.95135687500E-03
   2   4   4   0.00000000000E+00
   3   4   4   2.95135687500E-03
   4   4   4   0.00000000000E+00
   3   2   1   1
   1   1   1   4.33680868994E-19
   2   1   1   6.50521303491E-19
   3   1   1   2.16840434497E-19
   4   1   1   6.50521303491E-19
   1   2   1  -1.97923006250E-02
   2   2   1  -3.65163750000E-04
   3   2   1   2.95135687500E-03
   4   2   1   2.16840434497E-19
   1   3   1   1.75433750000E-03
   2   3   1  -3.65163750000E-04
   3   3   1   2.16840434497E-19
   4   3   1  -3.65163750000E-04
   1   4   1  -1.97923006250E-02
   2   4   1   2.16840434497E-19
   3   4   1   2.95135687500E-03
   4   4   1  -3.65163750000E-04
   1   1   2   2.16840434497E-19
   2   1   2  -2.95135687500E-03
   3   1   2   3.65163750000E-04
   4   1   2   1.97923006250E-02
   1   2   2  -3.65163750000E-04
   2   2   2   0.00000000000E+00
   3   2   2   3.65163750000E-04
   4   2   2   0.00000000000E+00
   1   3   2  -3.65163750000E-04
   2   3   2  -2.95135687500E-03
   3   3   2   0.00000000000E+00
   4   3   2  -1.46531687500E-03
   1   4   2   1.08420217249E-18
   2   4   2   0.00000000000E+00
   3   4   2   0.00000000000E+00
   4   4   2   0.00000000000E+00
   1   1   3   0.00000000000E+00
   2   1   3   3.65163750000E-04
   3   1   3  -1.75433750000E-03
   4   1   3   3.65163750000E-04
   1   2   3   2.95135687500E-03
   2   2   3   3.65163750000E-04
   3   2   3   1.46531687500E-03
   4   2   3  -2.16840434497E-19
   1   3   3   0.00000000000E+00
   2   3   3  -2.16840434497E-19
   3   3   3  -2.16840434497E-19
   4   3   3  -2.16840434497E-19
   1   4   3   2.95135687500E-03
   2   4   3  -2.16840434497E-19
   3   4   3   1.46531687500E-03
   4   4   3   3.65163750000E-04
   1   1   4   2.16840434497E-19
   2   1   4   1.97923006250E-02
   3   1   4   3.65163750000E-04
   4   1   4  -2.95135687500E-03
   1   2   4   1.08420217249E-18
   2   2   4   0.00000000000E+00
   3   2   4   0.00000000000E+00
   4   2   4   0.00000000000E+00
   1   3   4  -3.65163750000E-04
   2   3   4  -1.46531687500E-03
   3   3   4   0.00000000000E+00
   4   3   4  -2.95135687500E-03
   1   4   4  -3.65163750000E-04
   2   4   4   0.00000000000E+00
   3   4   4   3.65163750000E-04
   4   4   4   0.00000000000E+00
   3   3   1   1
   1   1   1   8.55960123437E-02
   2   1   1  -1.11395042187E-02
   3   1   1   7.74954687500E-05
   4   1   1  -1.11395042187E-02
   1   2   1  -1.11395042187E-02
   2   2   1  -5.01105390625E-03
   3   2   1  -4.60204687500E-05
   4   2   1   7.07814921875E-03
   1   3   1   7.74954687500E-05
   2   3   1  -4.60204687500E-05
   3   3   1  -1.56855156250E-04
   4   3   1  -4.60204687500E-05
   1   4   1  -1.11395042187E-02
   2   4   1   7.07814921875E-03
   3   4   1  -4.60204687500E-05
   4   4   1  -5.01105390625E-03
   1   1   2   7.07814921875E-03
   2   1   2  -4.60204687500E-05
   3   1   2  -5.01105390625E-03
   4   1   2  -1.11395042187E-02
   1   2   2  -4.60204687500E-05
   2   2   2   3.47680046875E-03
   3   2   2  -4.60204687500E-05
   4   2   2   3.69973984375E-03
   1   3   2  -5.01105390625E-03
   2   3   2  -4.60204687500E-05
   3   3   2   7.02131718750E-04
   4   3   2   1.81013281250E-04
   1   4   2  -1.11395042187E-02
   2   4   2   3.69973984375E-03
   3   4   2   1.81013281250E-04
   4   4   2  -5.52845453125E-03
   1   1   3  -1.56855156250E-04
   2   1   3  -4.60204687500E-05
   3   1   3   7.74954687500E-05
   4   1   3  -4.60204687500E-05
   1   2   3  -4.60204687500E-05
   2   2   3  -5.01105390625E-03
   3   2   3   1.81013281250E-04
   4   2   3   7.02131718750E-04
   1   3   3   7.74954687500E-05
   2   3   3   1.81013281250E-04
   3   3   3   1.36920734375E-03
   4   3   3   1.81013281250E-04
   1   4   3  -4.60204687500E-05
   2   4   3   7.02131718750E-04
   3   4   3   1.81013281250E-04
   4   4   3  -5.01105390625E-03
   1   1   4   7.07814921875E-03
   2   1   4  -1.11395042187E-02
   3   1   4  -5.01105390625E-03
   4   1   4  -4.60204687500E-05
   1   2   4  -1.11395042187E-02
   2   2   4  -5.52845453125E-03
   3   2   4   1.81013281250E-04
   4   2   4   3.69973984375E-03
   1   3   4  -5.01105390625E-03
   2   3   4   1.81013281250E-04
   3   3   4   7.02131718750E-04
   4   3   4  -4.60204687500E-05
   1   4   4  -4.60204687500E-05
   2   4   4   3.69973984375E-03
   3   4   4  -4.60204687500E-05
   4   4   4   3.47680046875E-03
