  2.000000000000000E-002  0.616178356963108        2.67488257086691     
   4   4   4
   1   1   1   1
   1   1   1   8.50868095313E-02
   2   1   1  -1.31348364062E-02
   3   1   1  -1.00536859375E-03
   4   1   1  -1.31348364062E-02
   1   2   1   7.65478015625E-03
   2   2   1   1.17755109375E-03
   3   2   1  -2.99076296875E-03
   4   2   1  -1.31348364062E-02
   1   3   1  -3.16601296875E-03
   2   3   1   1.17755109375E-03
   3   3   1  -1.00536859375E-03
   4   3   1   1.17755109375E-03
   1   4   1   7.65478015625E-03
   2   4   1  -1.31348364062E-02
   3   4   1  -2.99076296875E-03
   4   4   1   1.17755109375E-03
   1   1   2  -1.31348364063E-02
   2   1   2  -2.99076296875E-03
   3   1   2   1.17755109375E-03
   4   1   2   7.65478015625E-03
   1   2   2   1.17755109375E-03
   2   2   2  -4.96636718750E-04
   3   2   2   1.17755109375E-03
   4   2   2   1.42570765625E-03
   1   3   2   1.17755109375E-03
   2   3   2  -2.99076296875E-03
   3   3   2   7.12209843750E-04
   4   3   2   8.71276406250E-04
   1   4   2  -1.31348364063E-02
   2   4   2  -4.83919296875E-03
   3   4   2   7.12209843750E-04
   4   4   2   1.42570765625E-03
   1   1   3  -1.00536859375E-03
   2   1   3   1.17755109375E-03
   3   1   3  -3.16601296875E-03
   4   1   3   1.17755109375E-03
   1   2   3  -2.99076296875E-03
   2   2   3   1.17755109375E-03
   3   2   3   8.71276406250E-04
   4   2   3   7.12209843750E-04
   1   3   3  -1.00536859375E-03
   2   3   3   7.12209843750E-04
   3   3   3   1.24866203125E-03
   4   3   3   7.12209843750E-04
   1   4   3  -2.99076296875E-03
   2   4   3   7.12209843750E-04
   3   4   3   8.71276406250E-04
   4   4   3   1.17755109375E-03
   1   1   4  -1.31348364063E-02
   2   1   4   7.65478015625E-03
   3   1   4   1.17755109375E-03
   4   1   4  -2.99076296875E-03
   1   2   4  -1.31348364063E-02
   2   2   4   1.42570765625E-03
   3   2   4   7.12209843750E-04
   4   2   4  -4.83919296875E-03
   1   3   4   1.17755109375E-03
   2   3   4   8.71276406250E-04
   3   3   4   7.12209843750E-04
   4   3   4  -2.99076296875E-03
   1   4   4   1.17755109375E-03
   2   4   4   1.42570765625E-03
   3   4   4   1.17755109375E-03
   4   4   4  -4.96636718750E-04
   1   2   1   1
   1   1   1  -4.33680868994E-19
   2   1   1   2.16840434497E-19
   3   1   1  -2.16840434497E-19
   4   1   1   2.16840434497E-19
   1   2   1   2.16840434497E-19
   2   2   1   2.18271562500E-03
   3   2   1   4.79831250000E-05
   4   2   1  -1.98171750000E-02
   1   3   1   0.00000000000E+00
   2   3   1   4.79831250000E-05
   3   3   1   4.07034875000E-03
   4   3   1   4.79831250000E-05
   1   4   1   2.16840434497E-19
   2   4   1  -1.98171750000E-02
   3   4   1   4.79831250000E-05
   4   4   1   2.18271562500E-03
   1   1   2   1.98171750000E-02
   2   1   2  -4.79831250000E-05
   3   1   2  -2.18271562500E-03
   4   1   2   2.16840434497E-19
   1   2   2  -4.79831250000E-05
   2   2   2   0.00000000000E+00
   3   2   2   4.79831250000E-05
   4   2   2   0.00000000000E+00
   1   3   2  -2.18271562500E-03
   2   3   2   4.79831250000E-05
   3   3   2  -1.01471125000E-03
   4   3   2  -2.16840434497E-19
   1   4   2   2.16840434497E-19
   2   4   2   0.00000000000E+00
   3   4   2   0.00000000000E+00
   4   4   2   0.00000000000E+00
   1   1   3  -4.07034875000E-03
   2   1   3  -4.79831250000E-05
   3   1   3  -2.16840434497E-19
   4   1   3  -4.79831250000E-05
   1   2   3  -4.79831250000E-05
   2   2   3   2.18271562500E-03
   3   2   3   0.00000000000E+00
   4   2   3   1.01471125000E-03
   1   3   3   0.00000000000E+00
   2   3   3  -2.16840434497E-19
   3   3   3   4.33680868994E-19
   4   3   3  -2.16840434497E-19
   1   4   3  -4.79831250000E-05
   2   4   3   1.01471125000E-03
   3   4   3   0.00000000000E+00
   4   4   3   2.18271562500E-03
   1   1   4   1.98171750000E-02
   2   1   4   2.16840434497E-19
   3   1   4  -2.18271562500E-03
   4   1   4  -4.79831250000E-05
   1   2   4   2.16840434497E-19
   2   2   4   0.00000000000E+00
   3   2   4   0.00000000000E+00
   4   2   4   0.00000000000E+00
   1   3   4  -2.18271562500E-03
   2   3   4  -2.16840434497E-19
   3   3   4  -1.01471125000E-03
   4   3   4   4.79831250000E-05
   1   4   4  -4.79831250000E-05
   2   4   4   0.00000000000E+00
   3   4   4   4.79831250000E-05
   4   4   4   0.00000000000E+00
   1   3   1   1
   1   1   1   4.33680868994E-19
   2   1   1   1.98171750000E-02
   3   1   1  -4.07034875000E-03
   4   1   1   1.98171750000E-02
   1   2   1  -1.08420217249E-18
   2   2   1  -4.79831250000E-05
   3   2   1  -4.79831250000E-05
   4   2   1  -2.16840434497E-19
   1   3   1   0.00000000000E+00
   2   3   1  -2.18271562500E-03
   3   3   1   2.16840434497E-19
   4   3   1  -2.18271562500E-03
   1   4   1  -1.08420217249E-18
   2   4   1  -2.16840434497E-19
   3   4   1  -4.79831250000E-05
   4   4   1  -4.79831250000E-05
   1   1   2  -2.16840434497E-19
   2   1   2  -4.79831250000E-05
   3   1   2  -4.79831250000E-05
   4   1   2  -6.50521303491E-19
   1   2   2   2.18271562500E-03
   2   2   2   0.00000000000E+00
   3   2   2   2.18271562500E-03
   4   2   2   0.00000000000E+00
   1   3   2   4.79831250000E-05
   2   3   2   4.79831250000E-05
   3   3   2   0.00000000000E+00
   4   3   2   2.16840434497E-19
   1   4   2  -1.98171750000E-02
   2   4   2   0.00000000000E+00
   3   4   2   1.01471125000E-03
   4   4   2   0.00000000000E+00
   1   1   3   0.00000000000E+00
   2   1   3  -2.18271562500E-03
   3   1   3   4.33680868994E-19
   4   1   3  -2.18271562500E-03
   1   2   3   4.79831250000E-05
   2   2   3   4.79831250000E-05
   3   2   3   0.00000000000E+00
   4   2   3   2.16840434497E-19
   1   3   3   4.07034875000E-03
   2   3   3  -1.01471125000E-03
   3   3   3  -2.16840434497E-19
   4   3   3  -1.01471125000E-03
   1   4   3   4.79831250000E-05
   2   4   3   2.16840434497E-19
   3   4   3   0.00000000000E+00
   4   4   3   4.79831250000E-05
   1   1   4  -2.16840434497E-19
   2   1   4  -6.50521303491E-19
   3   1   4  -4.79831250000E-05
   4   1   4  -4.79831250000E-05
   1   2   4  -1.98171750000E-02
   2   2   4   0.00000000000E+00
   3   2   4   1.01471125000E-03
   4   2   4   0.00000000000E+00
   1   3   4   4.79831250000E-05
   2   3   4   2.16840434497E-19
   3   3   4   0.00000000000E+00
   4   3   4   4.79831250000E-05
   1   4   4   2.18271562500E-03
   2   4   4   0.00000000000E+00
   3   4   4   2.18271562500E-03
   4   4   4   0.00000000000E+00
   2   1   1   1
   1   1   1  -4.33680868994E-19
   2   1   1   2.16840434497E-19
   3   1   1  -2.16840434497E-19
   4   1   1   2.16840434497E-19
   1   2   1   2.16840434497E-19
   2   2   1   2.18271562500E-03
   3   2   1   4.79831250000E-05
   4   2   1  -1.98171750000E-02
   1   3   1   0.00000000000E+00
   2   3   1   4.79831250000E-05
   3   3   1   4.07034875000E-03
   4   3   1   4.79831250000E-05
   1   4   1   2.16840434497E-19
   2   4   1  -1.98171750000E-02
   3   4   1   4.79831250000E-05
   4   4   1   2.18271562500E-03
   1   1   2   1.98171750000E-02
   2   1   2  -4.79831250000E-05
   3   1   2  -2.18271562500E-03
   4   1   2   2.16840434497E-19
   1   2   2  -4.79831250000E-05
   2   2   2   0.00000000000E+00
   3   2   2   4.79831250000E-05
   4   2   2   0.00000000000E+00
   1   3   2  -2.18271562500E-03
   2   3   2   4.79831250000E-05
   3   3   2  -1.01471125000E-03
   4   3   2  -2.16840434497E-19
   1   4   2   2.16840434497E-19
   2   4   2   0.00000000000E+00
   3   4   2   0.00000000000E+00
   4   4   2   0.00000000000E+00
   1   1   3  -4.07034875000E-03
   2   1   3  -4.79831250000E-05
   3   1   3  -2.16840434497E-19
   4   1   3  -4.79831250000E-05
   1   2   3  -4.79831250000E-05
   2   2   3   2.18271562500E-03
   3   2   3   0.00000000000E+00
   4   2   3   1.01471125000E-03
   1   3   3   0.00000000000E+00
   2   3   3  -2.16840434497E-19
   3   3   3   4.33680868994E-19
   4   3   3  -2.16840434497E-19
   1   4   3  -4.79831250000E-05
   2   4   3   1.01471125000E-03
   3   4   3   0.00000000000E+00
   4   4   3   2.18271562500E-03
   1   1   4   1.98171750000E-02
   2   1   4   2.16840434497E-19
   3   1   4  -2.18271562500E-03
   4   1   4  -4.79831250000E-05
   1   2   4   2.16840434497E-19
   2   2   4   0.00000000000E+00
   3   2   4   0.00000000000E+00
   4   2   4   0.00000000000E+00
   1   3   4  -2.18271562500E-03
   2   3   4  -2.16840434497E-19
   3   3   4  -1.01471125000E-03
   4   3   4   4.79831250000E-05
   1   4   4  -4.79831250000E-05
   2   4   4   0.00000000000E+00
   3   4   4   4.79831250000E-05
   4   4   4   0.00000000000E+00
   2   2   1   1
   1   1   1   8.50868095313E-02
   2   1   1   7.65478015625E-03
   3   1   1  -3.16601296875E-03
   4   1   1   7.65478015625E-03
   1   2   1  -1.31348364063E-02
   2   2   1   1.17755109375E-03
   3   2   1   1.17755109375E-03
   4   2   1  -1.31348364062E-02
   1   3   1  -1.00536859375E-03
   2   3   1  -2.99076296875E-03
   3   3   1  -1.00536859375E-03
   4   3   1  -2.99076296875E-03
   1   4   1  -1.31348364063E-02
   2   4   1  -1.31348364062E-02
   3   4   1   1.17755109375E-03
   4   4   1   1.17755109375E-03
   1   1   2  -1.31348364063E-02
   2   1   2   1.17755109375E-03
   3   1   2   1.17755109375E-03
   4   1   2  -1.31348364062E-02
   1   2   2  -2.99076296875E-03
   2   2   2  -4.96636718750E-04
   3   2   2  -2.99076296875E-03
   4   2   2  -4.83919296875E-03
   1   3   2   1.17755109375E-03
   2   3   2   1.17755109375E-03
   3   3   2   7.12209843750E-04
   4   3   2   7.12209843750E-04
   1   4   2   7.65478015625E-03
   2   4   2   1.42570765625E-03
   3   4   2   8.71276406250E-04
   4   4   2   1.42570765625E-03
   1   1   3  -1.00536859375E-03
   2   1   3  -2.99076296875E-03
   3   1   3  -1.00536859375E-03
   4   1   3  -2.99076296875E-03
   1   2   3   1.17755109375E-03
   2   2   3   1.17755109375E-03
   3   2   3   7.12209843750E-04
   4   2   3   7.12209843750E-04
   1   3   3  -3.16601296875E-03
   2   3   3   8.71276406250E-04
   3   3   3   1.24866203125E-03
   4   3   3   8.71276406250E-04
   1   4   3   1.17755109375E-03
   2   4   3   7.12209843750E-04
   3   4   3   7.12209843750E-04
   4   4   3   1.17755109375E-03
   1   1   4  -1.31348364063E-02
   2   1   4  -1.31348364062E-02
   3   1   4   1.17755109375E-03
   4   1   4   1.17755109375E-03
   1   2   4   7.65478015625E-03
   2   2   4   1.42570765625E-03
   3   2   4   8.71276406250E-04
   4   2   4   1.42570765625E-03
   1   3   4   1.17755109375E-03
   2   3   4   7.12209843750E-04
   3   3   4   7.12209843750E-04
   4   3   4   1.17755109375E-03
   1   4   4  -2.99076296875E-03
   2   4   4  -4.83919296875E-03
   3   4   4  -2.99076296875E-03
   4   4   4  -4.96636718750E-04
   2   3   1   1
   1   1   1   4.33680868994E-19
   2   1   1  -6.50521303491E-19
   3   1   1   4.33680868994E-19
   4   1   1  -6.50521303491E-19
   1   2   1  -1.98171750000E-02
   2   2   1   4.79831250000E-05
   3   2   1   2.18271562500E-03
   4   2   1  -2.16840434497E-19
   1   3   1   4.07034875000E-03
   2   3   1   4.79831250000E-05
   3   3   1   2.16840434497E-19
   4   3   1   4.79831250000E-05
   1   4   1  -1.98171750000E-02
   2   4   1  -2.16840434497E-19
   3   4   1   2.18271562500E-03
   4   4   1   4.79831250000E-05
   1   1   2  -2.16840434497E-19
   2   1   2  -2.18271562500E-03
   3   1   2  -4.79831250000E-05
   4   1   2   1.98171750000E-02
   1   2   2   4.79831250000E-05
   2   2   2   0.00000000000E+00
   3   2   2  -4.79831250000E-05
   4   2   2   0.00000000000E+00
   1   3   2   4.79831250000E-05
   2   3   2  -2.18271562500E-03
   3   3   2   0.00000000000E+00
   4   3   2  -1.01471125000E-03
   1   4   2  -1.08420217249E-18
   2   4   2   0.00000000000E+00
   3   4   2   0.00000000000E+00
   4   4   2   0.00000000000E+00
   1   1   3   0.00000000000E+00
   2   1   3  -4.79831250000E-05
   3   1   3  -4.07034875000E-03
   4   1   3  -4.79831250000E-05
   1   2   3   2.18271562500E-03
   2   2   3  -4.79831250000E-05
   3   2   3   1.01471125000E-03
   4   2   3   2.16840434497E-19
   1   3   3   0.00000000000E+00
   2   3   3   2.16840434497E-19
   3   3   3  -2.16840434497E-19
   4   3   3   2.16840434497E-19
   1   4   3   2.18271562500E-03
   2   4   3   2.16840434497E-19
   3   4   3   1.01471125000E-03
   4   4   3  -4.79831250000E-05
   1   1   4  -2.16840434497E-19
   2   1   4   1.98171750000E-02
   3   1   4  -4.79831250000E-05
   4   1   4  -2.18271562500E-03
   1   2   4  -1.08420217249E-18
   2   2   4   0.00000000000E+00
   3   2   4   0.00000000000E+00
   4   2   4   0.00000000000E+00
   1   3   4   4.79831250000E-05
   2   3   4  -1.01471125000E-03
   3   3   4   0.00000000000E+00
   4   3   4  -2.18271562500E-03
   1   4   4   4.79831250000E-05
   2   4   4   0.00000000000E+00
   3   4   4  -4.79831250000E-05
   4   4   4   0.00000000000E+00
   3   1   1   1
   1   1   1   4.33680868994E-19
   2   1   1   1.98171750000E-02
   3   1   1  -4.07034875000E-03
   4   1   1   1.98171750000E-02
   1   2   1  -1.08420217249E-18
   2   2   1  -4.79831250000E-05
   3   2   1  -4.79831250000E-05
   4   2   1  -2.16840434497E-19
   1   3   1   0.00000000000E+00
   2   3   1  -2.18271562500E-03
   3   3   1   2.16840434497E-19
   4   3   1  -2.18271562500E-03
   1   4   1  -1.08420217249E-18
   2   4   1  -2.16840434497E-19
   3   4   1  -4.79831250000E-05
   4   4   1  -4.79831250000E-05
   1   1   2  -2.16840434497E-19
   2   1   2  -4.79831250000E-05
   3   1   2  -4.79831250000E-05
   4   1   2  -6.50521303491E-19
   1   2   2   2.18271562500E-03
   2   2   2   0.00000000000E+00
   3   2   2   2.18271562500E-03
   4   2   2   0.00000000000E+00
   1   3   2   4.79831250000E-05
   2   3   2   4.79831250000E-05
   3   3   2   0.00000000000E+00
   4   3   2   2.16840434497E-19
   1   4   2  -1.98171750000E-02
   2   4   2   0.00000000000E+00
   3   4   2   1.01471125000E-03
   4   4   2   0.00000000000E+00
   1   1   3   0.00000000000E+00
   2   1   3  -2.18271562500E-03
   3   1   3   4.33680868994E-19
   4   1   3  -2.18271562500E-03
   1   2   3   4.79831250000E-05
   2   2   3   4.79831250000E-05
   3   2   3   0.00000000000E+00
   4   2   3   2.16840434497E-19
   1   3   3   4.07034875000E-03
   2   3   3  -1.01471125000E-03
   3   3   3  -2.16840434497E-19
   4   3   3  -1.01471125000E-03
   1   4   3   4.79831250000E-05
   2   4   3   2.16840434497E-19
   3   4   3   0.00000000000E+00
   4   4   3   4.79831250000E-05
   1   1   4  -2.16840434497E-19
   2   1   4  -6.50521303491E-19
   3   1   4  -4.79831250000E-05
   4   1   4  -4.79831250000E-05
   1   2   4  -1.98171750000E-02
   2   2   4   0.00000000000E+00
   3   2   4   1.01471125000E-03
   4   2   4   0.00000000000E+00
   1   3   4   4.79831250000E-05
   2   3   4   2.16840434497E-19
   3   3   4   0.00000000000E+00
   4   3   4   4.79831250000E-05
   1   4   4   2.18271562500E-03
   2   4   4   0.00000000000E+00
   3   4   4   2.18271562500E-03
   4   4   4   0.00000000000E+00
   3   2   1   1
   1   1   1   4.33680868994E-19
   2   1   1  -6.50521303491E-19
   3   1   1   4.33680868994E-19
   4   1   1  -6.50521303491E-19
   1   2   1  -1.98171750000E-02
   2   2   1   4.79831250000E-05
   3   2   1   2.18271562500E-03
   4   2   1  -2.16840434497E-19
   1   3   1   4.07034875000E-03
   2   3   1   4.79831250000E-05
   3   3   1   2.16840434497E-19
   4   3   1   4.79831250000E-05
   1   4   1  -1.98171750000E-02
   2   4   1  -2.16840434497E-19
   3   4   1   2.18271562500E-03
   4   4   1   4.79831250000E-05
   1   1   2  -2.16840434497E-19
   2   1   2  -2.18271562500E-03
   3   1   2  -4.79831250000E-05
   4   1   2   1.98171750000E-02
   1   2   2   4.79831250000E-05
   2   2   2   0.00000000000E+00
   3   2   2  -4.79831250000E-05
   4   2   2   0.00000000000E+00
   1   3   2   4.79831250000E-05
   2   3   2  -2.18271562500E-03
   3   3   2   0.00000000000E+00
   4   3   2  -1.01471125000E-03
   1   4   2  -1.08420217249E-18
   2   4   2   0.00000000000E+00
   3   4   2   0.00000000000E+00
   4   4   2   0.00000000000E+00
   1   1   3   0.00000000000E+00
   2   1   3  -4.79831250000E-05
   3   1   3  -4.07034875000E-03
   4   1   3  -4.79831250000E-05
   1   2   3   2.18271562500E-03
   2   2   3  -4.79831250000E-05
   3   2   3   1.01471125000E-03
   4   2   3   2.16840434497E-19
   1   3   3   0.00000000000E+00
   2   3   3   2.16840434497E-19
   3   3   3  -2.16840434497E-19
   4   3   3   2.16840434497E-19
   1   4   3   2.18271562500E-03
   2   4   3   2.16840434497E-19
   3   4   3   1.01471125000E-03
   4   4   3  -4.79831250000E-05
   1   1   4  -2.16840434497E-19
   2   1   4   1.98171750000E-02
   3   1   4  -4.79831250000E-05
   4   1   4  -2.18271562500E-03
   1   2   4  -1.08420217249E-18
   2   2   4   0.00000000000E+00
   3   2   4   0.00000000000E+00
   4   2   4   0.00000000000E+00
   1   3   4   4.79831250000E-05
   2   3   4  -1.01471125000E-03
   3   3   4   0.00000000000E+00
   4   3   4  -2.18271562500E-03
   1   4   4   4.79831250000E-05
   2   4   4   0.00000000000E+00
   3   4   4  -4.79831250000E-05
   4   4   4   0.00000000000E+00
   3   3   1   1
   1   1   1   8.50868095313E-02
   2   1   1  -1.31348364062E-02
   3   1   1  -1.00536859375E-03
   4   1   1  -1.31348364062E-02
   1   2   1  -1.31348364063E-02
   2   2   1  -2.99076296875E-03
   3   2   1   1.17755109375E-03
   4   2   1   7.65478015625E-03
   1   3   1  -1.00536859375E-03
   2   3   1   1.17755109375E-03
   3   3   1  -3.16601296875E-03
   4   3   1   1.17755109375E-03
   1   4   1  -1.31348364063E-02
   2   4   1   7.65478015625E-03
   3   4   1   1.17755109375E-03
   4   4   1  -2.99076296875E-03
   1   1   2   7.65478015625E-03
   2   1   2   1.17755109375E-03
   3   1   2  -2.99076296875E-03
   4   1   2  -1.31348364062E-02
   1   2   2   1.17755109375E-03
   2   2   2  -4.96636718750E-04
   3   2   2   1.17755109375E-03
   4   2   2   1.42570765625E-03
   1   3   2  -2.99076296875E-03
   2   3   2   1.17755109375E-03
   3   3   2   8.71276406250E-04
   4   3   2   7.12209843750E-04
   1   4   2  -1.31348364063E-02
   2   4   2   1.42570765625E-03
   3   4   2   7.12209843750E-04
   4   4   2  -4.83919296875E-03
   1   1   3  -3.16601296875E-03
   2   1   3   1.17755109375E-03
   3   1   3  -1.00536859375E-03
   4   1   3   1.17755109375E-03
   1   2   3   1.17755109375E-03
   2   2   3  -2.99076296875E-03
   3   2   3   7.12209843750E-04
   4   2   3   8.71276406250E-04
   1   3   3  -1.00536859375E-03
   2   3   3   7.12209843750E-04
   3   3   3   1.24866203125E-03
   4   3   3   7.12209843750E-04
   1   4   3   1.17755109375E-03
   2   4   3   8.71276406250E-04
   3   4   3   7.12209843750E-04
   4   4   3  -2.99076296875E-03
   1   1   4   7.65478015625E-03
   2   1   4  -1.31348364062E-02
   3   1   4  -2.99076296875E-03
   4   1   4   1.17755109375E-03
   1   2   4  -1.31348364063E-02
   2   2   4  -4.83919296875E-03
   3   2   4   7.12209843750E-04
   4   2   4   1.42570765625E-03
   1   3   4  -2.99076296875E-03
   2   3   4   7.12209843750E-04
   3   3   4   8.71276406250E-04
   4   3   4   1.17755109375E-03
   1   4   4   1.17755109375E-03
   2   4   4   1.42570765625E-03
   3   4   4   1.17755109375E-03
   4   4   4  -4.96636718750E-04
