  5.000000000000000E-003  0.616750286570726        2.77724569394216     
           4

     Dynamical  Matrix in cartesian axes

     q = (    0.353553391  -0.353553391   0.353553391 ) 

    1    1
  0.08488088   0.00000000    -0.05258335   0.00000000     0.05258335   0.00000000
 -0.05258335   0.00000000     0.08488088   0.00000000    -0.05258335   0.00000000
  0.05258335   0.00000000    -0.05258335   0.00000000     0.08488088   0.00000000

     Dynamical  Matrix in cartesian axes

     q = (    0.353553391   0.353553391   0.353553391 ) 

    1    1
  0.08488088   0.00000000     0.05258335   0.00000000     0.05258335   0.00000000
  0.05258335   0.00000000     0.08488088   0.00000000     0.05258335   0.00000000
  0.05258335   0.00000000     0.05258335   0.00000000     0.08488088   0.00000000

     Dynamical  Matrix in cartesian axes

     q = (   -0.353553391   0.353553391   0.353553391 ) 

    1    1
  0.08488088   0.00000000    -0.05258335   0.00000000    -0.05258335   0.00000000
 -0.05258335   0.00000000     0.08488088   0.00000000     0.05258335   0.00000000
 -0.05258335   0.00000000     0.05258335   0.00000000     0.08488088   0.00000000

     Dynamical  Matrix in cartesian axes

     q = (    0.353553391   0.353553391  -0.353553391 ) 

    1    1
  0.08488088   0.00000000     0.05258335   0.00000000    -0.05258335   0.00000000
  0.05258335   0.00000000     0.08488088   0.00000000    -0.05258335   0.00000000
 -0.05258335   0.00000000    -0.05258335   0.00000000     0.08488088   0.00000000
