  3.000000000000000E-002  0.615859883586757        2.65203849886636     
          24

     Dynamical  Matrix in cartesian axes

     q = (    0.530330086  -0.176776695   0.530330086 ) 

    1    1
  0.06842141   0.00000000    -0.04959609  -0.00000000     0.03227125   0.00000000
 -0.04959609   0.00000000     0.15595194  -0.00000000    -0.04959609   0.00000000
  0.03227125   0.00000000    -0.04959609  -0.00000000     0.06842141   0.00000000

     Dynamical  Matrix in cartesian axes

     q = (    0.530330086  -0.176776695  -0.530330086 ) 

    1    1
  0.06842141   0.00000000    -0.04959609  -0.00000000    -0.03227125  -0.00000000
 -0.04959609   0.00000000     0.15595194  -0.00000000     0.04959609  -0.00000000
 -0.03227125  -0.00000000     0.04959609   0.00000000     0.06842141   0.00000000

     Dynamical  Matrix in cartesian axes

     q = (   -0.530330086  -0.176776695  -0.530330086 ) 

    1    1
  0.06842141   0.00000000     0.04959609   0.00000000     0.03227125   0.00000000
  0.04959609  -0.00000000     0.15595194  -0.00000000     0.04959609  -0.00000000
  0.03227125   0.00000000     0.04959609   0.00000000     0.06842141   0.00000000

     Dynamical  Matrix in cartesian axes

     q = (   -0.530330086  -0.176776695   0.530330086 ) 

    1    1
  0.06842141   0.00000000     0.04959609   0.00000000    -0.03227125  -0.00000000
  0.04959609  -0.00000000     0.15595194  -0.00000000    -0.04959609   0.00000000
 -0.03227125  -0.00000000    -0.04959609  -0.00000000     0.06842141   0.00000000

     Dynamical  Matrix in cartesian axes

     q = (   -0.530330086   0.176776695  -0.530330086 ) 

    1    1
  0.06842141   0.00000000    -0.04959609  -0.00000000     0.03227125   0.00000000
 -0.04959609   0.00000000     0.15595194  -0.00000000    -0.04959609   0.00000000
  0.03227125   0.00000000    -0.04959609  -0.00000000     0.06842141   0.00000000

     Dynamical  Matrix in cartesian axes

     q = (   -0.176776695   0.530330086  -0.530330086 ) 

    1    1
  0.15595194  -0.00000000    -0.04959609   0.00000000     0.04959609  -0.00000000
 -0.04959609  -0.00000000     0.06842141   0.00000000    -0.03227125  -0.00000000
  0.04959609   0.00000000    -0.03227125  -0.00000000     0.06842141   0.00000000

     Dynamical  Matrix in cartesian axes

     q = (   -0.530330086   0.530330086  -0.176776695 ) 

    1    1
  0.06842141   0.00000000    -0.03227125  -0.00000000     0.04959609   0.00000000
 -0.03227125  -0.00000000     0.06842141   0.00000000    -0.04959609  -0.00000000
  0.04959609  -0.00000000    -0.04959609   0.00000000     0.15595194  -0.00000000

     Dynamical  Matrix in cartesian axes

     q = (    0.530330086   0.176776695   0.530330086 ) 

    1    1
  0.06842141   0.00000000     0.04959609   0.00000000     0.03227125   0.00000000
  0.04959609  -0.00000000     0.15595194  -0.00000000     0.04959609  -0.00000000
  0.03227125   0.00000000     0.04959609   0.00000000     0.06842141   0.00000000

     Dynamical  Matrix in cartesian axes

     q = (   -0.530330086   0.176776695   0.530330086 ) 

    1    1
  0.06842141   0.00000000    -0.04959609  -0.00000000    -0.03227125  -0.00000000
 -0.04959609   0.00000000     0.15595194  -0.00000000     0.04959609  -0.00000000
 -0.03227125  -0.00000000     0.04959609   0.00000000     0.06842141   0.00000000

     Dynamical  Matrix in cartesian axes

     q = (    0.530330086   0.176776695  -0.530330086 ) 

    1    1
  0.06842141   0.00000000     0.04959609   0.00000000    -0.03227125  -0.00000000
  0.04959609  -0.00000000     0.15595194  -0.00000000    -0.04959609   0.00000000
 -0.03227125  -0.00000000    -0.04959609  -0.00000000     0.06842141   0.00000000

     Dynamical  Matrix in cartesian axes

     q = (   -0.530330086   0.530330086   0.176776695 ) 

    1    1
  0.06842141   0.00000000    -0.03227125  -0.00000000    -0.04959609  -0.00000000
 -0.03227125  -0.00000000     0.06842141   0.00000000     0.04959609   0.00000000
 -0.04959609   0.00000000     0.04959609  -0.00000000     0.15595194  -0.00000000

     Dynamical  Matrix in cartesian axes

     q = (   -0.176776695   0.530330086   0.530330086 ) 

    1    1
  0.15595194  -0.00000000    -0.04959609   0.00000000    -0.04959609   0.00000000
 -0.04959609  -0.00000000     0.06842141   0.00000000     0.03227125   0.00000000
 -0.04959609  -0.00000000     0.03227125   0.00000000     0.06842141   0.00000000

     Dynamical  Matrix in cartesian axes

     q = (    0.176776695   0.530330086  -0.530330086 ) 

    1    1
  0.15595194  -0.00000000     0.04959609  -0.00000000    -0.04959609   0.00000000
  0.04959609   0.00000000     0.06842141   0.00000000    -0.03227125  -0.00000000
 -0.04959609  -0.00000000    -0.03227125  -0.00000000     0.06842141   0.00000000

     Dynamical  Matrix in cartesian axes

     q = (   -0.176776695  -0.530330086  -0.530330086 ) 

    1    1
  0.15595194  -0.00000000     0.04959609  -0.00000000     0.04959609  -0.00000000
  0.04959609   0.00000000     0.06842141   0.00000000     0.03227125   0.00000000
  0.04959609   0.00000000     0.03227125   0.00000000     0.06842141   0.00000000

     Dynamical  Matrix in cartesian axes

     q = (    0.530330086   0.530330086  -0.176776695 ) 

    1    1
  0.06842141   0.00000000     0.03227125   0.00000000    -0.04959609  -0.00000000
  0.03227125   0.00000000     0.06842141   0.00000000    -0.04959609  -0.00000000
 -0.04959609   0.00000000    -0.04959609   0.00000000     0.15595194  -0.00000000

     Dynamical  Matrix in cartesian axes

     q = (    0.530330086  -0.530330086   0.176776695 ) 

    1    1
  0.06842141   0.00000000    -0.03227125  -0.00000000     0.04959609   0.00000000
 -0.03227125  -0.00000000     0.06842141   0.00000000    -0.04959609  -0.00000000
  0.04959609  -0.00000000    -0.04959609   0.00000000     0.15595194  -0.00000000

     Dynamical  Matrix in cartesian axes

     q = (   -0.530330086  -0.530330086  -0.176776695 ) 

    1    1
  0.06842141   0.00000000     0.03227125   0.00000000     0.04959609   0.00000000
  0.03227125   0.00000000     0.06842141   0.00000000     0.04959609   0.00000000
  0.04959609  -0.00000000     0.04959609  -0.00000000     0.15595194  -0.00000000

     Dynamical  Matrix in cartesian axes

     q = (    0.176776695  -0.530330086   0.530330086 ) 

    1    1
  0.15595194  -0.00000000    -0.04959609   0.00000000     0.04959609  -0.00000000
 -0.04959609  -0.00000000     0.06842141   0.00000000    -0.03227125  -0.00000000
  0.04959609   0.00000000    -0.03227125  -0.00000000     0.06842141   0.00000000

     Dynamical  Matrix in cartesian axes

     q = (   -0.530330086  -0.530330086   0.176776695 ) 

    1    1
  0.06842141   0.00000000     0.03227125   0.00000000    -0.04959609  -0.00000000
  0.03227125   0.00000000     0.06842141   0.00000000    -0.04959609  -0.00000000
 -0.04959609   0.00000000    -0.04959609   0.00000000     0.15595194  -0.00000000

     Dynamical  Matrix in cartesian axes

     q = (    0.176776695   0.530330086   0.530330086 ) 

    1    1
  0.15595194  -0.00000000     0.04959609  -0.00000000     0.04959609  -0.00000000
  0.04959609   0.00000000     0.06842141   0.00000000     0.03227125   0.00000000
  0.04959609   0.00000000     0.03227125   0.00000000     0.06842141   0.00000000

     Dynamical  Matrix in cartesian axes

     q = (   -0.176776695  -0.530330086   0.530330086 ) 

    1    1
  0.15595194  -0.00000000     0.04959609  -0.00000000    -0.04959609   0.00000000
  0.04959609   0.00000000     0.06842141   0.00000000    -0.03227125  -0.00000000
 -0.04959609  -0.00000000    -0.03227125  -0.00000000     0.06842141   0.00000000

     Dynamical  Matrix in cartesian axes

     q = (    0.530330086   0.530330086   0.176776695 ) 

    1    1
  0.06842141   0.00000000     0.03227125   0.00000000     0.04959609   0.00000000
  0.03227125   0.00000000     0.06842141   0.00000000     0.04959609   0.00000000
  0.04959609  -0.00000000     0.04959609  -0.00000000     0.15595194  -0.00000000

     Dynamical  Matrix in cartesian axes

     q = (    0.176776695  -0.530330086  -0.530330086 ) 

    1    1
  0.15595194  -0.00000000    -0.04959609   0.00000000    -0.04959609   0.00000000
 -0.04959609  -0.00000000     0.06842141   0.00000000     0.03227125   0.00000000
 -0.04959609  -0.00000000     0.03227125   0.00000000     0.06842141   0.00000000

     Dynamical  Matrix in cartesian axes

     q = (    0.530330086  -0.530330086  -0.176776695 ) 

    1    1
  0.06842141   0.00000000    -0.03227125  -0.00000000    -0.04959609  -0.00000000
 -0.03227125  -0.00000000     0.06842141   0.00000000     0.04959609   0.00000000
 -0.04959609   0.00000000     0.04959609  -0.00000000     0.15595194  -0.00000000
