  1.500000000000000E-002  0.616331713733575        2.70296664197613     
           6

     Dynamical  Matrix in cartesian axes

     q = (   -0.353553391  -0.707106781   0.000000000 ) 

    1    1
  0.04075384   0.00000000     0.00000000  -0.00000000     0.00000000  -0.00000000
  0.00000000  -0.00000000     0.13601492   0.00000000     0.00000000   0.00000000
  0.00000000   0.00000000     0.00000000   0.00000000     0.13601492   0.00000000

     Dynamical  Matrix in cartesian axes

     q = (    0.000000000   0.707106781   0.353553391 ) 

    1    1
  0.13601492   0.00000000     0.00000000  -0.00000000     0.00000000   0.00000000
 -0.00000000  -0.00000000     0.13601492   0.00000000     0.00000000   0.00000000
  0.00000000  -0.00000000     0.00000000   0.00000000     0.04075384   0.00000000

     Dynamical  Matrix in cartesian axes

     q = (    0.000000000  -0.707106781  -0.353553391 ) 

    1    1
  0.13601492  -0.00000000     0.00000000  -0.00000000    -0.00000000   0.00000000
 -0.00000000  -0.00000000     0.13601492   0.00000000    -0.00000000  -0.00000000
 -0.00000000  -0.00000000     0.00000000  -0.00000000     0.04075384   0.00000000

     Dynamical  Matrix in cartesian axes

     q = (    0.353553391   0.707106781   0.000000000 ) 

    1    1
  0.04075384   0.00000000     0.00000000   0.00000000    -0.00000000   0.00000000
  0.00000000   0.00000000     0.13601492   0.00000000     0.00000000   0.00000000
 -0.00000000   0.00000000     0.00000000  -0.00000000     0.13601492   0.00000000

     Dynamical  Matrix in cartesian axes

     q = (   -0.707106781  -0.353553391   0.000000000 ) 

    1    1
  0.13601492   0.00000000    -0.00000000   0.00000000    -0.00000000   0.00000000
 -0.00000000  -0.00000000     0.04075384   0.00000000     0.00000000   0.00000000
 -0.00000000  -0.00000000     0.00000000  -0.00000000     0.13601492   0.00000000

     Dynamical  Matrix in cartesian axes

     q = (    0.000000000  -0.353553391  -0.707106781 ) 

    1    1
  0.13601492  -0.00000000    -0.00000000   0.00000000    -0.00000000  -0.00000000
 -0.00000000  -0.00000000     0.04075384   0.00000000     0.00000000  -0.00000000
 -0.00000000  -0.00000000     0.00000000  -0.00000000     0.13601492   0.00000000
