  4.500000000000000E-002  0.615391214526755        2.65148726734605     
           4

     Dynamical  Matrix in cartesian axes

     q = (    0.353553391  -0.353553391   0.353553391 ) 

    1    1
  0.08480976   0.00000000    -0.06139767   0.00000000     0.06139767   0.00000000
 -0.06139767   0.00000000     0.08480976   0.00000000    -0.06139767   0.00000000
  0.06139767   0.00000000    -0.06139767   0.00000000     0.08480976   0.00000000

     Dynamical  Matrix in cartesian axes

     q = (    0.353553391   0.353553391   0.353553391 ) 

    1    1
  0.08480976   0.00000000     0.06139767   0.00000000     0.06139767   0.00000000
  0.06139767   0.00000000     0.08480976   0.00000000     0.06139767   0.00000000
  0.06139767   0.00000000     0.06139767   0.00000000     0.08480976   0.00000000

     Dynamical  Matrix in cartesian axes

     q = (   -0.353553391   0.353553391   0.353553391 ) 

    1    1
  0.08480976   0.00000000    -0.06139767   0.00000000    -0.06139767   0.00000000
 -0.06139767   0.00000000     0.08480976   0.00000000     0.06139767   0.00000000
 -0.06139767   0.00000000     0.06139767   0.00000000     0.08480976   0.00000000

     Dynamical  Matrix in cartesian axes

     q = (    0.353553391   0.353553391  -0.353553391 ) 

    1    1
  0.08480976   0.00000000     0.06139767   0.00000000    -0.06139767   0.00000000
  0.06139767   0.00000000     0.08480976   0.00000000    -0.06139767   0.00000000
 -0.06139767   0.00000000    -0.06139767   0.00000000     0.08480976   0.00000000
