  5.000000000000000E-003  0.616750286570726        2.77724569394216     
           8

     Dynamical  Matrix in cartesian axes

     q = (   -0.176776695   0.176776695  -0.176776695 ) 

    1    1
  0.05384817  -0.00000000    -0.04479659   0.00000000     0.04479659  -0.00000000
 -0.04479659   0.00000000     0.05384817  -0.00000000    -0.04479659   0.00000000
  0.04479659  -0.00000000    -0.04479659   0.00000000     0.05384817  -0.00000000

     Dynamical  Matrix in cartesian axes

     q = (    0.176776695  -0.176776695  -0.176776695 ) 

    1    1
  0.05384817  -0.00000000    -0.04479659  -0.00000000    -0.04479659   0.00000000
 -0.04479659  -0.00000000     0.05384817  -0.00000000     0.04479659  -0.00000000
 -0.04479659   0.00000000     0.04479659   0.00000000     0.05384817  -0.00000000

     Dynamical  Matrix in cartesian axes

     q = (    0.176776695  -0.176776695   0.176776695 ) 

    1    1
  0.05384817  -0.00000000    -0.04479659   0.00000000     0.04479659  -0.00000000
 -0.04479659   0.00000000     0.05384817  -0.00000000    -0.04479659   0.00000000
  0.04479659   0.00000000    -0.04479659  -0.00000000     0.05384817   0.00000000

     Dynamical  Matrix in cartesian axes

     q = (    0.176776695   0.176776695   0.176776695 ) 

    1    1
  0.05384817   0.00000000     0.04479659   0.00000000     0.04479659   0.00000000
  0.04479659  -0.00000000     0.05384817  -0.00000000     0.04479659  -0.00000000
  0.04479659  -0.00000000     0.04479659  -0.00000000     0.05384817  -0.00000000

     Dynamical  Matrix in cartesian axes

     q = (   -0.176776695  -0.176776695  -0.176776695 ) 

    1    1
  0.05384817  -0.00000000     0.04479659  -0.00000000     0.04479659  -0.00000000
  0.04479659  -0.00000000     0.05384817  -0.00000000     0.04479659  -0.00000000
  0.04479659  -0.00000000     0.04479659  -0.00000000     0.05384817  -0.00000000

     Dynamical  Matrix in cartesian axes

     q = (   -0.176776695  -0.176776695   0.176776695 ) 

    1    1
  0.05384817  -0.00000000     0.04479659  -0.00000000    -0.04479659   0.00000000
  0.04479659   0.00000000     0.05384817   0.00000000    -0.04479659  -0.00000000
 -0.04479659   0.00000000    -0.04479659   0.00000000     0.05384817  -0.00000000

     Dynamical  Matrix in cartesian axes

     q = (   -0.176776695   0.176776695   0.176776695 ) 

    1    1
  0.05384817  -0.00000000    -0.04479659  -0.00000000    -0.04479659   0.00000000
 -0.04479659   0.00000000     0.05384817  -0.00000000     0.04479659   0.00000000
 -0.04479659  -0.00000000     0.04479659  -0.00000000     0.05384817  -0.00000000

     Dynamical  Matrix in cartesian axes

     q = (    0.176776695   0.176776695  -0.176776695 ) 

    1    1
  0.05384817  -0.00000000     0.04479659  -0.00000000    -0.04479659   0.00000000
  0.04479659  -0.00000000     0.05384817   0.00000000    -0.04479659  -0.00000000
 -0.04479659   0.00000000    -0.04479659   0.00000000     0.05384817  -0.00000000
