  4.500000000000000E-002  0.615391214526755        2.65148726734605     
          12

     Dynamical  Matrix in cartesian axes

     q = (    0.353553391   0.000000000   0.353553391 ) 

    1    1
  0.09075479   0.00000000     0.00000000   0.00000000     0.08093826   0.00000000
  0.00000000   0.00000000     0.06917166   0.00000000     0.00000000   0.00000000
  0.08093826   0.00000000     0.00000000   0.00000000     0.09075479   0.00000000

     Dynamical  Matrix in cartesian axes

     q = (   -0.353553391   0.000000000   0.353553391 ) 

    1    1
  0.09075479   0.00000000     0.00000000   0.00000000    -0.08093826   0.00000000
  0.00000000   0.00000000     0.06917166   0.00000000     0.00000000   0.00000000
 -0.08093826   0.00000000     0.00000000   0.00000000     0.09075479   0.00000000

     Dynamical  Matrix in cartesian axes

     q = (   -0.353553391   0.000000000  -0.353553391 ) 

    1    1
  0.09075479   0.00000000     0.00000000   0.00000000     0.08093826   0.00000000
  0.00000000   0.00000000     0.06917166   0.00000000     0.00000000   0.00000000
  0.08093826   0.00000000     0.00000000   0.00000000     0.09075479   0.00000000

     Dynamical  Matrix in cartesian axes

     q = (    0.353553391   0.000000000  -0.353553391 ) 

    1    1
  0.09075479   0.00000000     0.00000000   0.00000000    -0.08093826   0.00000000
  0.00000000   0.00000000     0.06917166   0.00000000    -0.00000000   0.00000000
 -0.08093826   0.00000000     0.00000000   0.00000000     0.09075479   0.00000000

     Dynamical  Matrix in cartesian axes

     q = (    0.000000000   0.353553391  -0.353553391 ) 

    1    1
  0.06917166   0.00000000    -0.00000000   0.00000000    -0.00000000   0.00000000
  0.00000000   0.00000000     0.09075479   0.00000000    -0.08093826   0.00000000
  0.00000000   0.00000000    -0.08093826   0.00000000     0.09075479   0.00000000

     Dynamical  Matrix in cartesian axes

     q = (   -0.353553391   0.353553391   0.000000000 ) 

    1    1
  0.09075479   0.00000000    -0.08093826   0.00000000     0.00000000   0.00000000
 -0.08093826   0.00000000     0.09075479   0.00000000    -0.00000000   0.00000000
  0.00000000   0.00000000    -0.00000000   0.00000000     0.06917166   0.00000000

     Dynamical  Matrix in cartesian axes

     q = (    0.000000000   0.353553391   0.353553391 ) 

    1    1
  0.06917166   0.00000000     0.00000000   0.00000000     0.00000000   0.00000000
  0.00000000   0.00000000     0.09075479   0.00000000     0.08093826   0.00000000
  0.00000000   0.00000000     0.08093826   0.00000000     0.09075479   0.00000000

     Dynamical  Matrix in cartesian axes

     q = (    0.000000000  -0.353553391  -0.353553391 ) 

    1    1
  0.06917166   0.00000000     0.00000000   0.00000000    -0.00000000   0.00000000
  0.00000000   0.00000000     0.09075479   0.00000000     0.08093826   0.00000000
 -0.00000000   0.00000000     0.08093826   0.00000000     0.09075479   0.00000000

     Dynamical  Matrix in cartesian axes

     q = (    0.353553391   0.353553391   0.000000000 ) 

    1    1
  0.09075479   0.00000000     0.08093826   0.00000000    -0.00000000   0.00000000
  0.08093826   0.00000000     0.09075479   0.00000000     0.00000000   0.00000000
 -0.00000000   0.00000000     0.00000000   0.00000000     0.06917166   0.00000000

     Dynamical  Matrix in cartesian axes

     q = (    0.353553391  -0.353553391   0.000000000 ) 

    1    1
  0.09075479   0.00000000    -0.08093826   0.00000000    -0.00000000   0.00000000
 -0.08093826   0.00000000     0.09075479   0.00000000    -0.00000000   0.00000000
  0.00000000   0.00000000     0.00000000   0.00000000     0.06917166   0.00000000

     Dynamical  Matrix in cartesian axes

     q = (   -0.353553391  -0.353553391   0.000000000 ) 

    1    1
  0.09075479   0.00000000     0.08093826   0.00000000    -0.00000000   0.00000000
  0.08093826   0.00000000     0.09075479   0.00000000     0.00000000   0.00000000
 -0.00000000   0.00000000     0.00000000   0.00000000     0.06917166   0.00000000

     Dynamical  Matrix in cartesian axes

     q = (    0.000000000  -0.353553391   0.353553391 ) 

    1    1
  0.06917166   0.00000000    -0.00000000   0.00000000    -0.00000000   0.00000000
  0.00000000   0.00000000     0.09075479   0.00000000    -0.08093826   0.00000000
  0.00000000   0.00000000    -0.08093826   0.00000000     0.09075479   0.00000000
