  4.500000000000000E-002  0.615391214526755        2.65148726734605     
           8

     Dynamical  Matrix in cartesian axes

     q = (   -0.176776695   0.176776695  -0.176776695 ) 

    1    1
  0.04757119   0.00000000    -0.03844631  -0.00000000     0.03844631   0.00000000
 -0.03844631   0.00000000     0.04757119  -0.00000000    -0.03844631   0.00000000
  0.03844631   0.00000000    -0.03844631  -0.00000000     0.04757119   0.00000000

     Dynamical  Matrix in cartesian axes

     q = (    0.176776695  -0.176776695  -0.176776695 ) 

    1    1
  0.04757119  -0.00000000    -0.03844631  -0.00000000    -0.03844631  -0.00000000
 -0.03844631  -0.00000000     0.04757119  -0.00000000     0.03844631   0.00000000
 -0.03844631  -0.00000000     0.03844631   0.00000000     0.04757119  -0.00000000

     Dynamical  Matrix in cartesian axes

     q = (    0.176776695  -0.176776695   0.176776695 ) 

    1    1
  0.04757119  -0.00000000    -0.03844631   0.00000000     0.03844631  -0.00000000
 -0.03844631   0.00000000     0.04757119  -0.00000000    -0.03844631   0.00000000
  0.03844631  -0.00000000    -0.03844631   0.00000000     0.04757119  -0.00000000

     Dynamical  Matrix in cartesian axes

     q = (    0.176776695   0.176776695   0.176776695 ) 

    1    1
  0.04757119  -0.00000000     0.03844631  -0.00000000     0.03844631  -0.00000000
  0.03844631  -0.00000000     0.04757119  -0.00000000     0.03844631  -0.00000000
  0.03844631  -0.00000000     0.03844631  -0.00000000     0.04757119  -0.00000000

     Dynamical  Matrix in cartesian axes

     q = (   -0.176776695  -0.176776695  -0.176776695 ) 

    1    1
  0.04757119   0.00000000     0.03844631   0.00000000     0.03844631   0.00000000
  0.03844631  -0.00000000     0.04757119  -0.00000000     0.03844631  -0.00000000
  0.03844631   0.00000000     0.03844631   0.00000000     0.04757119   0.00000000

     Dynamical  Matrix in cartesian axes

     q = (   -0.176776695  -0.176776695   0.176776695 ) 

    1    1
  0.04757119  -0.00000000     0.03844631  -0.00000000    -0.03844631   0.00000000
  0.03844631  -0.00000000     0.04757119  -0.00000000    -0.03844631   0.00000000
 -0.03844631   0.00000000    -0.03844631   0.00000000     0.04757119  -0.00000000

     Dynamical  Matrix in cartesian axes

     q = (   -0.176776695   0.176776695   0.176776695 ) 

    1    1
  0.04757119  -0.00000000    -0.03844631  -0.00000000    -0.03844631  -0.00000000
 -0.03844631  -0.00000000     0.04757119  -0.00000000     0.03844631   0.00000000
 -0.03844631   0.00000000     0.03844631  -0.00000000     0.04757119   0.00000000

     Dynamical  Matrix in cartesian axes

     q = (    0.176776695   0.176776695  -0.176776695 ) 

    1    1
  0.04757119  -0.00000000     0.03844631  -0.00000000    -0.03844631   0.00000000
  0.03844631   0.00000000     0.04757119   0.00000000    -0.03844631  -0.00000000
 -0.03844631  -0.00000000    -0.03844631  -0.00000000     0.04757119   0.00000000
