  1.500000000000000E-002  0.616331713733575        2.70296664197613     
           8

     Dynamical  Matrix in cartesian axes

     q = (   -0.176776695   0.176776695  -0.176776695 ) 

    1    1
  0.04550511  -0.00000000    -0.03616676   0.00000000     0.03616676  -0.00000000
 -0.03616676   0.00000000     0.04550511   0.00000000    -0.03616676   0.00000000
  0.03616676  -0.00000000    -0.03616676   0.00000000     0.04550511  -0.00000000

     Dynamical  Matrix in cartesian axes

     q = (    0.176776695  -0.176776695  -0.176776695 ) 

    1    1
  0.04550511  -0.00000000    -0.03616676   0.00000000    -0.03616676   0.00000000
 -0.03616676   0.00000000     0.04550511  -0.00000000     0.03616676  -0.00000000
 -0.03616676   0.00000000     0.03616676  -0.00000000     0.04550511  -0.00000000

     Dynamical  Matrix in cartesian axes

     q = (    0.176776695  -0.176776695   0.176776695 ) 

    1    1
  0.04550511  -0.00000000    -0.03616676   0.00000000     0.03616676  -0.00000000
 -0.03616676   0.00000000     0.04550511  -0.00000000    -0.03616676   0.00000000
  0.03616676  -0.00000000    -0.03616676   0.00000000     0.04550511  -0.00000000

     Dynamical  Matrix in cartesian axes

     q = (    0.176776695   0.176776695   0.176776695 ) 

    1    1
  0.04550511  -0.00000000     0.03616676  -0.00000000     0.03616676  -0.00000000
  0.03616676  -0.00000000     0.04550511  -0.00000000     0.03616676  -0.00000000
  0.03616676  -0.00000000     0.03616676  -0.00000000     0.04550511  -0.00000000

     Dynamical  Matrix in cartesian axes

     q = (   -0.176776695  -0.176776695  -0.176776695 ) 

    1    1
  0.04550511  -0.00000000     0.03616676  -0.00000000     0.03616676  -0.00000000
  0.03616676  -0.00000000     0.04550511  -0.00000000     0.03616676  -0.00000000
  0.03616676  -0.00000000     0.03616676  -0.00000000     0.04550511  -0.00000000

     Dynamical  Matrix in cartesian axes

     q = (   -0.176776695  -0.176776695   0.176776695 ) 

    1    1
  0.04550511  -0.00000000     0.03616676  -0.00000000    -0.03616676   0.00000000
  0.03616676  -0.00000000     0.04550511  -0.00000000    -0.03616676   0.00000000
 -0.03616676   0.00000000    -0.03616676   0.00000000     0.04550511  -0.00000000

     Dynamical  Matrix in cartesian axes

     q = (   -0.176776695   0.176776695   0.176776695 ) 

    1    1
  0.04550511  -0.00000000    -0.03616676  -0.00000000    -0.03616676   0.00000000
 -0.03616676   0.00000000     0.04550511  -0.00000000     0.03616676  -0.00000000
 -0.03616676   0.00000000     0.03616676  -0.00000000     0.04550511  -0.00000000

     Dynamical  Matrix in cartesian axes

     q = (    0.176776695   0.176776695  -0.176776695 ) 

    1    1
  0.04550511   0.00000000     0.03616676  -0.00000000    -0.03616676   0.00000000
  0.03616676  -0.00000000     0.04550511  -0.00000000    -0.03616676   0.00000000
 -0.03616676   0.00000000    -0.03616676   0.00000000     0.04550511  -0.00000000
