  2.500000000000000E-002  0.616022021467486        2.65897376282667     
          24

     Dynamical  Matrix in cartesian axes

     q = (    0.530330086  -0.176776695   0.530330086 ) 

    1    1
  0.06912413   0.00000000    -0.04969153   0.00000000     0.03278433   0.00000000
 -0.04969153  -0.00000000     0.15442964  -0.00000000    -0.04969153  -0.00000000
  0.03278433   0.00000000    -0.04969153   0.00000000     0.06912413   0.00000000

     Dynamical  Matrix in cartesian axes

     q = (    0.530330086  -0.176776695  -0.530330086 ) 

    1    1
  0.06912413   0.00000000    -0.04969153   0.00000000    -0.03278433  -0.00000000
 -0.04969153  -0.00000000     0.15442964  -0.00000000     0.04969153   0.00000000
 -0.03278433  -0.00000000     0.04969153  -0.00000000     0.06912413   0.00000000

     Dynamical  Matrix in cartesian axes

     q = (   -0.530330086  -0.176776695  -0.530330086 ) 

    1    1
  0.06912413   0.00000000     0.04969153  -0.00000000     0.03278433   0.00000000
  0.04969153   0.00000000     0.15442964  -0.00000000     0.04969153   0.00000000
  0.03278433   0.00000000     0.04969153  -0.00000000     0.06912413   0.00000000

     Dynamical  Matrix in cartesian axes

     q = (   -0.530330086  -0.176776695   0.530330086 ) 

    1    1
  0.06912413   0.00000000     0.04969153  -0.00000000    -0.03278433  -0.00000000
  0.04969153   0.00000000     0.15442964  -0.00000000    -0.04969153  -0.00000000
 -0.03278433  -0.00000000    -0.04969153   0.00000000     0.06912413   0.00000000

     Dynamical  Matrix in cartesian axes

     q = (   -0.530330086   0.176776695  -0.530330086 ) 

    1    1
  0.06912413   0.00000000    -0.04969153   0.00000000     0.03278433   0.00000000
 -0.04969153  -0.00000000     0.15442964  -0.00000000    -0.04969153  -0.00000000
  0.03278433   0.00000000    -0.04969153   0.00000000     0.06912413   0.00000000

     Dynamical  Matrix in cartesian axes

     q = (   -0.176776695   0.530330086  -0.530330086 ) 

    1    1
  0.15442964  -0.00000000    -0.04969153  -0.00000000     0.04969153   0.00000000
 -0.04969153   0.00000000     0.06912413   0.00000000    -0.03278433  -0.00000000
  0.04969153  -0.00000000    -0.03278433  -0.00000000     0.06912413   0.00000000

     Dynamical  Matrix in cartesian axes

     q = (   -0.530330086   0.530330086  -0.176776695 ) 

    1    1
  0.06912413   0.00000000    -0.03278433  -0.00000000     0.04969153  -0.00000000
 -0.03278433  -0.00000000     0.06912413   0.00000000    -0.04969153   0.00000000
  0.04969153   0.00000000    -0.04969153  -0.00000000     0.15442964  -0.00000000

     Dynamical  Matrix in cartesian axes

     q = (    0.530330086   0.176776695   0.530330086 ) 

    1    1
  0.06912413   0.00000000     0.04969153  -0.00000000     0.03278433   0.00000000
  0.04969153   0.00000000     0.15442964  -0.00000000     0.04969153   0.00000000
  0.03278433   0.00000000     0.04969153  -0.00000000     0.06912413   0.00000000

     Dynamical  Matrix in cartesian axes

     q = (   -0.530330086   0.176776695   0.530330086 ) 

    1    1
  0.06912413   0.00000000    -0.04969153   0.00000000    -0.03278433  -0.00000000
 -0.04969153  -0.00000000     0.15442964  -0.00000000     0.04969153   0.00000000
 -0.03278433  -0.00000000     0.04969153  -0.00000000     0.06912413   0.00000000

     Dynamical  Matrix in cartesian axes

     q = (    0.530330086   0.176776695  -0.530330086 ) 

    1    1
  0.06912413   0.00000000     0.04969153  -0.00000000    -0.03278433  -0.00000000
  0.04969153   0.00000000     0.15442964  -0.00000000    -0.04969153  -0.00000000
 -0.03278433  -0.00000000    -0.04969153   0.00000000     0.06912413   0.00000000

     Dynamical  Matrix in cartesian axes

     q = (   -0.530330086   0.530330086   0.176776695 ) 

    1    1
  0.06912413   0.00000000    -0.03278433  -0.00000000    -0.04969153   0.00000000
 -0.03278433  -0.00000000     0.06912413   0.00000000     0.04969153  -0.00000000
 -0.04969153  -0.00000000     0.04969153   0.00000000     0.15442964  -0.00000000

     Dynamical  Matrix in cartesian axes

     q = (   -0.176776695   0.530330086   0.530330086 ) 

    1    1
  0.15442964  -0.00000000    -0.04969153  -0.00000000    -0.04969153  -0.00000000
 -0.04969153   0.00000000     0.06912413   0.00000000     0.03278433   0.00000000
 -0.04969153   0.00000000     0.03278433   0.00000000     0.06912413   0.00000000

     Dynamical  Matrix in cartesian axes

     q = (    0.176776695   0.530330086  -0.530330086 ) 

    1    1
  0.15442964  -0.00000000     0.04969153   0.00000000    -0.04969153  -0.00000000
  0.04969153  -0.00000000     0.06912413   0.00000000    -0.03278433  -0.00000000
 -0.04969153   0.00000000    -0.03278433  -0.00000000     0.06912413   0.00000000

     Dynamical  Matrix in cartesian axes

     q = (   -0.176776695  -0.530330086  -0.530330086 ) 

    1    1
  0.15442964  -0.00000000     0.04969153   0.00000000     0.04969153   0.00000000
  0.04969153  -0.00000000     0.06912413   0.00000000     0.03278433   0.00000000
  0.04969153  -0.00000000     0.03278433   0.00000000     0.06912413   0.00000000

     Dynamical  Matrix in cartesian axes

     q = (    0.530330086   0.530330086  -0.176776695 ) 

    1    1
  0.06912413   0.00000000     0.03278433   0.00000000    -0.04969153   0.00000000
  0.03278433   0.00000000     0.06912413   0.00000000    -0.04969153   0.00000000
 -0.04969153  -0.00000000    -0.04969153  -0.00000000     0.15442964  -0.00000000

     Dynamical  Matrix in cartesian axes

     q = (    0.530330086  -0.530330086   0.176776695 ) 

    1    1
  0.06912413   0.00000000    -0.03278433  -0.00000000     0.04969153  -0.00000000
 -0.03278433  -0.00000000     0.06912413   0.00000000    -0.04969153   0.00000000
  0.04969153   0.00000000    -0.04969153  -0.00000000     0.15442964  -0.00000000

     Dynamical  Matrix in cartesian axes

     q = (   -0.530330086  -0.530330086  -0.176776695 ) 

    1    1
  0.06912413   0.00000000     0.03278433   0.00000000     0.04969153  -0.00000000
  0.03278433   0.00000000     0.06912413   0.00000000     0.04969153  -0.00000000
  0.04969153   0.00000000     0.04969153   0.00000000     0.15442964  -0.00000000

     Dynamical  Matrix in cartesian axes

     q = (    0.176776695  -0.530330086   0.530330086 ) 

    1    1
  0.15442964  -0.00000000    -0.04969153  -0.00000000     0.04969153   0.00000000
 -0.04969153   0.00000000     0.06912413   0.00000000    -0.03278433  -0.00000000
  0.04969153  -0.00000000    -0.03278433  -0.00000000     0.06912413   0.00000000

     Dynamical  Matrix in cartesian axes

     q = (   -0.530330086  -0.530330086   0.176776695 ) 

    1    1
  0.06912413   0.00000000     0.03278433   0.00000000    -0.04969153   0.00000000
  0.03278433   0.00000000     0.06912413   0.00000000    -0.04969153   0.00000000
 -0.04969153  -0.00000000    -0.04969153  -0.00000000     0.15442964  -0.00000000

     Dynamical  Matrix in cartesian axes

     q = (    0.176776695   0.530330086   0.530330086 ) 

    1    1
  0.15442964  -0.00000000     0.04969153   0.00000000     0.04969153   0.00000000
  0.04969153  -0.00000000     0.06912413   0.00000000     0.03278433   0.00000000
  0.04969153  -0.00000000     0.03278433   0.00000000     0.06912413   0.00000000

     Dynamical  Matrix in cartesian axes

     q = (   -0.176776695  -0.530330086   0.530330086 ) 

    1    1
  0.15442964  -0.00000000     0.04969153   0.00000000    -0.04969153  -0.00000000
  0.04969153  -0.00000000     0.06912413   0.00000000    -0.03278433  -0.00000000
 -0.04969153   0.00000000    -0.03278433  -0.00000000     0.06912413   0.00000000

     Dynamical  Matrix in cartesian axes

     q = (    0.530330086   0.530330086   0.176776695 ) 

    1    1
  0.06912413   0.00000000     0.03278433   0.00000000     0.04969153  -0.00000000
  0.03278433   0.00000000     0.06912413   0.00000000     0.04969153  -0.00000000
  0.04969153   0.00000000     0.04969153   0.00000000     0.15442964  -0.00000000

     Dynamical  Matrix in cartesian axes

     q = (    0.176776695  -0.530330086  -0.530330086 ) 

    1    1
  0.15442964  -0.00000000    -0.04969153  -0.00000000    -0.04969153  -0.00000000
 -0.04969153   0.00000000     0.06912413   0.00000000     0.03278433   0.00000000
 -0.04969153   0.00000000     0.03278433   0.00000000     0.06912413   0.00000000

     Dynamical  Matrix in cartesian axes

     q = (    0.530330086  -0.530330086  -0.176776695 ) 

    1    1
  0.06912413   0.00000000    -0.03278433  -0.00000000    -0.04969153   0.00000000
 -0.03278433  -0.00000000     0.06912413   0.00000000     0.04969153  -0.00000000
 -0.04969153  -0.00000000     0.04969153   0.00000000     0.15442964  -0.00000000
