  5.000000000000000E-002  0.615247549207767        2.65328626633895     
           8

     Dynamical  Matrix in cartesian axes

     q = (   -0.176776695   0.176776695  -0.176776695 ) 

    1    1
  0.04921578  -0.00000000    -0.03995442   0.00000000     0.03995442  -0.00000000
 -0.03995442   0.00000000     0.04921578  -0.00000000    -0.03995442   0.00000000
  0.03995442  -0.00000000    -0.03995442   0.00000000     0.04921578  -0.00000000

     Dynamical  Matrix in cartesian axes

     q = (    0.176776695  -0.176776695  -0.176776695 ) 

    1    1
  0.04921578  -0.00000000    -0.03995442  -0.00000000    -0.03995442   0.00000000
 -0.03995442  -0.00000000     0.04921578  -0.00000000     0.03995442  -0.00000000
 -0.03995442   0.00000000     0.03995442  -0.00000000     0.04921578  -0.00000000

     Dynamical  Matrix in cartesian axes

     q = (    0.176776695  -0.176776695   0.176776695 ) 

    1    1
  0.04921578   0.00000000    -0.03995442   0.00000000     0.03995442   0.00000000
 -0.03995442   0.00000000     0.04921578  -0.00000000    -0.03995442   0.00000000
  0.03995442   0.00000000    -0.03995442   0.00000000     0.04921578   0.00000000

     Dynamical  Matrix in cartesian axes

     q = (    0.176776695   0.176776695   0.176776695 ) 

    1    1
  0.04921578  -0.00000000     0.03995442  -0.00000000     0.03995442  -0.00000000
  0.03995442  -0.00000000     0.04921578  -0.00000000     0.03995442  -0.00000000
  0.03995442  -0.00000000     0.03995442  -0.00000000     0.04921578  -0.00000000

     Dynamical  Matrix in cartesian axes

     q = (   -0.176776695  -0.176776695  -0.176776695 ) 

    1    1
  0.04921578  -0.00000000     0.03995442  -0.00000000     0.03995442  -0.00000000
  0.03995442  -0.00000000     0.04921578  -0.00000000     0.03995442  -0.00000000
  0.03995442  -0.00000000     0.03995442  -0.00000000     0.04921578  -0.00000000

     Dynamical  Matrix in cartesian axes

     q = (   -0.176776695  -0.176776695   0.176776695 ) 

    1    1
  0.04921578  -0.00000000     0.03995442  -0.00000000    -0.03995442   0.00000000
  0.03995442  -0.00000000     0.04921578  -0.00000000    -0.03995442   0.00000000
 -0.03995442   0.00000000    -0.03995442   0.00000000     0.04921578  -0.00000000

     Dynamical  Matrix in cartesian axes

     q = (   -0.176776695   0.176776695   0.176776695 ) 

    1    1
  0.04921578  -0.00000000    -0.03995442  -0.00000000    -0.03995442   0.00000000
 -0.03995442   0.00000000     0.04921578  -0.00000000     0.03995442  -0.00000000
 -0.03995442  -0.00000000     0.03995442  -0.00000000     0.04921578  -0.00000000

     Dynamical  Matrix in cartesian axes

     q = (    0.176776695   0.176776695  -0.176776695 ) 

    1    1
  0.04921578  -0.00000000     0.03995442  -0.00000000    -0.03995442   0.00000000
  0.03995442  -0.00000000     0.04921578  -0.00000000    -0.03995442   0.00000000
 -0.03995442   0.00000000    -0.03995442   0.00000000     0.04921578  -0.00000000
