  3.500000000000000E-002  0.615697928857687        2.64984280279338     
           8

     Dynamical  Matrix in cartesian axes

     q = (   -0.176776695   0.176776695  -0.176776695 ) 

    1    1
  0.04385958  -0.00000000    -0.03501476  -0.00000000     0.03501476  -0.00000000
 -0.03501476   0.00000000     0.04385958   0.00000000    -0.03501476   0.00000000
  0.03501476  -0.00000000    -0.03501476  -0.00000000     0.04385958  -0.00000000

     Dynamical  Matrix in cartesian axes

     q = (    0.176776695  -0.176776695  -0.176776695 ) 

    1    1
  0.04385958   0.00000000    -0.03501476   0.00000000    -0.03501476  -0.00000000
 -0.03501476   0.00000000     0.04385958   0.00000000     0.03501476  -0.00000000
 -0.03501476  -0.00000000     0.03501476  -0.00000000     0.04385958   0.00000000

     Dynamical  Matrix in cartesian axes

     q = (    0.176776695  -0.176776695   0.176776695 ) 

    1    1
  0.04385958  -0.00000000    -0.03501476  -0.00000000     0.03501476  -0.00000000
 -0.03501476  -0.00000000     0.04385958  -0.00000000    -0.03501476  -0.00000000
  0.03501476   0.00000000    -0.03501476   0.00000000     0.04385958  -0.00000000

     Dynamical  Matrix in cartesian axes

     q = (    0.176776695   0.176776695   0.176776695 ) 

    1    1
  0.04385958   0.00000000     0.03501476   0.00000000     0.03501476   0.00000000
  0.03501476   0.00000000     0.04385958   0.00000000     0.03501476   0.00000000
  0.03501476   0.00000000     0.03501476   0.00000000     0.04385958   0.00000000

     Dynamical  Matrix in cartesian axes

     q = (   -0.176776695  -0.176776695  -0.176776695 ) 

    1    1
  0.04385958  -0.00000000     0.03501476   0.00000000     0.03501476  -0.00000000
  0.03501476  -0.00000000     0.04385958   0.00000000     0.03501476  -0.00000000
  0.03501476  -0.00000000     0.03501476   0.00000000     0.04385958  -0.00000000

     Dynamical  Matrix in cartesian axes

     q = (   -0.176776695  -0.176776695   0.176776695 ) 

    1    1
  0.04385958   0.00000000     0.03501476   0.00000000    -0.03501476  -0.00000000
  0.03501476   0.00000000     0.04385958   0.00000000    -0.03501476  -0.00000000
 -0.03501476  -0.00000000    -0.03501476  -0.00000000     0.04385958   0.00000000

     Dynamical  Matrix in cartesian axes

     q = (   -0.176776695   0.176776695   0.176776695 ) 

    1    1
  0.04385958   0.00000000    -0.03501476  -0.00000000    -0.03501476   0.00000000
 -0.03501476   0.00000000     0.04385958  -0.00000000     0.03501476   0.00000000
 -0.03501476   0.00000000     0.03501476  -0.00000000     0.04385958   0.00000000

     Dynamical  Matrix in cartesian axes

     q = (    0.176776695   0.176776695  -0.176776695 ) 

    1    1
  0.04385958  -0.00000000     0.03501476   0.00000000    -0.03501476  -0.00000000
  0.03501476  -0.00000000     0.04385958  -0.00000000    -0.03501476  -0.00000000
 -0.03501476  -0.00000000    -0.03501476   0.00000000     0.04385958  -0.00000000
