  4.000000000000000E-002  0.615541141275436        2.65008083840365     
           4

     Dynamical  Matrix in cartesian axes

     q = (    0.353553391  -0.353553391   0.353553391 ) 

    1    1
  0.08447535   0.00000000    -0.06113338   0.00000000     0.06113338   0.00000000
 -0.06113338   0.00000000     0.08447535   0.00000000    -0.06113338   0.00000000
  0.06113338   0.00000000    -0.06113338   0.00000000     0.08447535   0.00000000

     Dynamical  Matrix in cartesian axes

     q = (    0.353553391   0.353553391   0.353553391 ) 

    1    1
  0.08447535   0.00000000     0.06113338   0.00000000     0.06113338   0.00000000
  0.06113338   0.00000000     0.08447535   0.00000000     0.06113338   0.00000000
  0.06113338   0.00000000     0.06113338   0.00000000     0.08447535   0.00000000

     Dynamical  Matrix in cartesian axes

     q = (   -0.353553391   0.353553391   0.353553391 ) 

    1    1
  0.08447535   0.00000000    -0.06113338   0.00000000    -0.06113338   0.00000000
 -0.06113338   0.00000000     0.08447535   0.00000000     0.06113338   0.00000000
 -0.06113338   0.00000000     0.06113338   0.00000000     0.08447535   0.00000000

     Dynamical  Matrix in cartesian axes

     q = (    0.353553391   0.353553391  -0.353553391 ) 

    1    1
  0.08447535   0.00000000     0.06113338   0.00000000    -0.06113338   0.00000000
  0.06113338   0.00000000     0.08447535   0.00000000    -0.06113338   0.00000000
 -0.06113338   0.00000000    -0.06113338   0.00000000     0.08447535   0.00000000
