  4.000000000000000E-002  0.615541141275436        2.65008083840365     
           8

     Dynamical  Matrix in cartesian axes

     q = (   -0.176776695   0.176776695  -0.176776695 ) 

    1    1
  0.04575009  -0.00000000    -0.03676641   0.00000000     0.03676641  -0.00000000
 -0.03676641   0.00000000     0.04575009  -0.00000000    -0.03676641   0.00000000
  0.03676641  -0.00000000    -0.03676641   0.00000000     0.04575009  -0.00000000

     Dynamical  Matrix in cartesian axes

     q = (    0.176776695  -0.176776695  -0.176776695 ) 

    1    1
  0.04575009  -0.00000000    -0.03676641  -0.00000000    -0.03676641   0.00000000
 -0.03676641  -0.00000000     0.04575009  -0.00000000     0.03676641   0.00000000
 -0.03676641   0.00000000     0.03676641  -0.00000000     0.04575009  -0.00000000

     Dynamical  Matrix in cartesian axes

     q = (    0.176776695  -0.176776695   0.176776695 ) 

    1    1
  0.04575009  -0.00000000    -0.03676641   0.00000000     0.03676641  -0.00000000
 -0.03676641   0.00000000     0.04575009  -0.00000000    -0.03676641   0.00000000
  0.03676641  -0.00000000    -0.03676641   0.00000000     0.04575009  -0.00000000

     Dynamical  Matrix in cartesian axes

     q = (    0.176776695   0.176776695   0.176776695 ) 

    1    1
  0.04575009  -0.00000000     0.03676641  -0.00000000     0.03676641  -0.00000000
  0.03676641  -0.00000000     0.04575009  -0.00000000     0.03676641  -0.00000000
  0.03676641  -0.00000000     0.03676641  -0.00000000     0.04575009  -0.00000000

     Dynamical  Matrix in cartesian axes

     q = (   -0.176776695  -0.176776695  -0.176776695 ) 

    1    1
  0.04575009  -0.00000000     0.03676641  -0.00000000     0.03676641  -0.00000000
  0.03676641  -0.00000000     0.04575009  -0.00000000     0.03676641  -0.00000000
  0.03676641  -0.00000000     0.03676641  -0.00000000     0.04575009  -0.00000000

     Dynamical  Matrix in cartesian axes

     q = (   -0.176776695  -0.176776695   0.176776695 ) 

    1    1
  0.04575009  -0.00000000     0.03676641  -0.00000000    -0.03676641   0.00000000
  0.03676641  -0.00000000     0.04575009  -0.00000000    -0.03676641   0.00000000
 -0.03676641   0.00000000    -0.03676641   0.00000000     0.04575009  -0.00000000

     Dynamical  Matrix in cartesian axes

     q = (   -0.176776695   0.176776695   0.176776695 ) 

    1    1
  0.04575009  -0.00000000    -0.03676641  -0.00000000    -0.03676641  -0.00000000
 -0.03676641   0.00000000     0.04575009  -0.00000000     0.03676641   0.00000000
 -0.03676641  -0.00000000     0.03676641  -0.00000000     0.04575009  -0.00000000

     Dynamical  Matrix in cartesian axes

     q = (    0.176776695   0.176776695  -0.176776695 ) 

    1    1
  0.04575009  -0.00000000     0.03676641  -0.00000000    -0.03676641   0.00000000
  0.03676641  -0.00000000     0.04575009  -0.00000000    -0.03676641   0.00000000
 -0.03676641   0.00000000    -0.03676641   0.00000000     0.04575009  -0.00000000
