  2.500000000000000E-002  0.616022021467486        2.65897376282667     
           3

     Dynamical  Matrix in cartesian axes

     q = (    0.000000000  -0.707106781   0.000000000 ) 

    1    1
  0.05598901   0.00000000    -0.00000000   0.00000000    -0.00000000   0.00000000
 -0.00000000   0.00000000     0.16228046   0.00000000    -0.00000000   0.00000000
 -0.00000000   0.00000000    -0.00000000   0.00000000     0.05598901   0.00000000

     Dynamical  Matrix in cartesian axes

     q = (   -0.707106781   0.000000000   0.000000000 ) 

    1    1
  0.16228046   0.00000000     0.00000000   0.00000000     0.00000000   0.00000000
  0.00000000   0.00000000     0.05598901   0.00000000     0.00000000   0.00000000
  0.00000000   0.00000000     0.00000000   0.00000000     0.05598901   0.00000000

     Dynamical  Matrix in cartesian axes

     q = (    0.000000000   0.000000000  -0.707106781 ) 

    1    1
  0.05598901   0.00000000    -0.00000000   0.00000000     0.00000000   0.00000000
 -0.00000000   0.00000000     0.05598901   0.00000000    -0.00000000   0.00000000
  0.00000000   0.00000000    -0.00000000   0.00000000     0.16228046   0.00000000
