  4.000000000000000E-002  0.615541141275436        2.65008083840365     
          24

     Dynamical  Matrix in cartesian axes

     q = (    0.530330086  -0.176776695   0.530330086 ) 

    1    1
  0.06755887  -0.00000000    -0.04936319   0.00000000     0.03195305  -0.00000000
 -0.04936319  -0.00000000     0.15822729   0.00000000    -0.04936319  -0.00000000
  0.03195305  -0.00000000    -0.04936319   0.00000000     0.06755887  -0.00000000

     Dynamical  Matrix in cartesian axes

     q = (    0.530330086  -0.176776695  -0.530330086 ) 

    1    1
  0.06755887  -0.00000000    -0.04936319   0.00000000    -0.03195305   0.00000000
 -0.04936319  -0.00000000     0.15822729   0.00000000     0.04936319   0.00000000
 -0.03195305   0.00000000     0.04936319  -0.00000000     0.06755887  -0.00000000

     Dynamical  Matrix in cartesian axes

     q = (   -0.530330086  -0.176776695  -0.530330086 ) 

    1    1
  0.06755887  -0.00000000     0.04936319  -0.00000000     0.03195305  -0.00000000
  0.04936319   0.00000000     0.15822729   0.00000000     0.04936319   0.00000000
  0.03195305  -0.00000000     0.04936319  -0.00000000     0.06755887  -0.00000000

     Dynamical  Matrix in cartesian axes

     q = (   -0.530330086  -0.176776695   0.530330086 ) 

    1    1
  0.06755887  -0.00000000     0.04936319  -0.00000000    -0.03195305   0.00000000
  0.04936319   0.00000000     0.15822729   0.00000000    -0.04936319  -0.00000000
 -0.03195305   0.00000000    -0.04936319   0.00000000     0.06755887  -0.00000000

     Dynamical  Matrix in cartesian axes

     q = (   -0.530330086   0.176776695  -0.530330086 ) 

    1    1
  0.06755887  -0.00000000    -0.04936319   0.00000000     0.03195305  -0.00000000
 -0.04936319  -0.00000000     0.15822729   0.00000000    -0.04936319  -0.00000000
  0.03195305  -0.00000000    -0.04936319   0.00000000     0.06755887  -0.00000000

     Dynamical  Matrix in cartesian axes

     q = (   -0.176776695   0.530330086  -0.530330086 ) 

    1    1
  0.15822729   0.00000000    -0.04936319  -0.00000000     0.04936319   0.00000000
 -0.04936319   0.00000000     0.06755887  -0.00000000    -0.03195305   0.00000000
  0.04936319  -0.00000000    -0.03195305   0.00000000     0.06755887  -0.00000000

     Dynamical  Matrix in cartesian axes

     q = (   -0.530330086   0.530330086  -0.176776695 ) 

    1    1
  0.06755887  -0.00000000    -0.03195305   0.00000000     0.04936319  -0.00000000
 -0.03195305   0.00000000     0.06755887  -0.00000000    -0.04936319   0.00000000
  0.04936319   0.00000000    -0.04936319  -0.00000000     0.15822729   0.00000000

     Dynamical  Matrix in cartesian axes

     q = (    0.530330086   0.176776695   0.530330086 ) 

    1    1
  0.06755887  -0.00000000     0.04936319  -0.00000000     0.03195305  -0.00000000
  0.04936319   0.00000000     0.15822729   0.00000000     0.04936319   0.00000000
  0.03195305  -0.00000000     0.04936319  -0.00000000     0.06755887  -0.00000000

     Dynamical  Matrix in cartesian axes

     q = (   -0.530330086   0.176776695   0.530330086 ) 

    1    1
  0.06755887  -0.00000000    -0.04936319   0.00000000    -0.03195305   0.00000000
 -0.04936319  -0.00000000     0.15822729   0.00000000     0.04936319   0.00000000
 -0.03195305   0.00000000     0.04936319  -0.00000000     0.06755887  -0.00000000

     Dynamical  Matrix in cartesian axes

     q = (    0.530330086   0.176776695  -0.530330086 ) 

    1    1
  0.06755887  -0.00000000     0.04936319  -0.00000000    -0.03195305   0.00000000
  0.04936319   0.00000000     0.15822729   0.00000000    -0.04936319  -0.00000000
 -0.03195305   0.00000000    -0.04936319   0.00000000     0.06755887  -0.00000000

     Dynamical  Matrix in cartesian axes

     q = (   -0.530330086   0.530330086   0.176776695 ) 

    1    1
  0.06755887  -0.00000000    -0.03195305   0.00000000    -0.04936319   0.00000000
 -0.03195305   0.00000000     0.06755887  -0.00000000     0.04936319  -0.00000000
 -0.04936319  -0.00000000     0.04936319   0.00000000     0.15822729   0.00000000

     Dynamical  Matrix in cartesian axes

     q = (   -0.176776695   0.530330086   0.530330086 ) 

    1    1
  0.15822729   0.00000000    -0.04936319  -0.00000000    -0.04936319  -0.00000000
 -0.04936319   0.00000000     0.06755887  -0.00000000     0.03195305  -0.00000000
 -0.04936319   0.00000000     0.03195305  -0.00000000     0.06755887  -0.00000000

     Dynamical  Matrix in cartesian axes

     q = (    0.176776695   0.530330086  -0.530330086 ) 

    1    1
  0.15822729   0.00000000     0.04936319   0.00000000    -0.04936319  -0.00000000
  0.04936319  -0.00000000     0.06755887  -0.00000000    -0.03195305   0.00000000
 -0.04936319   0.00000000    -0.03195305   0.00000000     0.06755887  -0.00000000

     Dynamical  Matrix in cartesian axes

     q = (   -0.176776695  -0.530330086  -0.530330086 ) 

    1    1
  0.15822729   0.00000000     0.04936319   0.00000000     0.04936319   0.00000000
  0.04936319  -0.00000000     0.06755887  -0.00000000     0.03195305  -0.00000000
  0.04936319  -0.00000000     0.03195305  -0.00000000     0.06755887  -0.00000000

     Dynamical  Matrix in cartesian axes

     q = (    0.530330086   0.530330086  -0.176776695 ) 

    1    1
  0.06755887  -0.00000000     0.03195305  -0.00000000    -0.04936319   0.00000000
  0.03195305  -0.00000000     0.06755887  -0.00000000    -0.04936319   0.00000000
 -0.04936319  -0.00000000    -0.04936319  -0.00000000     0.15822729   0.00000000

     Dynamical  Matrix in cartesian axes

     q = (    0.530330086  -0.530330086   0.176776695 ) 

    1    1
  0.06755887  -0.00000000    -0.03195305   0.00000000     0.04936319  -0.00000000
 -0.03195305   0.00000000     0.06755887  -0.00000000    -0.04936319   0.00000000
  0.04936319   0.00000000    -0.04936319  -0.00000000     0.15822729   0.00000000

     Dynamical  Matrix in cartesian axes

     q = (   -0.530330086  -0.530330086  -0.176776695 ) 

    1    1
  0.06755887  -0.00000000     0.03195305  -0.00000000     0.04936319  -0.00000000
  0.03195305  -0.00000000     0.06755887  -0.00000000     0.04936319  -0.00000000
  0.04936319   0.00000000     0.04936319   0.00000000     0.15822729   0.00000000

     Dynamical  Matrix in cartesian axes

     q = (    0.176776695  -0.530330086   0.530330086 ) 

    1    1
  0.15822729   0.00000000    -0.04936319  -0.00000000     0.04936319   0.00000000
 -0.04936319   0.00000000     0.06755887  -0.00000000    -0.03195305   0.00000000
  0.04936319  -0.00000000    -0.03195305   0.00000000     0.06755887  -0.00000000

     Dynamical  Matrix in cartesian axes

     q = (   -0.530330086  -0.530330086   0.176776695 ) 

    1    1
  0.06755887  -0.00000000     0.03195305  -0.00000000    -0.04936319   0.00000000
  0.03195305  -0.00000000     0.06755887  -0.00000000    -0.04936319   0.00000000
 -0.04936319  -0.00000000    -0.04936319  -0.00000000     0.15822729   0.00000000

     Dynamical  Matrix in cartesian axes

     q = (    0.176776695   0.530330086   0.530330086 ) 

    1    1
  0.15822729   0.00000000     0.04936319   0.00000000     0.04936319   0.00000000
  0.04936319  -0.00000000     0.06755887  -0.00000000     0.03195305  -0.00000000
  0.04936319  -0.00000000     0.03195305  -0.00000000     0.06755887  -0.00000000

     Dynamical  Matrix in cartesian axes

     q = (   -0.176776695  -0.530330086   0.530330086 ) 

    1    1
  0.15822729   0.00000000     0.04936319   0.00000000    -0.04936319  -0.00000000
  0.04936319  -0.00000000     0.06755887  -0.00000000    -0.03195305   0.00000000
 -0.04936319   0.00000000    -0.03195305   0.00000000     0.06755887  -0.00000000

     Dynamical  Matrix in cartesian axes

     q = (    0.530330086   0.530330086   0.176776695 ) 

    1    1
  0.06755887  -0.00000000     0.03195305  -0.00000000     0.04936319  -0.00000000
  0.03195305  -0.00000000     0.06755887  -0.00000000     0.04936319  -0.00000000
  0.04936319   0.00000000     0.04936319   0.00000000     0.15822729   0.00000000

     Dynamical  Matrix in cartesian axes

     q = (    0.176776695  -0.530330086  -0.530330086 ) 

    1    1
  0.15822729   0.00000000    -0.04936319  -0.00000000    -0.04936319  -0.00000000
 -0.04936319   0.00000000     0.06755887  -0.00000000     0.03195305  -0.00000000
 -0.04936319   0.00000000     0.03195305  -0.00000000     0.06755887  -0.00000000

     Dynamical  Matrix in cartesian axes

     q = (    0.530330086  -0.530330086  -0.176776695 ) 

    1    1
  0.06755887  -0.00000000    -0.03195305   0.00000000    -0.04936319   0.00000000
 -0.03195305   0.00000000     0.06755887  -0.00000000     0.04936319  -0.00000000
 -0.04936319  -0.00000000     0.04936319   0.00000000     0.15822729   0.00000000
