  1.500000000000000E-002  0.616331713733575        2.70296664197613     
          12

     Dynamical  Matrix in cartesian axes

     q = (    0.353553391   0.000000000   0.353553391 ) 

    1    1
  0.10427816  -0.00000000    -0.00000000   0.00000000     0.09570693  -0.00000000
  0.00000000  -0.00000000     0.06727573   0.00000000    -0.00000000  -0.00000000
  0.09570693  -0.00000000    -0.00000000   0.00000000     0.10427816  -0.00000000

     Dynamical  Matrix in cartesian axes

     q = (   -0.353553391   0.000000000   0.353553391 ) 

    1    1
  0.10427816  -0.00000000    -0.00000000  -0.00000000    -0.09570693   0.00000000
 -0.00000000   0.00000000     0.06727573  -0.00000000     0.00000000  -0.00000000
 -0.09570693  -0.00000000     0.00000000   0.00000000     0.10427816   0.00000000

     Dynamical  Matrix in cartesian axes

     q = (   -0.353553391   0.000000000  -0.353553391 ) 

    1    1
  0.10427816   0.00000000    -0.00000000   0.00000000     0.09570693   0.00000000
  0.00000000   0.00000000     0.06727573   0.00000000    -0.00000000   0.00000000
  0.09570693   0.00000000    -0.00000000   0.00000000     0.10427816   0.00000000

     Dynamical  Matrix in cartesian axes

     q = (    0.353553391   0.000000000  -0.353553391 ) 

    1    1
  0.10427816   0.00000000     0.00000000  -0.00000000    -0.09570693   0.00000000
 -0.00000000  -0.00000000     0.06727573  -0.00000000     0.00000000   0.00000000
 -0.09570693  -0.00000000     0.00000000   0.00000000     0.10427816  -0.00000000

     Dynamical  Matrix in cartesian axes

     q = (    0.000000000   0.353553391  -0.353553391 ) 

    1    1
  0.06727573   0.00000000     0.00000000  -0.00000000    -0.00000000   0.00000000
  0.00000000   0.00000000     0.10427816   0.00000000    -0.09570693   0.00000000
  0.00000000  -0.00000000    -0.09570693   0.00000000     0.10427816   0.00000000

     Dynamical  Matrix in cartesian axes

     q = (   -0.353553391   0.353553391   0.000000000 ) 

    1    1
  0.10427816   0.00000000    -0.09570693   0.00000000     0.00000000  -0.00000000
 -0.09570693   0.00000000     0.10427816   0.00000000     0.00000000   0.00000000
 -0.00000000   0.00000000     0.00000000   0.00000000     0.06727573  -0.00000000

     Dynamical  Matrix in cartesian axes

     q = (    0.000000000   0.353553391   0.353553391 ) 

    1    1
  0.06727573  -0.00000000     0.00000000   0.00000000    -0.00000000   0.00000000
 -0.00000000  -0.00000000     0.10427816   0.00000000     0.09570693   0.00000000
 -0.00000000  -0.00000000     0.09570693   0.00000000     0.10427816   0.00000000

     Dynamical  Matrix in cartesian axes

     q = (    0.000000000  -0.353553391  -0.353553391 ) 

    1    1
  0.06727573  -0.00000000     0.00000000   0.00000000    -0.00000000   0.00000000
 -0.00000000  -0.00000000     0.10427816   0.00000000     0.09570693   0.00000000
 -0.00000000  -0.00000000     0.09570693  -0.00000000     0.10427816  -0.00000000

     Dynamical  Matrix in cartesian axes

     q = (    0.353553391   0.353553391   0.000000000 ) 

    1    1
  0.10427816   0.00000000     0.09570693   0.00000000    -0.00000000   0.00000000
  0.09570693   0.00000000     0.10427816   0.00000000    -0.00000000   0.00000000
  0.00000000   0.00000000     0.00000000   0.00000000     0.06727573   0.00000000

     Dynamical  Matrix in cartesian axes

     q = (    0.353553391  -0.353553391   0.000000000 ) 

    1    1
  0.10427816   0.00000000    -0.09570693  -0.00000000    -0.00000000  -0.00000000
 -0.09570693   0.00000000     0.10427816  -0.00000000     0.00000000   0.00000000
 -0.00000000   0.00000000     0.00000000  -0.00000000     0.06727573  -0.00000000

     Dynamical  Matrix in cartesian axes

     q = (   -0.353553391  -0.353553391   0.000000000 ) 

    1    1
  0.10427816   0.00000000     0.09570693   0.00000000    -0.00000000   0.00000000
  0.09570693   0.00000000     0.10427816   0.00000000    -0.00000000   0.00000000
  0.00000000   0.00000000    -0.00000000   0.00000000     0.06727573   0.00000000

     Dynamical  Matrix in cartesian axes

     q = (    0.000000000  -0.353553391   0.353553391 ) 

    1    1
  0.06727573   0.00000000    -0.00000000   0.00000000    -0.00000000   0.00000000
  0.00000000   0.00000000     0.10427816   0.00000000    -0.09570693   0.00000000
  0.00000000   0.00000000    -0.09570693   0.00000000     0.10427816   0.00000000
