  5.000000000000000E-003  0.616750286570726        2.77724569394216     
          24

     Dynamical  Matrix in cartesian axes

     q = (    0.530330086  -0.176776695   0.530330086 ) 

    1    1
  0.08464506  -0.00000000    -0.04883566   0.00000000     0.03855017  -0.00000000
 -0.04883566  -0.00000000     0.15776140   0.00000000    -0.04883566  -0.00000000
  0.03855017  -0.00000000    -0.04883566   0.00000000     0.08464506  -0.00000000

     Dynamical  Matrix in cartesian axes

     q = (    0.530330086  -0.176776695  -0.530330086 ) 

    1    1
  0.08464506  -0.00000000    -0.04883566   0.00000000    -0.03855017   0.00000000
 -0.04883566  -0.00000000     0.15776140   0.00000000     0.04883566   0.00000000
 -0.03855017   0.00000000     0.04883566  -0.00000000     0.08464506  -0.00000000

     Dynamical  Matrix in cartesian axes

     q = (   -0.530330086  -0.176776695  -0.530330086 ) 

    1    1
  0.08464506  -0.00000000     0.04883566  -0.00000000     0.03855017  -0.00000000
  0.04883566   0.00000000     0.15776140   0.00000000     0.04883566   0.00000000
  0.03855017  -0.00000000     0.04883566  -0.00000000     0.08464506  -0.00000000

     Dynamical  Matrix in cartesian axes

     q = (   -0.530330086  -0.176776695   0.530330086 ) 

    1    1
  0.08464506  -0.00000000     0.04883566  -0.00000000    -0.03855017   0.00000000
  0.04883566   0.00000000     0.15776140   0.00000000    -0.04883566  -0.00000000
 -0.03855017   0.00000000    -0.04883566   0.00000000     0.08464506  -0.00000000

     Dynamical  Matrix in cartesian axes

     q = (   -0.530330086   0.176776695  -0.530330086 ) 

    1    1
  0.08464506  -0.00000000    -0.04883566   0.00000000     0.03855017  -0.00000000
 -0.04883566  -0.00000000     0.15776140   0.00000000    -0.04883566  -0.00000000
  0.03855017  -0.00000000    -0.04883566   0.00000000     0.08464506  -0.00000000

     Dynamical  Matrix in cartesian axes

     q = (   -0.176776695   0.530330086  -0.530330086 ) 

    1    1
  0.15776140   0.00000000    -0.04883566  -0.00000000     0.04883566   0.00000000
 -0.04883566   0.00000000     0.08464506  -0.00000000    -0.03855017   0.00000000
  0.04883566  -0.00000000    -0.03855017   0.00000000     0.08464506  -0.00000000

     Dynamical  Matrix in cartesian axes

     q = (   -0.530330086   0.530330086  -0.176776695 ) 

    1    1
  0.08464506  -0.00000000    -0.03855017   0.00000000     0.04883566  -0.00000000
 -0.03855017   0.00000000     0.08464506  -0.00000000    -0.04883566   0.00000000
  0.04883566   0.00000000    -0.04883566  -0.00000000     0.15776140   0.00000000

     Dynamical  Matrix in cartesian axes

     q = (    0.530330086   0.176776695   0.530330086 ) 

    1    1
  0.08464506  -0.00000000     0.04883566  -0.00000000     0.03855017  -0.00000000
  0.04883566   0.00000000     0.15776140   0.00000000     0.04883566   0.00000000
  0.03855017  -0.00000000     0.04883566  -0.00000000     0.08464506  -0.00000000

     Dynamical  Matrix in cartesian axes

     q = (   -0.530330086   0.176776695   0.530330086 ) 

    1    1
  0.08464506  -0.00000000    -0.04883566   0.00000000    -0.03855017   0.00000000
 -0.04883566  -0.00000000     0.15776140   0.00000000     0.04883566   0.00000000
 -0.03855017   0.00000000     0.04883566  -0.00000000     0.08464506  -0.00000000

     Dynamical  Matrix in cartesian axes

     q = (    0.530330086   0.176776695  -0.530330086 ) 

    1    1
  0.08464506  -0.00000000     0.04883566  -0.00000000    -0.03855017   0.00000000
  0.04883566   0.00000000     0.15776140   0.00000000    -0.04883566  -0.00000000
 -0.03855017   0.00000000    -0.04883566   0.00000000     0.08464506  -0.00000000

     Dynamical  Matrix in cartesian axes

     q = (   -0.530330086   0.530330086   0.176776695 ) 

    1    1
  0.08464506  -0.00000000    -0.03855017   0.00000000    -0.04883566   0.00000000
 -0.03855017   0.00000000     0.08464506  -0.00000000     0.04883566  -0.00000000
 -0.04883566  -0.00000000     0.04883566   0.00000000     0.15776140   0.00000000

     Dynamical  Matrix in cartesian axes

     q = (   -0.176776695   0.530330086   0.530330086 ) 

    1    1
  0.15776140   0.00000000    -0.04883566  -0.00000000    -0.04883566  -0.00000000
 -0.04883566   0.00000000     0.08464506  -0.00000000     0.03855017  -0.00000000
 -0.04883566   0.00000000     0.03855017  -0.00000000     0.08464506  -0.00000000

     Dynamical  Matrix in cartesian axes

     q = (    0.176776695   0.530330086  -0.530330086 ) 

    1    1
  0.15776140   0.00000000     0.04883566   0.00000000    -0.04883566  -0.00000000
  0.04883566  -0.00000000     0.08464506  -0.00000000    -0.03855017   0.00000000
 -0.04883566   0.00000000    -0.03855017   0.00000000     0.08464506  -0.00000000

     Dynamical  Matrix in cartesian axes

     q = (   -0.176776695  -0.530330086  -0.530330086 ) 

    1    1
  0.15776140   0.00000000     0.04883566   0.00000000     0.04883566   0.00000000
  0.04883566  -0.00000000     0.08464506  -0.00000000     0.03855017  -0.00000000
  0.04883566  -0.00000000     0.03855017  -0.00000000     0.08464506  -0.00000000

     Dynamical  Matrix in cartesian axes

     q = (    0.530330086   0.530330086  -0.176776695 ) 

    1    1
  0.08464506  -0.00000000     0.03855017  -0.00000000    -0.04883566   0.00000000
  0.03855017  -0.00000000     0.08464506  -0.00000000    -0.04883566   0.00000000
 -0.04883566  -0.00000000    -0.04883566  -0.00000000     0.15776140   0.00000000

     Dynamical  Matrix in cartesian axes

     q = (    0.530330086  -0.530330086   0.176776695 ) 

    1    1
  0.08464506  -0.00000000    -0.03855017   0.00000000     0.04883566  -0.00000000
 -0.03855017   0.00000000     0.08464506  -0.00000000    -0.04883566   0.00000000
  0.04883566   0.00000000    -0.04883566  -0.00000000     0.15776140   0.00000000

     Dynamical  Matrix in cartesian axes

     q = (   -0.530330086  -0.530330086  -0.176776695 ) 

    1    1
  0.08464506  -0.00000000     0.03855017  -0.00000000     0.04883566  -0.00000000
  0.03855017  -0.00000000     0.08464506  -0.00000000     0.04883566  -0.00000000
  0.04883566   0.00000000     0.04883566   0.00000000     0.15776140   0.00000000

     Dynamical  Matrix in cartesian axes

     q = (    0.176776695  -0.530330086   0.530330086 ) 

    1    1
  0.15776140   0.00000000    -0.04883566  -0.00000000     0.04883566   0.00000000
 -0.04883566   0.00000000     0.08464506  -0.00000000    -0.03855017   0.00000000
  0.04883566  -0.00000000    -0.03855017   0.00000000     0.08464506  -0.00000000

     Dynamical  Matrix in cartesian axes

     q = (   -0.530330086  -0.530330086   0.176776695 ) 

    1    1
  0.08464506  -0.00000000     0.03855017  -0.00000000    -0.04883566   0.00000000
  0.03855017  -0.00000000     0.08464506  -0.00000000    -0.04883566   0.00000000
 -0.04883566  -0.00000000    -0.04883566  -0.00000000     0.15776140   0.00000000

     Dynamical  Matrix in cartesian axes

     q = (    0.176776695   0.530330086   0.530330086 ) 

    1    1
  0.15776140   0.00000000     0.04883566   0.00000000     0.04883566   0.00000000
  0.04883566  -0.00000000     0.08464506  -0.00000000     0.03855017  -0.00000000
  0.04883566  -0.00000000     0.03855017  -0.00000000     0.08464506  -0.00000000

     Dynamical  Matrix in cartesian axes

     q = (   -0.176776695  -0.530330086   0.530330086 ) 

    1    1
  0.15776140   0.00000000     0.04883566   0.00000000    -0.04883566  -0.00000000
  0.04883566  -0.00000000     0.08464506  -0.00000000    -0.03855017   0.00000000
 -0.04883566   0.00000000    -0.03855017   0.00000000     0.08464506  -0.00000000

     Dynamical  Matrix in cartesian axes

     q = (    0.530330086   0.530330086   0.176776695 ) 

    1    1
  0.08464506  -0.00000000     0.03855017  -0.00000000     0.04883566  -0.00000000
  0.03855017  -0.00000000     0.08464506  -0.00000000     0.04883566  -0.00000000
  0.04883566   0.00000000     0.04883566   0.00000000     0.15776140   0.00000000

     Dynamical  Matrix in cartesian axes

     q = (    0.176776695  -0.530330086  -0.530330086 ) 

    1    1
  0.15776140   0.00000000    -0.04883566  -0.00000000    -0.04883566  -0.00000000
 -0.04883566   0.00000000     0.08464506  -0.00000000     0.03855017  -0.00000000
 -0.04883566   0.00000000     0.03855017  -0.00000000     0.08464506  -0.00000000

     Dynamical  Matrix in cartesian axes

     q = (    0.530330086  -0.530330086  -0.176776695 ) 

    1    1
  0.08464506  -0.00000000    -0.03855017   0.00000000    -0.04883566   0.00000000
 -0.03855017   0.00000000     0.08464506  -0.00000000     0.04883566  -0.00000000
 -0.04883566  -0.00000000     0.04883566   0.00000000     0.15776140   0.00000000
