  4.500000000000000E-002  0.615391214526755        2.65148726734605     
          24

     Dynamical  Matrix in cartesian axes

     q = (    0.530330086  -0.176776695   0.530330086 ) 

    1    1
  0.06721862   0.00000000    -0.04922579   0.00000000     0.03190268   0.00000000
 -0.04922579  -0.00000000     0.15908598  -0.00000000    -0.04922579  -0.00000000
  0.03190268   0.00000000    -0.04922579   0.00000000     0.06721862   0.00000000

     Dynamical  Matrix in cartesian axes

     q = (    0.530330086  -0.176776695  -0.530330086 ) 

    1    1
  0.06721862   0.00000000    -0.04922579   0.00000000    -0.03190268  -0.00000000
 -0.04922579  -0.00000000     0.15908598  -0.00000000     0.04922579   0.00000000
 -0.03190268  -0.00000000     0.04922579  -0.00000000     0.06721862   0.00000000

     Dynamical  Matrix in cartesian axes

     q = (   -0.530330086  -0.176776695  -0.530330086 ) 

    1    1
  0.06721862   0.00000000     0.04922579  -0.00000000     0.03190268   0.00000000
  0.04922579   0.00000000     0.15908598  -0.00000000     0.04922579   0.00000000
  0.03190268   0.00000000     0.04922579  -0.00000000     0.06721862   0.00000000

     Dynamical  Matrix in cartesian axes

     q = (   -0.530330086  -0.176776695   0.530330086 ) 

    1    1
  0.06721862   0.00000000     0.04922579  -0.00000000    -0.03190268  -0.00000000
  0.04922579   0.00000000     0.15908598  -0.00000000    -0.04922579  -0.00000000
 -0.03190268  -0.00000000    -0.04922579   0.00000000     0.06721862   0.00000000

     Dynamical  Matrix in cartesian axes

     q = (   -0.530330086   0.176776695  -0.530330086 ) 

    1    1
  0.06721862   0.00000000    -0.04922579   0.00000000     0.03190268   0.00000000
 -0.04922579  -0.00000000     0.15908598  -0.00000000    -0.04922579  -0.00000000
  0.03190268   0.00000000    -0.04922579   0.00000000     0.06721862   0.00000000

     Dynamical  Matrix in cartesian axes

     q = (   -0.176776695   0.530330086  -0.530330086 ) 

    1    1
  0.15908598  -0.00000000    -0.04922579  -0.00000000     0.04922579   0.00000000
 -0.04922579   0.00000000     0.06721862   0.00000000    -0.03190268  -0.00000000
  0.04922579  -0.00000000    -0.03190268  -0.00000000     0.06721862   0.00000000

     Dynamical  Matrix in cartesian axes

     q = (   -0.530330086   0.530330086  -0.176776695 ) 

    1    1
  0.06721862   0.00000000    -0.03190268  -0.00000000     0.04922579  -0.00000000
 -0.03190268  -0.00000000     0.06721862   0.00000000    -0.04922579   0.00000000
  0.04922579   0.00000000    -0.04922579  -0.00000000     0.15908598  -0.00000000

     Dynamical  Matrix in cartesian axes

     q = (    0.530330086   0.176776695   0.530330086 ) 

    1    1
  0.06721862   0.00000000     0.04922579  -0.00000000     0.03190268   0.00000000
  0.04922579   0.00000000     0.15908598  -0.00000000     0.04922579   0.00000000
  0.03190268   0.00000000     0.04922579  -0.00000000     0.06721862   0.00000000

     Dynamical  Matrix in cartesian axes

     q = (   -0.530330086   0.176776695   0.530330086 ) 

    1    1
  0.06721862   0.00000000    -0.04922579   0.00000000    -0.03190268  -0.00000000
 -0.04922579  -0.00000000     0.15908598  -0.00000000     0.04922579   0.00000000
 -0.03190268  -0.00000000     0.04922579  -0.00000000     0.06721862   0.00000000

     Dynamical  Matrix in cartesian axes

     q = (    0.530330086   0.176776695  -0.530330086 ) 

    1    1
  0.06721862   0.00000000     0.04922579  -0.00000000    -0.03190268  -0.00000000
  0.04922579   0.00000000     0.15908598  -0.00000000    -0.04922579  -0.00000000
 -0.03190268  -0.00000000    -0.04922579   0.00000000     0.06721862   0.00000000

     Dynamical  Matrix in cartesian axes

     q = (   -0.530330086   0.530330086   0.176776695 ) 

    1    1
  0.06721862   0.00000000    -0.03190268  -0.00000000    -0.04922579   0.00000000
 -0.03190268  -0.00000000     0.06721862   0.00000000     0.04922579  -0.00000000
 -0.04922579  -0.00000000     0.04922579   0.00000000     0.15908598  -0.00000000

     Dynamical  Matrix in cartesian axes

     q = (   -0.176776695   0.530330086   0.530330086 ) 

    1    1
  0.15908598  -0.00000000    -0.04922579  -0.00000000    -0.04922579  -0.00000000
 -0.04922579   0.00000000     0.06721862   0.00000000     0.03190268   0.00000000
 -0.04922579   0.00000000     0.03190268   0.00000000     0.06721862   0.00000000

     Dynamical  Matrix in cartesian axes

     q = (    0.176776695   0.530330086  -0.530330086 ) 

    1    1
  0.15908598  -0.00000000     0.04922579   0.00000000    -0.04922579  -0.00000000
  0.04922579  -0.00000000     0.06721862   0.00000000    -0.03190268  -0.00000000
 -0.04922579   0.00000000    -0.03190268  -0.00000000     0.06721862   0.00000000

     Dynamical  Matrix in cartesian axes

     q = (   -0.176776695  -0.530330086  -0.530330086 ) 

    1    1
  0.15908598  -0.00000000     0.04922579   0.00000000     0.04922579   0.00000000
  0.04922579  -0.00000000     0.06721862   0.00000000     0.03190268   0.00000000
  0.04922579  -0.00000000     0.03190268   0.00000000     0.06721862   0.00000000

     Dynamical  Matrix in cartesian axes

     q = (    0.530330086   0.530330086  -0.176776695 ) 

    1    1
  0.06721862   0.00000000     0.03190268   0.00000000    -0.04922579   0.00000000
  0.03190268   0.00000000     0.06721862   0.00000000    -0.04922579   0.00000000
 -0.04922579  -0.00000000    -0.04922579  -0.00000000     0.15908598  -0.00000000

     Dynamical  Matrix in cartesian axes

     q = (    0.530330086  -0.530330086   0.176776695 ) 

    1    1
  0.06721862   0.00000000    -0.03190268  -0.00000000     0.04922579  -0.00000000
 -0.03190268  -0.00000000     0.06721862   0.00000000    -0.04922579   0.00000000
  0.04922579   0.00000000    -0.04922579  -0.00000000     0.15908598  -0.00000000

     Dynamical  Matrix in cartesian axes

     q = (   -0.530330086  -0.530330086  -0.176776695 ) 

    1    1
  0.06721862   0.00000000     0.03190268   0.00000000     0.04922579  -0.00000000
  0.03190268   0.00000000     0.06721862   0.00000000     0.04922579  -0.00000000
  0.04922579   0.00000000     0.04922579   0.00000000     0.15908598  -0.00000000

     Dynamical  Matrix in cartesian axes

     q = (    0.176776695  -0.530330086   0.530330086 ) 

    1    1
  0.15908598  -0.00000000    -0.04922579  -0.00000000     0.04922579   0.00000000
 -0.04922579   0.00000000     0.06721862   0.00000000    -0.03190268  -0.00000000
  0.04922579  -0.00000000    -0.03190268  -0.00000000     0.06721862   0.00000000

     Dynamical  Matrix in cartesian axes

     q = (   -0.530330086  -0.530330086   0.176776695 ) 

    1    1
  0.06721862   0.00000000     0.03190268   0.00000000    -0.04922579   0.00000000
  0.03190268   0.00000000     0.06721862   0.00000000    -0.04922579   0.00000000
 -0.04922579  -0.00000000    -0.04922579  -0.00000000     0.15908598  -0.00000000

     Dynamical  Matrix in cartesian axes

     q = (    0.176776695   0.530330086   0.530330086 ) 

    1    1
  0.15908598  -0.00000000     0.04922579   0.00000000     0.04922579   0.00000000
  0.04922579  -0.00000000     0.06721862   0.00000000     0.03190268   0.00000000
  0.04922579  -0.00000000     0.03190268   0.00000000     0.06721862   0.00000000

     Dynamical  Matrix in cartesian axes

     q = (   -0.176776695  -0.530330086   0.530330086 ) 

    1    1
  0.15908598  -0.00000000     0.04922579   0.00000000    -0.04922579  -0.00000000
  0.04922579  -0.00000000     0.06721862   0.00000000    -0.03190268  -0.00000000
 -0.04922579   0.00000000    -0.03190268  -0.00000000     0.06721862   0.00000000

     Dynamical  Matrix in cartesian axes

     q = (    0.530330086   0.530330086   0.176776695 ) 

    1    1
  0.06721862   0.00000000     0.03190268   0.00000000     0.04922579  -0.00000000
  0.03190268   0.00000000     0.06721862   0.00000000     0.04922579  -0.00000000
  0.04922579   0.00000000     0.04922579   0.00000000     0.15908598  -0.00000000

     Dynamical  Matrix in cartesian axes

     q = (    0.176776695  -0.530330086  -0.530330086 ) 

    1    1
  0.15908598  -0.00000000    -0.04922579  -0.00000000    -0.04922579  -0.00000000
 -0.04922579   0.00000000     0.06721862   0.00000000     0.03190268   0.00000000
 -0.04922579   0.00000000     0.03190268   0.00000000     0.06721862   0.00000000

     Dynamical  Matrix in cartesian axes

     q = (    0.530330086  -0.530330086  -0.176776695 ) 

    1    1
  0.06721862   0.00000000    -0.03190268  -0.00000000    -0.04922579   0.00000000
 -0.03190268  -0.00000000     0.06721862   0.00000000     0.04922579  -0.00000000
 -0.04922579  -0.00000000     0.04922579   0.00000000     0.15908598  -0.00000000
