  2.500000000000000E-002  0.616022021467486        2.65897376282667     
           8

     Dynamical  Matrix in cartesian axes

     q = (   -0.176776695   0.176776695  -0.176776695 ) 

    1    1
  0.04125036  -0.00000000    -0.03254478  -0.00000000     0.03254478  -0.00000000
 -0.03254478   0.00000000     0.04125036   0.00000000    -0.03254478   0.00000000
  0.03254478  -0.00000000    -0.03254478  -0.00000000     0.04125036   0.00000000

     Dynamical  Matrix in cartesian axes

     q = (    0.176776695  -0.176776695  -0.176776695 ) 

    1    1
  0.04125036   0.00000000    -0.03254478  -0.00000000    -0.03254478  -0.00000000
 -0.03254478  -0.00000000     0.04125036   0.00000000     0.03254478   0.00000000
 -0.03254478  -0.00000000     0.03254478   0.00000000     0.04125036   0.00000000

     Dynamical  Matrix in cartesian axes

     q = (    0.176776695  -0.176776695   0.176776695 ) 

    1    1
  0.04125036   0.00000000    -0.03254478  -0.00000000     0.03254478   0.00000000
 -0.03254478  -0.00000000     0.04125036  -0.00000000    -0.03254478  -0.00000000
  0.03254478   0.00000000    -0.03254478  -0.00000000     0.04125036   0.00000000

     Dynamical  Matrix in cartesian axes

     q = (    0.176776695   0.176776695   0.176776695 ) 

    1    1
  0.04125036   0.00000000     0.03254478   0.00000000     0.03254478   0.00000000
  0.03254478   0.00000000     0.04125036   0.00000000     0.03254478   0.00000000
  0.03254478   0.00000000     0.03254478   0.00000000     0.04125036   0.00000000

     Dynamical  Matrix in cartesian axes

     q = (   -0.176776695  -0.176776695  -0.176776695 ) 

    1    1
  0.04125036   0.00000000     0.03254478   0.00000000     0.03254478   0.00000000
  0.03254478   0.00000000     0.04125036   0.00000000     0.03254478   0.00000000
  0.03254478   0.00000000     0.03254478   0.00000000     0.04125036   0.00000000

     Dynamical  Matrix in cartesian axes

     q = (   -0.176776695  -0.176776695   0.176776695 ) 

    1    1
  0.04125036   0.00000000     0.03254478   0.00000000    -0.03254478  -0.00000000
  0.03254478   0.00000000     0.04125036   0.00000000    -0.03254478  -0.00000000
 -0.03254478  -0.00000000    -0.03254478  -0.00000000     0.04125036   0.00000000

     Dynamical  Matrix in cartesian axes

     q = (   -0.176776695   0.176776695   0.176776695 ) 

    1    1
  0.04125036   0.00000000    -0.03254478  -0.00000000    -0.03254478  -0.00000000
 -0.03254478   0.00000000     0.04125036  -0.00000000     0.03254478   0.00000000
 -0.03254478  -0.00000000     0.03254478   0.00000000     0.04125036   0.00000000

     Dynamical  Matrix in cartesian axes

     q = (    0.176776695   0.176776695  -0.176776695 ) 

    1    1
  0.04125036   0.00000000     0.03254478   0.00000000    -0.03254478  -0.00000000
  0.03254478   0.00000000     0.04125036   0.00000000    -0.03254478  -0.00000000
 -0.03254478  -0.00000000    -0.03254478  -0.00000000     0.04125036   0.00000000
