  5.000000000000000E-003  0.616750286570726        2.77724569394216     
           6

     Dynamical  Matrix in cartesian axes

     q = (   -0.353553391  -0.707106781   0.000000000 ) 

    1    1
  0.01057599  -0.00000000     0.00000000  -0.00000000     0.00000000  -0.00000000
  0.00000000  -0.00000000     0.04893024  -0.00000000     0.00000000  -0.00000000
  0.00000000  -0.00000000     0.00000000  -0.00000000     0.04893024  -0.00000000

     Dynamical  Matrix in cartesian axes

     q = (    0.000000000   0.707106781   0.353553391 ) 

    1    1
  0.04893024  -0.00000000     0.00000000   0.00000000     0.00000000   0.00000000
 -0.00000000   0.00000000     0.04893024  -0.00000000    -0.00000000   0.00000000
  0.00000000  -0.00000000     0.00000000  -0.00000000     0.01057599  -0.00000000

     Dynamical  Matrix in cartesian axes

     q = (    0.000000000  -0.707106781  -0.353553391 ) 

    1    1
  0.04893024  -0.00000000     0.00000000   0.00000000     0.00000000  -0.00000000
  0.00000000   0.00000000     0.04893024  -0.00000000    -0.00000000   0.00000000
  0.00000000   0.00000000     0.00000000   0.00000000     0.01057599  -0.00000000

     Dynamical  Matrix in cartesian axes

     q = (    0.353553391   0.707106781   0.000000000 ) 

    1    1
  0.01057599  -0.00000000     0.00000000   0.00000000     0.00000000  -0.00000000
 -0.00000000   0.00000000     0.04893024  -0.00000000     0.00000000  -0.00000000
  0.00000000   0.00000000     0.00000000  -0.00000000     0.04893024  -0.00000000

     Dynamical  Matrix in cartesian axes

     q = (   -0.707106781  -0.353553391   0.000000000 ) 

    1    1
  0.04893024  -0.00000000     0.00000000   0.00000000    -0.00000000   0.00000000
  0.00000000   0.00000000     0.01057599  -0.00000000    -0.00000000   0.00000000
 -0.00000000   0.00000000    -0.00000000  -0.00000000     0.04893024  -0.00000000

     Dynamical  Matrix in cartesian axes

     q = (    0.000000000  -0.353553391  -0.707106781 ) 

    1    1
  0.04893024  -0.00000000     0.00000000   0.00000000    -0.00000000   0.00000000
  0.00000000  -0.00000000     0.01057599  -0.00000000    -0.00000000  -0.00000000
 -0.00000000   0.00000000    -0.00000000   0.00000000     0.04893024   0.00000000
