  2.000000000000000E-002  0.616178356963108        2.67488257086691     
          12

     Dynamical  Matrix in cartesian axes

     q = (    0.353553391   0.000000000   0.353553391 ) 

    1    1
  0.10135261  -0.00000000     0.00000000  -0.00000000     0.09267158  -0.00000000
  0.00000000   0.00000000     0.06765043   0.00000000     0.00000000   0.00000000
  0.09267158  -0.00000000     0.00000000  -0.00000000     0.10135261  -0.00000000

     Dynamical  Matrix in cartesian axes

     q = (   -0.353553391   0.000000000   0.353553391 ) 

    1    1
  0.10135261  -0.00000000     0.00000000  -0.00000000    -0.09267158   0.00000000
 -0.00000000  -0.00000000     0.06765043  -0.00000000     0.00000000   0.00000000
 -0.09267158  -0.00000000     0.00000000  -0.00000000     0.10135261   0.00000000

     Dynamical  Matrix in cartesian axes

     q = (   -0.353553391   0.000000000  -0.353553391 ) 

    1    1
  0.10135261   0.00000000     0.00000000   0.00000000     0.09267158   0.00000000
  0.00000000   0.00000000     0.06765043   0.00000000     0.00000000   0.00000000
  0.09267158   0.00000000     0.00000000   0.00000000     0.10135261   0.00000000

     Dynamical  Matrix in cartesian axes

     q = (    0.353553391   0.000000000  -0.353553391 ) 

    1    1
  0.10135261   0.00000000     0.00000000  -0.00000000    -0.09267158   0.00000000
 -0.00000000   0.00000000     0.06765043   0.00000000    -0.00000000  -0.00000000
 -0.09267158  -0.00000000     0.00000000   0.00000000     0.10135261  -0.00000000

     Dynamical  Matrix in cartesian axes

     q = (    0.000000000   0.353553391  -0.353553391 ) 

    1    1
  0.06765043   0.00000000     0.00000000   0.00000000     0.00000000  -0.00000000
  0.00000000  -0.00000000     0.10135261   0.00000000    -0.09267158   0.00000000
 -0.00000000   0.00000000    -0.09267158   0.00000000     0.10135261   0.00000000

     Dynamical  Matrix in cartesian axes

     q = (   -0.353553391   0.353553391   0.000000000 ) 

    1    1
  0.10135261   0.00000000    -0.09267158   0.00000000     0.00000000  -0.00000000
 -0.09267158   0.00000000     0.10135261   0.00000000     0.00000000   0.00000000
  0.00000000   0.00000000     0.00000000   0.00000000     0.06765043  -0.00000000

     Dynamical  Matrix in cartesian axes

     q = (    0.000000000   0.353553391   0.353553391 ) 

    1    1
  0.06765043  -0.00000000     0.00000000   0.00000000     0.00000000   0.00000000
 -0.00000000  -0.00000000     0.10135261   0.00000000     0.09267158   0.00000000
  0.00000000  -0.00000000     0.09267158   0.00000000     0.10135261   0.00000000

     Dynamical  Matrix in cartesian axes

     q = (    0.000000000  -0.353553391  -0.353553391 ) 

    1    1
  0.06765043  -0.00000000     0.00000000  -0.00000000    -0.00000000  -0.00000000
 -0.00000000   0.00000000     0.10135261   0.00000000     0.09267158   0.00000000
  0.00000000  -0.00000000     0.09267158  -0.00000000     0.10135261  -0.00000000

     Dynamical  Matrix in cartesian axes

     q = (    0.353553391   0.353553391   0.000000000 ) 

    1    1
  0.10135261   0.00000000     0.09267158   0.00000000     0.00000000   0.00000000
  0.09267158   0.00000000     0.10135261   0.00000000     0.00000000   0.00000000
 -0.00000000   0.00000000    -0.00000000   0.00000000     0.06765043   0.00000000

     Dynamical  Matrix in cartesian axes

     q = (    0.353553391  -0.353553391   0.000000000 ) 

    1    1
  0.10135261   0.00000000    -0.09267158  -0.00000000    -0.00000000   0.00000000
 -0.09267158   0.00000000     0.10135261  -0.00000000     0.00000000   0.00000000
 -0.00000000  -0.00000000     0.00000000   0.00000000     0.06765043  -0.00000000

     Dynamical  Matrix in cartesian axes

     q = (   -0.353553391  -0.353553391   0.000000000 ) 

    1    1
  0.10135261   0.00000000     0.09267158   0.00000000     0.00000000   0.00000000
  0.09267158   0.00000000     0.10135261   0.00000000     0.00000000   0.00000000
  0.00000000   0.00000000     0.00000000   0.00000000     0.06765043   0.00000000

     Dynamical  Matrix in cartesian axes

     q = (    0.000000000  -0.353553391   0.353553391 ) 

    1    1
  0.06765043   0.00000000    -0.00000000   0.00000000     0.00000000   0.00000000
 -0.00000000   0.00000000     0.10135261   0.00000000    -0.09267158   0.00000000
  0.00000000   0.00000000    -0.09267158   0.00000000     0.10135261   0.00000000
