  4.000000000000000E-002  0.615541141275436        2.65008083840365     
           6

     Dynamical  Matrix in cartesian axes

     q = (    0.000000000   0.353553391   0.000000000 ) 

    1    1
  0.02903429  -0.00000000     0.00000000  -0.00000000     0.00000000   0.00000000
  0.00000000   0.00000000     0.15579830   0.00000000    -0.00000000  -0.00000000
  0.00000000  -0.00000000     0.00000000  -0.00000000     0.02903429   0.00000000

     Dynamical  Matrix in cartesian axes

     q = (    0.000000000  -0.353553391   0.000000000 ) 

    1    1
  0.02903429   0.00000000     0.00000000  -0.00000000     0.00000000   0.00000000
  0.00000000   0.00000000     0.15579830   0.00000000     0.00000000  -0.00000000
  0.00000000   0.00000000     0.00000000   0.00000000     0.02903429   0.00000000

     Dynamical  Matrix in cartesian axes

     q = (    0.353553391   0.000000000   0.000000000 ) 

    1    1
  0.15579830   0.00000000     0.00000000   0.00000000    -0.00000000  -0.00000000
  0.00000000   0.00000000     0.02903429   0.00000000     0.00000000  -0.00000000
 -0.00000000   0.00000000     0.00000000   0.00000000     0.02903429  -0.00000000

     Dynamical  Matrix in cartesian axes

     q = (    0.000000000   0.000000000   0.353553391 ) 

    1    1
  0.02903429   0.00000000    -0.00000000   0.00000000     0.00000000   0.00000000
 -0.00000000   0.00000000     0.02903429   0.00000000    -0.00000000   0.00000000
  0.00000000   0.00000000    -0.00000000  -0.00000000     0.15579830   0.00000000

     Dynamical  Matrix in cartesian axes

     q = (    0.000000000   0.000000000  -0.353553391 ) 

    1    1
  0.02903429   0.00000000     0.00000000   0.00000000     0.00000000   0.00000000
  0.00000000   0.00000000     0.02903429  -0.00000000     0.00000000   0.00000000
 -0.00000000   0.00000000    -0.00000000  -0.00000000     0.15579830   0.00000000

     Dynamical  Matrix in cartesian axes

     q = (   -0.353553391   0.000000000   0.000000000 ) 

    1    1
  0.15579830   0.00000000     0.00000000  -0.00000000     0.00000000  -0.00000000
 -0.00000000   0.00000000     0.02903429   0.00000000    -0.00000000  -0.00000000
  0.00000000   0.00000000    -0.00000000   0.00000000     0.02903429  -0.00000000
