  3.500000000000000E-002  0.615697928857687        2.64984280279338     
          12

     Dynamical  Matrix in cartesian axes

     q = (    0.353553391   0.000000000   0.353553391 ) 

    1    1
  0.09275869   0.00000000     0.00000000  -0.00000000     0.08339449   0.00000000
  0.00000000   0.00000000     0.06825471  -0.00000000     0.00000000   0.00000000
  0.08339449   0.00000000     0.00000000  -0.00000000     0.09275869   0.00000000

     Dynamical  Matrix in cartesian axes

     q = (   -0.353553391   0.000000000   0.353553391 ) 

    1    1
  0.09275869   0.00000000     0.00000000   0.00000000    -0.08339449  -0.00000000
 -0.00000000  -0.00000000     0.06825471   0.00000000     0.00000000   0.00000000
 -0.08339449   0.00000000     0.00000000  -0.00000000     0.09275869  -0.00000000

     Dynamical  Matrix in cartesian axes

     q = (   -0.353553391   0.000000000  -0.353553391 ) 

    1    1
  0.09275869   0.00000000     0.00000000   0.00000000     0.08339449   0.00000000
  0.00000000   0.00000000     0.06825471   0.00000000     0.00000000   0.00000000
  0.08339449   0.00000000     0.00000000   0.00000000     0.09275869   0.00000000

     Dynamical  Matrix in cartesian axes

     q = (    0.353553391   0.000000000  -0.353553391 ) 

    1    1
  0.09275869  -0.00000000     0.00000000   0.00000000    -0.08339449  -0.00000000
 -0.00000000   0.00000000     0.06825471   0.00000000     0.00000000  -0.00000000
 -0.08339449   0.00000000     0.00000000  -0.00000000     0.09275869   0.00000000

     Dynamical  Matrix in cartesian axes

     q = (    0.000000000   0.353553391  -0.353553391 ) 

    1    1
  0.06825471   0.00000000     0.00000000   0.00000000     0.00000000  -0.00000000
  0.00000000  -0.00000000     0.09275869   0.00000000    -0.08339449   0.00000000
  0.00000000   0.00000000    -0.08339449   0.00000000     0.09275869   0.00000000

     Dynamical  Matrix in cartesian axes

     q = (   -0.353553391   0.353553391   0.000000000 ) 

    1    1
  0.09275869   0.00000000    -0.08339449   0.00000000    -0.00000000   0.00000000
 -0.08339449   0.00000000     0.09275869   0.00000000     0.00000000  -0.00000000
 -0.00000000   0.00000000     0.00000000   0.00000000     0.06825471   0.00000000

     Dynamical  Matrix in cartesian axes

     q = (    0.000000000   0.353553391   0.353553391 ) 

    1    1
  0.06825471   0.00000000    -0.00000000   0.00000000    -0.00000000   0.00000000
 -0.00000000   0.00000000     0.09275869   0.00000000     0.08339449   0.00000000
 -0.00000000   0.00000000     0.08339449   0.00000000     0.09275869   0.00000000

     Dynamical  Matrix in cartesian axes

     q = (    0.000000000  -0.353553391  -0.353553391 ) 

    1    1
  0.06825471   0.00000000    -0.00000000  -0.00000000    -0.00000000  -0.00000000
 -0.00000000   0.00000000     0.09275869  -0.00000000     0.08339449  -0.00000000
 -0.00000000   0.00000000     0.08339449   0.00000000     0.09275869   0.00000000

     Dynamical  Matrix in cartesian axes

     q = (    0.353553391   0.353553391   0.000000000 ) 

    1    1
  0.09275869   0.00000000     0.08339449   0.00000000     0.00000000   0.00000000
  0.08339449   0.00000000     0.09275869   0.00000000     0.00000000   0.00000000
 -0.00000000   0.00000000    -0.00000000   0.00000000     0.06825471   0.00000000

     Dynamical  Matrix in cartesian axes

     q = (    0.353553391  -0.353553391   0.000000000 ) 

    1    1
  0.09275869  -0.00000000    -0.08339449   0.00000000    -0.00000000   0.00000000
 -0.08339449  -0.00000000     0.09275869   0.00000000     0.00000000  -0.00000000
 -0.00000000  -0.00000000     0.00000000   0.00000000     0.06825471   0.00000000

     Dynamical  Matrix in cartesian axes

     q = (   -0.353553391  -0.353553391   0.000000000 ) 

    1    1
  0.09275869   0.00000000     0.08339449   0.00000000     0.00000000   0.00000000
  0.08339449   0.00000000     0.09275869   0.00000000    -0.00000000   0.00000000
 -0.00000000   0.00000000    -0.00000000   0.00000000     0.06825471   0.00000000

     Dynamical  Matrix in cartesian axes

     q = (    0.000000000  -0.353553391   0.353553391 ) 

    1    1
  0.06825471   0.00000000     0.00000000   0.00000000     0.00000000   0.00000000
  0.00000000   0.00000000     0.09275869   0.00000000    -0.08339449   0.00000000
  0.00000000   0.00000000    -0.08339449   0.00000000     0.09275869   0.00000000
