  3.000000000000000E-002  0.615859883586757        2.65203849886636     
           4

     Dynamical  Matrix in cartesian axes

     q = (    0.353553391  -0.353553391   0.353553391 ) 

    1    1
  0.08287041   0.00000000    -0.05991691   0.00000000     0.05991691   0.00000000
 -0.05991691   0.00000000     0.08287041   0.00000000    -0.05991691   0.00000000
  0.05991691   0.00000000    -0.05991691   0.00000000     0.08287041   0.00000000

     Dynamical  Matrix in cartesian axes

     q = (    0.353553391   0.353553391   0.353553391 ) 

    1    1
  0.08287041   0.00000000     0.05991691   0.00000000     0.05991691   0.00000000
  0.05991691   0.00000000     0.08287041   0.00000000     0.05991691   0.00000000
  0.05991691   0.00000000     0.05991691   0.00000000     0.08287041   0.00000000

     Dynamical  Matrix in cartesian axes

     q = (   -0.353553391   0.353553391   0.353553391 ) 

    1    1
  0.08287041   0.00000000    -0.05991691   0.00000000    -0.05991691   0.00000000
 -0.05991691   0.00000000     0.08287041   0.00000000     0.05991691   0.00000000
 -0.05991691   0.00000000     0.05991691   0.00000000     0.08287041   0.00000000

     Dynamical  Matrix in cartesian axes

     q = (    0.353553391   0.353553391  -0.353553391 ) 

    1    1
  0.08287041   0.00000000     0.05991691   0.00000000    -0.05991691   0.00000000
  0.05991691   0.00000000     0.08287041   0.00000000    -0.05991691   0.00000000
 -0.05991691   0.00000000    -0.05991691   0.00000000     0.08287041   0.00000000
