  1.500000000000000E-002  0.616331713733575        2.70296664197613     
          24

     Dynamical  Matrix in cartesian axes

     q = (    0.530330086  -0.176776695   0.530330086 ) 

    1    1
  0.07154514  -0.00000000    -0.04940067  -0.00000000     0.03557180  -0.00000000
 -0.04940067   0.00000000     0.15021995   0.00000000    -0.04940067   0.00000000
  0.03557180  -0.00000000    -0.04940067  -0.00000000     0.07154514  -0.00000000

     Dynamical  Matrix in cartesian axes

     q = (    0.530330086  -0.176776695  -0.530330086 ) 

    1    1
  0.07154514  -0.00000000    -0.04940067  -0.00000000    -0.03557180   0.00000000
 -0.04940067   0.00000000     0.15021995   0.00000000     0.04940067   0.00000000
 -0.03557180   0.00000000     0.04940067   0.00000000     0.07154514  -0.00000000

     Dynamical  Matrix in cartesian axes

     q = (   -0.530330086  -0.176776695  -0.530330086 ) 

    1    1
  0.07154514  -0.00000000     0.04940067   0.00000000     0.03557180  -0.00000000
  0.04940067  -0.00000000     0.15021995   0.00000000     0.04940067  -0.00000000
  0.03557180  -0.00000000     0.04940067   0.00000000     0.07154514  -0.00000000

     Dynamical  Matrix in cartesian axes

     q = (   -0.530330086  -0.176776695   0.530330086 ) 

    1    1
  0.07154514  -0.00000000     0.04940067   0.00000000    -0.03557180   0.00000000
  0.04940067   0.00000000     0.15021995   0.00000000    -0.04940067   0.00000000
 -0.03557180   0.00000000    -0.04940067  -0.00000000     0.07154514  -0.00000000

     Dynamical  Matrix in cartesian axes

     q = (   -0.530330086   0.176776695  -0.530330086 ) 

    1    1
  0.07154514  -0.00000000    -0.04940067  -0.00000000     0.03557180  -0.00000000
 -0.04940067   0.00000000     0.15021995   0.00000000    -0.04940067   0.00000000
  0.03557180  -0.00000000    -0.04940067  -0.00000000     0.07154514  -0.00000000

     Dynamical  Matrix in cartesian axes

     q = (   -0.176776695   0.530330086  -0.530330086 ) 

    1    1
  0.15021995   0.00000000    -0.04940067   0.00000000     0.04940067  -0.00000000
 -0.04940067  -0.00000000     0.07154514  -0.00000000    -0.03557180   0.00000000
  0.04940067   0.00000000    -0.03557180   0.00000000     0.07154514  -0.00000000

     Dynamical  Matrix in cartesian axes

     q = (   -0.530330086   0.530330086  -0.176776695 ) 

    1    1
  0.07154514  -0.00000000    -0.03557180   0.00000000     0.04940067   0.00000000
 -0.03557180   0.00000000     0.07154514  -0.00000000    -0.04940067  -0.00000000
  0.04940067   0.00000000    -0.04940067   0.00000000     0.15021995   0.00000000

     Dynamical  Matrix in cartesian axes

     q = (    0.530330086   0.176776695   0.530330086 ) 

    1    1
  0.07154514  -0.00000000     0.04940067   0.00000000     0.03557180  -0.00000000
  0.04940067  -0.00000000     0.15021995   0.00000000     0.04940067  -0.00000000
  0.03557180  -0.00000000     0.04940067   0.00000000     0.07154514  -0.00000000

     Dynamical  Matrix in cartesian axes

     q = (   -0.530330086   0.176776695   0.530330086 ) 

    1    1
  0.07154514  -0.00000000    -0.04940067  -0.00000000    -0.03557180   0.00000000
 -0.04940067   0.00000000     0.15021995   0.00000000     0.04940067   0.00000000
 -0.03557180   0.00000000     0.04940067   0.00000000     0.07154514  -0.00000000

     Dynamical  Matrix in cartesian axes

     q = (    0.530330086   0.176776695  -0.530330086 ) 

    1    1
  0.07154514  -0.00000000     0.04940067   0.00000000    -0.03557180   0.00000000
  0.04940067   0.00000000     0.15021995   0.00000000    -0.04940067   0.00000000
 -0.03557180   0.00000000    -0.04940067  -0.00000000     0.07154514  -0.00000000

     Dynamical  Matrix in cartesian axes

     q = (   -0.530330086   0.530330086   0.176776695 ) 

    1    1
  0.07154514  -0.00000000    -0.03557180   0.00000000    -0.04940067  -0.00000000
 -0.03557180   0.00000000     0.07154514  -0.00000000     0.04940067   0.00000000
 -0.04940067   0.00000000     0.04940067   0.00000000     0.15021995   0.00000000

     Dynamical  Matrix in cartesian axes

     q = (   -0.176776695   0.530330086   0.530330086 ) 

    1    1
  0.15021995   0.00000000    -0.04940067   0.00000000    -0.04940067   0.00000000
 -0.04940067  -0.00000000     0.07154514  -0.00000000     0.03557180  -0.00000000
 -0.04940067  -0.00000000     0.03557180  -0.00000000     0.07154514  -0.00000000

     Dynamical  Matrix in cartesian axes

     q = (    0.176776695   0.530330086  -0.530330086 ) 

    1    1
  0.15021995   0.00000000     0.04940067  -0.00000000    -0.04940067   0.00000000
  0.04940067   0.00000000     0.07154514  -0.00000000    -0.03557180   0.00000000
 -0.04940067  -0.00000000    -0.03557180   0.00000000     0.07154514  -0.00000000

     Dynamical  Matrix in cartesian axes

     q = (   -0.176776695  -0.530330086  -0.530330086 ) 

    1    1
  0.15021995   0.00000000     0.04940067  -0.00000000     0.04940067   0.00000000
  0.04940067   0.00000000     0.07154514  -0.00000000     0.03557180  -0.00000000
  0.04940067   0.00000000     0.03557180  -0.00000000     0.07154514  -0.00000000

     Dynamical  Matrix in cartesian axes

     q = (    0.530330086   0.530330086  -0.176776695 ) 

    1    1
  0.07154514  -0.00000000     0.03557180  -0.00000000    -0.04940067  -0.00000000
  0.03557180  -0.00000000     0.07154514  -0.00000000    -0.04940067  -0.00000000
 -0.04940067   0.00000000    -0.04940067   0.00000000     0.15021995   0.00000000

     Dynamical  Matrix in cartesian axes

     q = (    0.530330086  -0.530330086   0.176776695 ) 

    1    1
  0.07154514  -0.00000000    -0.03557180   0.00000000     0.04940067   0.00000000
 -0.03557180   0.00000000     0.07154514  -0.00000000    -0.04940067  -0.00000000
  0.04940067   0.00000000    -0.04940067   0.00000000     0.15021995   0.00000000

     Dynamical  Matrix in cartesian axes

     q = (   -0.530330086  -0.530330086  -0.176776695 ) 

    1    1
  0.07154514  -0.00000000     0.03557180  -0.00000000     0.04940067   0.00000000
  0.03557180  -0.00000000     0.07154514  -0.00000000     0.04940067   0.00000000
  0.04940067  -0.00000000     0.04940067  -0.00000000     0.15021995   0.00000000

     Dynamical  Matrix in cartesian axes

     q = (    0.176776695  -0.530330086   0.530330086 ) 

    1    1
  0.15021995   0.00000000    -0.04940067   0.00000000     0.04940067  -0.00000000
 -0.04940067  -0.00000000     0.07154514  -0.00000000    -0.03557180   0.00000000
  0.04940067   0.00000000    -0.03557180   0.00000000     0.07154514  -0.00000000

     Dynamical  Matrix in cartesian axes

     q = (   -0.530330086  -0.530330086   0.176776695 ) 

    1    1
  0.07154514  -0.00000000     0.03557180  -0.00000000    -0.04940067  -0.00000000
  0.03557180  -0.00000000     0.07154514  -0.00000000    -0.04940067  -0.00000000
 -0.04940067   0.00000000    -0.04940067   0.00000000     0.15021995   0.00000000

     Dynamical  Matrix in cartesian axes

     q = (    0.176776695   0.530330086   0.530330086 ) 

    1    1
  0.15021995   0.00000000     0.04940067  -0.00000000     0.04940067   0.00000000
  0.04940067   0.00000000     0.07154514  -0.00000000     0.03557180  -0.00000000
  0.04940067   0.00000000     0.03557180  -0.00000000     0.07154514  -0.00000000

     Dynamical  Matrix in cartesian axes

     q = (   -0.176776695  -0.530330086   0.530330086 ) 

    1    1
  0.15021995   0.00000000     0.04940067  -0.00000000    -0.04940067   0.00000000
  0.04940067   0.00000000     0.07154514  -0.00000000    -0.03557180   0.00000000
 -0.04940067  -0.00000000    -0.03557180   0.00000000     0.07154514  -0.00000000

     Dynamical  Matrix in cartesian axes

     q = (    0.530330086   0.530330086   0.176776695 ) 

    1    1
  0.07154514  -0.00000000     0.03557180  -0.00000000     0.04940067   0.00000000
  0.03557180  -0.00000000     0.07154514  -0.00000000     0.04940067   0.00000000
  0.04940067  -0.00000000     0.04940067  -0.00000000     0.15021995   0.00000000

     Dynamical  Matrix in cartesian axes

     q = (    0.176776695  -0.530330086  -0.530330086 ) 

    1    1
  0.15021995   0.00000000    -0.04940067   0.00000000    -0.04940067   0.00000000
 -0.04940067  -0.00000000     0.07154514  -0.00000000     0.03557180  -0.00000000
 -0.04940067  -0.00000000     0.03557180  -0.00000000     0.07154514  -0.00000000

     Dynamical  Matrix in cartesian axes

     q = (    0.530330086  -0.530330086  -0.176776695 ) 

    1    1
  0.07154514  -0.00000000    -0.03557180   0.00000000    -0.04940067  -0.00000000
 -0.03557180   0.00000000     0.07154514  -0.00000000     0.04940067   0.00000000
 -0.04940067   0.00000000     0.04940067   0.00000000     0.15021995   0.00000000
