  3.000000000000000E-002  0.615859883586757        2.65203849886636     
           6

     Dynamical  Matrix in cartesian axes

     q = (    0.000000000   0.353553391   0.000000000 ) 

    1    1
  0.02665189  -0.00000000     0.00000000  -0.00000000     0.00000000   0.00000000
 -0.00000000   0.00000000     0.15520956  -0.00000000     0.00000000   0.00000000
  0.00000000  -0.00000000     0.00000000  -0.00000000     0.02665189   0.00000000

     Dynamical  Matrix in cartesian axes

     q = (    0.000000000  -0.353553391   0.000000000 ) 

    1    1
  0.02665189   0.00000000     0.00000000   0.00000000    -0.00000000   0.00000000
 -0.00000000  -0.00000000     0.15520956   0.00000000     0.00000000   0.00000000
 -0.00000000   0.00000000     0.00000000  -0.00000000     0.02665189   0.00000000

     Dynamical  Matrix in cartesian axes

     q = (    0.353553391   0.000000000   0.000000000 ) 

    1    1
  0.15520956  -0.00000000     0.00000000   0.00000000    -0.00000000  -0.00000000
  0.00000000  -0.00000000     0.02665189   0.00000000     0.00000000  -0.00000000
 -0.00000000  -0.00000000     0.00000000   0.00000000     0.02665189  -0.00000000

     Dynamical  Matrix in cartesian axes

     q = (    0.000000000   0.000000000   0.353553391 ) 

    1    1
  0.02665189  -0.00000000     0.00000000   0.00000000    -0.00000000  -0.00000000
  0.00000000  -0.00000000     0.02665189   0.00000000    -0.00000000  -0.00000000
  0.00000000   0.00000000     0.00000000   0.00000000     0.15520956  -0.00000000

     Dynamical  Matrix in cartesian axes

     q = (    0.000000000   0.000000000  -0.353553391 ) 

    1    1
  0.02665189   0.00000000     0.00000000   0.00000000    -0.00000000  -0.00000000
  0.00000000  -0.00000000     0.02665189  -0.00000000    -0.00000000  -0.00000000
 -0.00000000   0.00000000    -0.00000000   0.00000000     0.15520956  -0.00000000

     Dynamical  Matrix in cartesian axes

     q = (   -0.353553391   0.000000000   0.000000000 ) 

    1    1
  0.15520956  -0.00000000    -0.00000000   0.00000000     0.00000000   0.00000000
 -0.00000000  -0.00000000     0.02665189   0.00000000    -0.00000000  -0.00000000
  0.00000000  -0.00000000    -0.00000000   0.00000000     0.02665189   0.00000000
