  3.000000000000000E-002  0.615859883586757        2.65203849886636     
           8

     Dynamical  Matrix in cartesian axes

     q = (   -0.176776695   0.176776695  -0.176776695 ) 

    1    1
  0.04217183  -0.00000000    -0.03343978  -0.00000000     0.03343978  -0.00000000
 -0.03343978   0.00000000     0.04217183   0.00000000    -0.03343978   0.00000000
  0.03343978  -0.00000000    -0.03343978  -0.00000000     0.04217183  -0.00000000

     Dynamical  Matrix in cartesian axes

     q = (    0.176776695  -0.176776695  -0.176776695 ) 

    1    1
  0.04217183   0.00000000    -0.03343978  -0.00000000    -0.03343978  -0.00000000
 -0.03343978  -0.00000000     0.04217183   0.00000000     0.03343978   0.00000000
 -0.03343978  -0.00000000     0.03343978   0.00000000     0.04217183   0.00000000

     Dynamical  Matrix in cartesian axes

     q = (    0.176776695  -0.176776695   0.176776695 ) 

    1    1
  0.04217183   0.00000000    -0.03343978  -0.00000000     0.03343978   0.00000000
 -0.03343978  -0.00000000     0.04217183   0.00000000    -0.03343978  -0.00000000
  0.03343978   0.00000000    -0.03343978  -0.00000000     0.04217183   0.00000000

     Dynamical  Matrix in cartesian axes

     q = (    0.176776695   0.176776695   0.176776695 ) 

    1    1
  0.04217183   0.00000000     0.03343978   0.00000000     0.03343978  -0.00000000
  0.03343978   0.00000000     0.04217183   0.00000000     0.03343978  -0.00000000
  0.03343978   0.00000000     0.03343978   0.00000000     0.04217183  -0.00000000

     Dynamical  Matrix in cartesian axes

     q = (   -0.176776695  -0.176776695  -0.176776695 ) 

    1    1
  0.04217183   0.00000000     0.03343978   0.00000000     0.03343978  -0.00000000
  0.03343978   0.00000000     0.04217183   0.00000000     0.03343978  -0.00000000
  0.03343978   0.00000000     0.03343978   0.00000000     0.04217183  -0.00000000

     Dynamical  Matrix in cartesian axes

     q = (   -0.176776695  -0.176776695   0.176776695 ) 

    1    1
  0.04217183  -0.00000000     0.03343978   0.00000000    -0.03343978  -0.00000000
  0.03343978  -0.00000000     0.04217183   0.00000000    -0.03343978  -0.00000000
 -0.03343978   0.00000000    -0.03343978  -0.00000000     0.04217183   0.00000000

     Dynamical  Matrix in cartesian axes

     q = (   -0.176776695   0.176776695   0.176776695 ) 

    1    1
  0.04217183  -0.00000000    -0.03343978   0.00000000    -0.03343978  -0.00000000
 -0.03343978  -0.00000000     0.04217183   0.00000000     0.03343978  -0.00000000
 -0.03343978  -0.00000000     0.03343978   0.00000000     0.04217183  -0.00000000

     Dynamical  Matrix in cartesian axes

     q = (    0.176776695   0.176776695  -0.176776695 ) 

    1    1
  0.04217183   0.00000000     0.03343978  -0.00000000    -0.03343978   0.00000000
  0.03343978   0.00000000     0.04217183  -0.00000000    -0.03343978   0.00000000
 -0.03343978  -0.00000000    -0.03343978   0.00000000     0.04217183  -0.00000000
