  4.000000000000000E-002  0.615541141275436        2.65008083840365     
          12

     Dynamical  Matrix in cartesian axes

     q = (    0.353553391   0.000000000   0.353553391 ) 

    1    1
  0.09153770   0.00000000     0.00000000   0.00000000     0.08193711   0.00000000
  0.00000000   0.00000000     0.06867685   0.00000000     0.00000000   0.00000000
  0.08193711   0.00000000     0.00000000   0.00000000     0.09153770   0.00000000

     Dynamical  Matrix in cartesian axes

     q = (   -0.353553391   0.000000000   0.353553391 ) 

    1    1
  0.09153770   0.00000000    -0.00000000   0.00000000    -0.08193711   0.00000000
 -0.00000000   0.00000000     0.06867685   0.00000000     0.00000000   0.00000000
 -0.08193711   0.00000000     0.00000000   0.00000000     0.09153770   0.00000000

     Dynamical  Matrix in cartesian axes

     q = (   -0.353553391   0.000000000  -0.353553391 ) 

    1    1
  0.09153770   0.00000000     0.00000000   0.00000000     0.08193711   0.00000000
  0.00000000   0.00000000     0.06867685   0.00000000     0.00000000   0.00000000
  0.08193711   0.00000000     0.00000000   0.00000000     0.09153770   0.00000000

     Dynamical  Matrix in cartesian axes

     q = (    0.353553391   0.000000000  -0.353553391 ) 

    1    1
  0.09153770   0.00000000    -0.00000000   0.00000000    -0.08193711   0.00000000
 -0.00000000   0.00000000     0.06867685   0.00000000     0.00000000   0.00000000
 -0.08193711   0.00000000     0.00000000   0.00000000     0.09153770   0.00000000

     Dynamical  Matrix in cartesian axes

     q = (    0.000000000   0.353553391  -0.353553391 ) 

    1    1
  0.06867685   0.00000000     0.00000000   0.00000000     0.00000000   0.00000000
  0.00000000   0.00000000     0.09153770   0.00000000    -0.08193711   0.00000000
  0.00000000   0.00000000    -0.08193711   0.00000000     0.09153770   0.00000000

     Dynamical  Matrix in cartesian axes

     q = (   -0.353553391   0.353553391   0.000000000 ) 

    1    1
  0.09153770   0.00000000    -0.08193711   0.00000000    -0.00000000   0.00000000
 -0.08193711   0.00000000     0.09153770   0.00000000     0.00000000   0.00000000
  0.00000000   0.00000000     0.00000000   0.00000000     0.06867685   0.00000000

     Dynamical  Matrix in cartesian axes

     q = (    0.000000000   0.353553391   0.353553391 ) 

    1    1
  0.06867685   0.00000000    -0.00000000   0.00000000    -0.00000000   0.00000000
 -0.00000000   0.00000000     0.09153770   0.00000000     0.08193711   0.00000000
  0.00000000   0.00000000     0.08193711   0.00000000     0.09153770   0.00000000

     Dynamical  Matrix in cartesian axes

     q = (    0.000000000  -0.353553391  -0.353553391 ) 

    1    1
  0.06867685   0.00000000    -0.00000000   0.00000000    -0.00000000   0.00000000
 -0.00000000   0.00000000     0.09153770   0.00000000     0.08193711   0.00000000
 -0.00000000   0.00000000     0.08193711   0.00000000     0.09153770   0.00000000

     Dynamical  Matrix in cartesian axes

     q = (    0.353553391   0.353553391   0.000000000 ) 

    1    1
  0.09153770   0.00000000     0.08193711   0.00000000     0.00000000   0.00000000
  0.08193711   0.00000000     0.09153770   0.00000000    -0.00000000   0.00000000
  0.00000000   0.00000000    -0.00000000   0.00000000     0.06867685   0.00000000

     Dynamical  Matrix in cartesian axes

     q = (    0.353553391  -0.353553391   0.000000000 ) 

    1    1
  0.09153770   0.00000000    -0.08193711   0.00000000    -0.00000000   0.00000000
 -0.08193711   0.00000000     0.09153770   0.00000000     0.00000000   0.00000000
 -0.00000000   0.00000000     0.00000000   0.00000000     0.06867685   0.00000000

     Dynamical  Matrix in cartesian axes

     q = (   -0.353553391  -0.353553391   0.000000000 ) 

    1    1
  0.09153770   0.00000000     0.08193711   0.00000000     0.00000000   0.00000000
  0.08193711   0.00000000     0.09153770   0.00000000    -0.00000000   0.00000000
  0.00000000   0.00000000    -0.00000000   0.00000000     0.06867685   0.00000000

     Dynamical  Matrix in cartesian axes

     q = (    0.000000000  -0.353553391   0.353553391 ) 

    1    1
  0.06867685   0.00000000     0.00000000   0.00000000     0.00000000   0.00000000
  0.00000000   0.00000000     0.09153770   0.00000000    -0.08193711   0.00000000
  0.00000000   0.00000000    -0.08193711   0.00000000     0.09153770   0.00000000
