  2.000000000000000E-002  0.616178356963108        2.67488257086691     
           8

     Dynamical  Matrix in cartesian axes

     q = (   -0.176776695   0.176776695  -0.176776695 ) 

    1    1
  0.04201697  -0.00000000    -0.03313921   0.00000000     0.03313921  -0.00000000
 -0.03313921  -0.00000000     0.04201697   0.00000000    -0.03313921  -0.00000000
  0.03313921  -0.00000000    -0.03313921  -0.00000000     0.04201697   0.00000000

     Dynamical  Matrix in cartesian axes

     q = (    0.176776695  -0.176776695  -0.176776695 ) 

    1    1
  0.04201697  -0.00000000    -0.03313921  -0.00000000    -0.03313921  -0.00000000
 -0.03313921  -0.00000000     0.04201697  -0.00000000     0.03313921   0.00000000
 -0.03313921  -0.00000000     0.03313921   0.00000000     0.04201697  -0.00000000

     Dynamical  Matrix in cartesian axes

     q = (    0.176776695  -0.176776695   0.176776695 ) 

    1    1
  0.04201697  -0.00000000    -0.03313921  -0.00000000     0.03313921  -0.00000000
 -0.03313921  -0.00000000     0.04201697  -0.00000000    -0.03313921  -0.00000000
  0.03313921   0.00000000    -0.03313921   0.00000000     0.04201697  -0.00000000

     Dynamical  Matrix in cartesian axes

     q = (    0.176776695   0.176776695   0.176776695 ) 

    1    1
  0.04201697   0.00000000     0.03313921   0.00000000     0.03313921  -0.00000000
  0.03313921   0.00000000     0.04201697   0.00000000     0.03313921  -0.00000000
  0.03313921   0.00000000     0.03313921   0.00000000     0.04201697  -0.00000000

     Dynamical  Matrix in cartesian axes

     q = (   -0.176776695  -0.176776695  -0.176776695 ) 

    1    1
  0.04201697   0.00000000     0.03313921   0.00000000     0.03313921  -0.00000000
  0.03313921   0.00000000     0.04201697   0.00000000     0.03313921   0.00000000
  0.03313921  -0.00000000     0.03313921  -0.00000000     0.04201697  -0.00000000

     Dynamical  Matrix in cartesian axes

     q = (   -0.176776695  -0.176776695   0.176776695 ) 

    1    1
  0.04201697  -0.00000000     0.03313921   0.00000000    -0.03313921  -0.00000000
  0.03313921  -0.00000000     0.04201697   0.00000000    -0.03313921  -0.00000000
 -0.03313921   0.00000000    -0.03313921  -0.00000000     0.04201697   0.00000000

     Dynamical  Matrix in cartesian axes

     q = (   -0.176776695   0.176776695   0.176776695 ) 

    1    1
  0.04201697  -0.00000000    -0.03313921  -0.00000000    -0.03313921  -0.00000000
 -0.03313921  -0.00000000     0.04201697  -0.00000000     0.03313921   0.00000000
 -0.03313921  -0.00000000     0.03313921   0.00000000     0.04201697  -0.00000000

     Dynamical  Matrix in cartesian axes

     q = (    0.176776695   0.176776695  -0.176776695 ) 

    1    1
  0.04201697  -0.00000000     0.03313921   0.00000000    -0.03313921  -0.00000000
  0.03313921  -0.00000000     0.04201697  -0.00000000    -0.03313921  -0.00000000
 -0.03313921  -0.00000000    -0.03313921   0.00000000     0.04201697  -0.00000000
