  1.000000000000000E-002  0.616500735846015        2.72833574127014     
          12

     Dynamical  Matrix in cartesian axes

     q = (    0.353553391   0.000000000   0.353553391 ) 

    1    1
  0.10528944   0.00000000     0.00000000   0.00000000     0.09691879   0.00000000
  0.00000000  -0.00000000     0.06743926  -0.00000000     0.00000000  -0.00000000
  0.09691879   0.00000000     0.00000000   0.00000000     0.10528944   0.00000000

     Dynamical  Matrix in cartesian axes

     q = (   -0.353553391   0.000000000   0.353553391 ) 

    1    1
  0.10528944   0.00000000     0.00000000   0.00000000    -0.09691879  -0.00000000
  0.00000000   0.00000000     0.06743926   0.00000000    -0.00000000  -0.00000000
 -0.09691879   0.00000000    -0.00000000   0.00000000     0.10528944  -0.00000000

     Dynamical  Matrix in cartesian axes

     q = (   -0.353553391   0.000000000  -0.353553391 ) 

    1    1
  0.10528944   0.00000000     0.00000000   0.00000000     0.09691879   0.00000000
  0.00000000   0.00000000     0.06743926   0.00000000     0.00000000   0.00000000
  0.09691879   0.00000000     0.00000000   0.00000000     0.10528944   0.00000000

     Dynamical  Matrix in cartesian axes

     q = (    0.353553391   0.000000000  -0.353553391 ) 

    1    1
  0.10528944  -0.00000000     0.00000000   0.00000000    -0.09691879  -0.00000000
  0.00000000  -0.00000000     0.06743926  -0.00000000     0.00000000   0.00000000
 -0.09691879   0.00000000     0.00000000  -0.00000000     0.10528944   0.00000000

     Dynamical  Matrix in cartesian axes

     q = (    0.000000000   0.353553391  -0.353553391 ) 

    1    1
  0.06743926   0.00000000     0.00000000  -0.00000000    -0.00000000   0.00000000
  0.00000000   0.00000000     0.10528944   0.00000000    -0.09691879   0.00000000
 -0.00000000  -0.00000000    -0.09691879   0.00000000     0.10528944   0.00000000

     Dynamical  Matrix in cartesian axes

     q = (   -0.353553391   0.353553391   0.000000000 ) 

    1    1
  0.10528944   0.00000000    -0.09691879   0.00000000     0.00000000   0.00000000
 -0.09691879   0.00000000     0.10528944   0.00000000     0.00000000  -0.00000000
  0.00000000   0.00000000     0.00000000   0.00000000     0.06743926   0.00000000

     Dynamical  Matrix in cartesian axes

     q = (    0.000000000   0.353553391   0.353553391 ) 

    1    1
  0.06743926   0.00000000     0.00000000   0.00000000     0.00000000   0.00000000
 -0.00000000   0.00000000     0.10528944   0.00000000     0.09691879   0.00000000
  0.00000000   0.00000000     0.09691879   0.00000000     0.10528944   0.00000000

     Dynamical  Matrix in cartesian axes

     q = (    0.000000000  -0.353553391  -0.353553391 ) 

    1    1
  0.06743926   0.00000000     0.00000000   0.00000000     0.00000000   0.00000000
  0.00000000  -0.00000000     0.10528944  -0.00000000     0.09691879  -0.00000000
  0.00000000   0.00000000     0.09691879   0.00000000     0.10528944   0.00000000

     Dynamical  Matrix in cartesian axes

     q = (    0.353553391   0.353553391   0.000000000 ) 

    1    1
  0.10528944   0.00000000     0.09691879   0.00000000    -0.00000000   0.00000000
  0.09691879   0.00000000     0.10528944   0.00000000    -0.00000000   0.00000000
  0.00000000   0.00000000     0.00000000   0.00000000     0.06743926   0.00000000

     Dynamical  Matrix in cartesian axes

     q = (    0.353553391  -0.353553391   0.000000000 ) 

    1    1
  0.10528944  -0.00000000    -0.09691879   0.00000000     0.00000000  -0.00000000
 -0.09691879  -0.00000000     0.10528944   0.00000000     0.00000000  -0.00000000
  0.00000000   0.00000000     0.00000000  -0.00000000     0.06743926   0.00000000

     Dynamical  Matrix in cartesian axes

     q = (   -0.353553391  -0.353553391   0.000000000 ) 

    1    1
  0.10528944   0.00000000     0.09691879   0.00000000    -0.00000000   0.00000000
  0.09691879   0.00000000     0.10528944   0.00000000    -0.00000000   0.00000000
 -0.00000000   0.00000000    -0.00000000   0.00000000     0.06743926   0.00000000

     Dynamical  Matrix in cartesian axes

     q = (    0.000000000  -0.353553391   0.353553391 ) 

    1    1
  0.06743926   0.00000000     0.00000000   0.00000000    -0.00000000   0.00000000
  0.00000000   0.00000000     0.10528944   0.00000000    -0.09691879   0.00000000
  0.00000000   0.00000000    -0.09691879   0.00000000     0.10528944   0.00000000
