  3.500000000000000E-002  0.615697928857687        2.64984280279338     
          24

     Dynamical  Matrix in cartesian axes

     q = (    0.530330086  -0.176776695   0.530330086 ) 

    1    1
  0.06794462  -0.00000000    -0.04949018   0.00000000     0.03205310  -0.00000000
 -0.04949018   0.00000000     0.15721321  -0.00000000    -0.04949018   0.00000000
  0.03205310  -0.00000000    -0.04949018   0.00000000     0.06794462  -0.00000000

     Dynamical  Matrix in cartesian axes

     q = (    0.530330086  -0.176776695  -0.530330086 ) 

    1    1
  0.06794462  -0.00000000    -0.04949018   0.00000000    -0.03205310  -0.00000000
 -0.04949018   0.00000000     0.15721321  -0.00000000     0.04949018   0.00000000
 -0.03205310  -0.00000000     0.04949018   0.00000000     0.06794462  -0.00000000

     Dynamical  Matrix in cartesian axes

     q = (   -0.530330086  -0.176776695  -0.530330086 ) 

    1    1
  0.06794462  -0.00000000     0.04949018  -0.00000000     0.03205310  -0.00000000
  0.04949018  -0.00000000     0.15721321  -0.00000000     0.04949018  -0.00000000
  0.03205310  -0.00000000     0.04949018  -0.00000000     0.06794462  -0.00000000

     Dynamical  Matrix in cartesian axes

     q = (   -0.530330086  -0.176776695   0.530330086 ) 

    1    1
  0.06794462   0.00000000     0.04949018   0.00000000    -0.03205310   0.00000000
  0.04949018   0.00000000     0.15721321   0.00000000    -0.04949018   0.00000000
 -0.03205310   0.00000000    -0.04949018   0.00000000     0.06794462   0.00000000

     Dynamical  Matrix in cartesian axes

     q = (   -0.530330086   0.176776695  -0.530330086 ) 

    1    1
  0.06794462  -0.00000000    -0.04949018   0.00000000     0.03205310  -0.00000000
 -0.04949018   0.00000000     0.15721321  -0.00000000    -0.04949018   0.00000000
  0.03205310  -0.00000000    -0.04949018   0.00000000     0.06794462  -0.00000000

     Dynamical  Matrix in cartesian axes

     q = (   -0.176776695   0.530330086  -0.530330086 ) 

    1    1
  0.15721321  -0.00000000    -0.04949018   0.00000000     0.04949018  -0.00000000
 -0.04949018   0.00000000     0.06794462  -0.00000000    -0.03205310   0.00000000
  0.04949018  -0.00000000    -0.03205310   0.00000000     0.06794462  -0.00000000

     Dynamical  Matrix in cartesian axes

     q = (   -0.530330086   0.530330086  -0.176776695 ) 

    1    1
  0.06794462   0.00000000    -0.03205310   0.00000000     0.04949018   0.00000000
 -0.03205310   0.00000000     0.06794462   0.00000000    -0.04949018   0.00000000
  0.04949018   0.00000000    -0.04949018   0.00000000     0.15721321   0.00000000

     Dynamical  Matrix in cartesian axes

     q = (    0.530330086   0.176776695   0.530330086 ) 

    1    1
  0.06794462  -0.00000000     0.04949018  -0.00000000     0.03205310  -0.00000000
  0.04949018  -0.00000000     0.15721321  -0.00000000     0.04949018  -0.00000000
  0.03205310  -0.00000000     0.04949018  -0.00000000     0.06794462  -0.00000000

     Dynamical  Matrix in cartesian axes

     q = (   -0.530330086   0.176776695   0.530330086 ) 

    1    1
  0.06794462  -0.00000000    -0.04949018   0.00000000    -0.03205310  -0.00000000
 -0.04949018   0.00000000     0.15721321  -0.00000000     0.04949018   0.00000000
 -0.03205310  -0.00000000     0.04949018   0.00000000     0.06794462  -0.00000000

     Dynamical  Matrix in cartesian axes

     q = (    0.530330086   0.176776695  -0.530330086 ) 

    1    1
  0.06794462   0.00000000     0.04949018   0.00000000    -0.03205310   0.00000000
  0.04949018   0.00000000     0.15721321   0.00000000    -0.04949018   0.00000000
 -0.03205310   0.00000000    -0.04949018   0.00000000     0.06794462   0.00000000

     Dynamical  Matrix in cartesian axes

     q = (   -0.530330086   0.530330086   0.176776695 ) 

    1    1
  0.06794462  -0.00000000    -0.03205310  -0.00000000    -0.04949018   0.00000000
 -0.03205310  -0.00000000     0.06794462  -0.00000000     0.04949018   0.00000000
 -0.04949018   0.00000000     0.04949018   0.00000000     0.15721321  -0.00000000

     Dynamical  Matrix in cartesian axes

     q = (   -0.176776695   0.530330086   0.530330086 ) 

    1    1
  0.15721321  -0.00000000    -0.04949018   0.00000000    -0.04949018   0.00000000
 -0.04949018   0.00000000     0.06794462  -0.00000000     0.03205310   0.00000000
 -0.04949018   0.00000000     0.03205310   0.00000000     0.06794462  -0.00000000

     Dynamical  Matrix in cartesian axes

     q = (    0.176776695   0.530330086  -0.530330086 ) 

    1    1
  0.15721321  -0.00000000     0.04949018  -0.00000000    -0.04949018   0.00000000
  0.04949018  -0.00000000     0.06794462  -0.00000000    -0.03205310   0.00000000
 -0.04949018   0.00000000    -0.03205310   0.00000000     0.06794462  -0.00000000

     Dynamical  Matrix in cartesian axes

     q = (   -0.176776695  -0.530330086  -0.530330086 ) 

    1    1
  0.15721321   0.00000000     0.04949018   0.00000000     0.04949018   0.00000000
  0.04949018   0.00000000     0.06794462   0.00000000     0.03205310   0.00000000
  0.04949018   0.00000000     0.03205310   0.00000000     0.06794462   0.00000000

     Dynamical  Matrix in cartesian axes

     q = (    0.530330086   0.530330086  -0.176776695 ) 

    1    1
  0.06794462  -0.00000000     0.03205310  -0.00000000    -0.04949018   0.00000000
  0.03205310  -0.00000000     0.06794462  -0.00000000    -0.04949018   0.00000000
 -0.04949018   0.00000000    -0.04949018   0.00000000     0.15721321  -0.00000000

     Dynamical  Matrix in cartesian axes

     q = (    0.530330086  -0.530330086   0.176776695 ) 

    1    1
  0.06794462   0.00000000    -0.03205310   0.00000000     0.04949018   0.00000000
 -0.03205310   0.00000000     0.06794462   0.00000000    -0.04949018   0.00000000
  0.04949018   0.00000000    -0.04949018   0.00000000     0.15721321   0.00000000

     Dynamical  Matrix in cartesian axes

     q = (   -0.530330086  -0.530330086  -0.176776695 ) 

    1    1
  0.06794462  -0.00000000     0.03205310  -0.00000000     0.04949018  -0.00000000
  0.03205310  -0.00000000     0.06794462  -0.00000000     0.04949018  -0.00000000
  0.04949018  -0.00000000     0.04949018  -0.00000000     0.15721321  -0.00000000

     Dynamical  Matrix in cartesian axes

     q = (    0.176776695  -0.530330086   0.530330086 ) 

    1    1
  0.15721321  -0.00000000    -0.04949018   0.00000000     0.04949018  -0.00000000
 -0.04949018   0.00000000     0.06794462  -0.00000000    -0.03205310   0.00000000
  0.04949018  -0.00000000    -0.03205310   0.00000000     0.06794462  -0.00000000

     Dynamical  Matrix in cartesian axes

     q = (   -0.530330086  -0.530330086   0.176776695 ) 

    1    1
  0.06794462  -0.00000000     0.03205310  -0.00000000    -0.04949018   0.00000000
  0.03205310  -0.00000000     0.06794462  -0.00000000    -0.04949018   0.00000000
 -0.04949018   0.00000000    -0.04949018   0.00000000     0.15721321  -0.00000000

     Dynamical  Matrix in cartesian axes

     q = (    0.176776695   0.530330086   0.530330086 ) 

    1    1
  0.15721321   0.00000000     0.04949018   0.00000000     0.04949018   0.00000000
  0.04949018   0.00000000     0.06794462   0.00000000     0.03205310   0.00000000
  0.04949018   0.00000000     0.03205310   0.00000000     0.06794462   0.00000000

     Dynamical  Matrix in cartesian axes

     q = (   -0.176776695  -0.530330086   0.530330086 ) 

    1    1
  0.15721321  -0.00000000     0.04949018  -0.00000000    -0.04949018   0.00000000
  0.04949018  -0.00000000     0.06794462  -0.00000000    -0.03205310   0.00000000
 -0.04949018   0.00000000    -0.03205310   0.00000000     0.06794462  -0.00000000

     Dynamical  Matrix in cartesian axes

     q = (    0.530330086   0.530330086   0.176776695 ) 

    1    1
  0.06794462  -0.00000000     0.03205310  -0.00000000     0.04949018  -0.00000000
  0.03205310  -0.00000000     0.06794462  -0.00000000     0.04949018  -0.00000000
  0.04949018  -0.00000000     0.04949018  -0.00000000     0.15721321  -0.00000000

     Dynamical  Matrix in cartesian axes

     q = (    0.176776695  -0.530330086  -0.530330086 ) 

    1    1
  0.15721321  -0.00000000    -0.04949018   0.00000000    -0.04949018   0.00000000
 -0.04949018   0.00000000     0.06794462  -0.00000000     0.03205310   0.00000000
 -0.04949018   0.00000000     0.03205310   0.00000000     0.06794462  -0.00000000

     Dynamical  Matrix in cartesian axes

     q = (    0.530330086  -0.530330086  -0.176776695 ) 

    1    1
  0.06794462  -0.00000000    -0.03205310  -0.00000000    -0.04949018   0.00000000
 -0.03205310  -0.00000000     0.06794462  -0.00000000     0.04949018   0.00000000
 -0.04949018   0.00000000     0.04949018   0.00000000     0.15721321  -0.00000000
