  1.000000000000000E-002  0.616500735846015        2.72833574127014     
          24

     Dynamical  Matrix in cartesian axes

     q = (    0.530330086  -0.176776695   0.530330086 ) 

    1    1
  0.07147477   0.00000000    -0.04602391  -0.00000000     0.03608525   0.00000000
 -0.04602391   0.00000000     0.14226091  -0.00000000    -0.04602391   0.00000000
  0.03608525   0.00000000    -0.04602391  -0.00000000     0.07147477   0.00000000

     Dynamical  Matrix in cartesian axes

     q = (    0.530330086  -0.176776695  -0.530330086 ) 

    1    1
  0.07147477   0.00000000    -0.04602391  -0.00000000    -0.03608525  -0.00000000
 -0.04602391   0.00000000     0.14226091  -0.00000000     0.04602391  -0.00000000
 -0.03608525  -0.00000000     0.04602391   0.00000000     0.07147477   0.00000000

     Dynamical  Matrix in cartesian axes

     q = (   -0.530330086  -0.176776695  -0.530330086 ) 

    1    1
  0.07147477   0.00000000     0.04602391   0.00000000     0.03608525   0.00000000
  0.04602391  -0.00000000     0.14226091  -0.00000000     0.04602391  -0.00000000
  0.03608525   0.00000000     0.04602391   0.00000000     0.07147477   0.00000000

     Dynamical  Matrix in cartesian axes

     q = (   -0.530330086  -0.176776695   0.530330086 ) 

    1    1
  0.07147477   0.00000000     0.04602391   0.00000000    -0.03608525  -0.00000000
  0.04602391  -0.00000000     0.14226091  -0.00000000    -0.04602391   0.00000000
 -0.03608525  -0.00000000    -0.04602391  -0.00000000     0.07147477   0.00000000

     Dynamical  Matrix in cartesian axes

     q = (   -0.530330086   0.176776695  -0.530330086 ) 

    1    1
  0.07147477   0.00000000    -0.04602391  -0.00000000     0.03608525   0.00000000
 -0.04602391   0.00000000     0.14226091  -0.00000000    -0.04602391   0.00000000
  0.03608525   0.00000000    -0.04602391  -0.00000000     0.07147477   0.00000000

     Dynamical  Matrix in cartesian axes

     q = (   -0.176776695   0.530330086  -0.530330086 ) 

    1    1
  0.14226091  -0.00000000    -0.04602391   0.00000000     0.04602391  -0.00000000
 -0.04602391  -0.00000000     0.07147477   0.00000000    -0.03608525  -0.00000000
  0.04602391   0.00000000    -0.03608525  -0.00000000     0.07147477   0.00000000

     Dynamical  Matrix in cartesian axes

     q = (   -0.530330086   0.530330086  -0.176776695 ) 

    1    1
  0.07147477   0.00000000    -0.03608525  -0.00000000     0.04602391   0.00000000
 -0.03608525  -0.00000000     0.07147477   0.00000000    -0.04602391  -0.00000000
  0.04602391  -0.00000000    -0.04602391   0.00000000     0.14226091  -0.00000000

     Dynamical  Matrix in cartesian axes

     q = (    0.530330086   0.176776695   0.530330086 ) 

    1    1
  0.07147477   0.00000000     0.04602391   0.00000000     0.03608525   0.00000000
  0.04602391  -0.00000000     0.14226091  -0.00000000     0.04602391  -0.00000000
  0.03608525   0.00000000     0.04602391   0.00000000     0.07147477   0.00000000

     Dynamical  Matrix in cartesian axes

     q = (   -0.530330086   0.176776695   0.530330086 ) 

    1    1
  0.07147477   0.00000000    -0.04602391  -0.00000000    -0.03608525  -0.00000000
 -0.04602391   0.00000000     0.14226091  -0.00000000     0.04602391  -0.00000000
 -0.03608525  -0.00000000     0.04602391   0.00000000     0.07147477   0.00000000

     Dynamical  Matrix in cartesian axes

     q = (    0.530330086   0.176776695  -0.530330086 ) 

    1    1
  0.07147477   0.00000000     0.04602391   0.00000000    -0.03608525  -0.00000000
  0.04602391  -0.00000000     0.14226091  -0.00000000    -0.04602391   0.00000000
 -0.03608525  -0.00000000    -0.04602391  -0.00000000     0.07147477   0.00000000

     Dynamical  Matrix in cartesian axes

     q = (   -0.530330086   0.530330086   0.176776695 ) 

    1    1
  0.07147477   0.00000000    -0.03608525  -0.00000000    -0.04602391  -0.00000000
 -0.03608525  -0.00000000     0.07147477   0.00000000     0.04602391   0.00000000
 -0.04602391   0.00000000     0.04602391  -0.00000000     0.14226091  -0.00000000

     Dynamical  Matrix in cartesian axes

     q = (   -0.176776695   0.530330086   0.530330086 ) 

    1    1
  0.14226091  -0.00000000    -0.04602391   0.00000000    -0.04602391   0.00000000
 -0.04602391  -0.00000000     0.07147477   0.00000000     0.03608525   0.00000000
 -0.04602391  -0.00000000     0.03608525   0.00000000     0.07147477   0.00000000

     Dynamical  Matrix in cartesian axes

     q = (    0.176776695   0.530330086  -0.530330086 ) 

    1    1
  0.14226091  -0.00000000     0.04602391  -0.00000000    -0.04602391   0.00000000
  0.04602391   0.00000000     0.07147477   0.00000000    -0.03608525  -0.00000000
 -0.04602391  -0.00000000    -0.03608525  -0.00000000     0.07147477   0.00000000

     Dynamical  Matrix in cartesian axes

     q = (   -0.176776695  -0.530330086  -0.530330086 ) 

    1    1
  0.14226091  -0.00000000     0.04602391  -0.00000000     0.04602391  -0.00000000
  0.04602391   0.00000000     0.07147477   0.00000000     0.03608525   0.00000000
  0.04602391   0.00000000     0.03608525   0.00000000     0.07147477   0.00000000

     Dynamical  Matrix in cartesian axes

     q = (    0.530330086   0.530330086  -0.176776695 ) 

    1    1
  0.07147477   0.00000000     0.03608525   0.00000000    -0.04602391  -0.00000000
  0.03608525   0.00000000     0.07147477   0.00000000    -0.04602391  -0.00000000
 -0.04602391   0.00000000    -0.04602391   0.00000000     0.14226091  -0.00000000

     Dynamical  Matrix in cartesian axes

     q = (    0.530330086  -0.530330086   0.176776695 ) 

    1    1
  0.07147477   0.00000000    -0.03608525  -0.00000000     0.04602391   0.00000000
 -0.03608525  -0.00000000     0.07147477   0.00000000    -0.04602391  -0.00000000
  0.04602391  -0.00000000    -0.04602391   0.00000000     0.14226091  -0.00000000

     Dynamical  Matrix in cartesian axes

     q = (   -0.530330086  -0.530330086  -0.176776695 ) 

    1    1
  0.07147477   0.00000000     0.03608525   0.00000000     0.04602391   0.00000000
  0.03608525   0.00000000     0.07147477   0.00000000     0.04602391   0.00000000
  0.04602391  -0.00000000     0.04602391  -0.00000000     0.14226091  -0.00000000

     Dynamical  Matrix in cartesian axes

     q = (    0.176776695  -0.530330086   0.530330086 ) 

    1    1
  0.14226091  -0.00000000    -0.04602391   0.00000000     0.04602391  -0.00000000
 -0.04602391  -0.00000000     0.07147477   0.00000000    -0.03608525  -0.00000000
  0.04602391   0.00000000    -0.03608525  -0.00000000     0.07147477   0.00000000

     Dynamical  Matrix in cartesian axes

     q = (   -0.530330086  -0.530330086   0.176776695 ) 

    1    1
  0.07147477   0.00000000     0.03608525   0.00000000    -0.04602391  -0.00000000
  0.03608525   0.00000000     0.07147477   0.00000000    -0.04602391  -0.00000000
 -0.04602391   0.00000000    -0.04602391   0.00000000     0.14226091  -0.00000000

     Dynamical  Matrix in cartesian axes

     q = (    0.176776695   0.530330086   0.530330086 ) 

    1    1
  0.14226091  -0.00000000     0.04602391  -0.00000000     0.04602391  -0.00000000
  0.04602391   0.00000000     0.07147477   0.00000000     0.03608525   0.00000000
  0.04602391   0.00000000     0.03608525   0.00000000     0.07147477   0.00000000

     Dynamical  Matrix in cartesian axes

     q = (   -0.176776695  -0.530330086   0.530330086 ) 

    1    1
  0.14226091  -0.00000000     0.04602391  -0.00000000    -0.04602391   0.00000000
  0.04602391   0.00000000     0.07147477   0.00000000    -0.03608525  -0.00000000
 -0.04602391  -0.00000000    -0.03608525  -0.00000000     0.07147477   0.00000000

     Dynamical  Matrix in cartesian axes

     q = (    0.530330086   0.530330086   0.176776695 ) 

    1    1
  0.07147477   0.00000000     0.03608525   0.00000000     0.04602391   0.00000000
  0.03608525   0.00000000     0.07147477   0.00000000     0.04602391   0.00000000
  0.04602391  -0.00000000     0.04602391  -0.00000000     0.14226091  -0.00000000

     Dynamical  Matrix in cartesian axes

     q = (    0.176776695  -0.530330086  -0.530330086 ) 

    1    1
  0.14226091  -0.00000000    -0.04602391   0.00000000    -0.04602391   0.00000000
 -0.04602391  -0.00000000     0.07147477   0.00000000     0.03608525   0.00000000
 -0.04602391  -0.00000000     0.03608525   0.00000000     0.07147477   0.00000000

     Dynamical  Matrix in cartesian axes

     q = (    0.530330086  -0.530330086  -0.176776695 ) 

    1    1
  0.07147477   0.00000000    -0.03608525  -0.00000000    -0.04602391  -0.00000000
 -0.03608525  -0.00000000     0.07147477   0.00000000     0.04602391   0.00000000
 -0.04602391   0.00000000     0.04602391  -0.00000000     0.14226091  -0.00000000
