  2.000000000000000E-002  0.616178356963108        2.67488257086691     
           4

     Dynamical  Matrix in cartesian axes

     q = (    0.353553391  -0.353553391   0.353553391 ) 

    1    1
  0.08095080   0.00000000    -0.05774813   0.00000000     0.05774813   0.00000000
 -0.05774813   0.00000000     0.08095080   0.00000000    -0.05774813   0.00000000
  0.05774813   0.00000000    -0.05774813   0.00000000     0.08095080   0.00000000

     Dynamical  Matrix in cartesian axes

     q = (    0.353553391   0.353553391   0.353553391 ) 

    1    1
  0.08095080   0.00000000     0.05774813   0.00000000     0.05774813   0.00000000
  0.05774813   0.00000000     0.08095080   0.00000000     0.05774813   0.00000000
  0.05774813   0.00000000     0.05774813   0.00000000     0.08095080   0.00000000

     Dynamical  Matrix in cartesian axes

     q = (   -0.353553391   0.353553391   0.353553391 ) 

    1    1
  0.08095080   0.00000000    -0.05774813   0.00000000    -0.05774813   0.00000000
 -0.05774813   0.00000000     0.08095080   0.00000000     0.05774813   0.00000000
 -0.05774813   0.00000000     0.05774813   0.00000000     0.08095080   0.00000000

     Dynamical  Matrix in cartesian axes

     q = (    0.353553391   0.353553391  -0.353553391 ) 

    1    1
  0.08095080   0.00000000     0.05774813   0.00000000    -0.05774813   0.00000000
  0.05774813   0.00000000     0.08095080   0.00000000    -0.05774813   0.00000000
 -0.05774813   0.00000000    -0.05774813   0.00000000     0.08095080   0.00000000
