  5.000000000000000E-002  0.615247549207767        2.65328626633895     
           4

     Dynamical  Matrix in cartesian axes

     q = (    0.353553391  -0.353553391   0.353553391 ) 

    1    1
  0.08487653   0.00000000    -0.06151074   0.00000000     0.06151074   0.00000000
 -0.06151074   0.00000000     0.08487653   0.00000000    -0.06151074   0.00000000
  0.06151074   0.00000000    -0.06151074   0.00000000     0.08487653   0.00000000

     Dynamical  Matrix in cartesian axes

     q = (    0.353553391   0.353553391   0.353553391 ) 

    1    1
  0.08487653   0.00000000     0.06151074   0.00000000     0.06151074   0.00000000
  0.06151074   0.00000000     0.08487653   0.00000000     0.06151074   0.00000000
  0.06151074   0.00000000     0.06151074   0.00000000     0.08487653   0.00000000

     Dynamical  Matrix in cartesian axes

     q = (   -0.353553391   0.353553391   0.353553391 ) 

    1    1
  0.08487653   0.00000000    -0.06151074   0.00000000    -0.06151074   0.00000000
 -0.06151074   0.00000000     0.08487653   0.00000000     0.06151074   0.00000000
 -0.06151074   0.00000000     0.06151074   0.00000000     0.08487653   0.00000000

     Dynamical  Matrix in cartesian axes

     q = (    0.353553391   0.353553391  -0.353553391 ) 

    1    1
  0.08487653   0.00000000     0.06151074   0.00000000    -0.06151074   0.00000000
  0.06151074   0.00000000     0.08487653   0.00000000    -0.06151074   0.00000000
 -0.06151074   0.00000000    -0.06151074   0.00000000     0.08487653   0.00000000
