  5.000000000000000E-002  0.615247549207767        2.65328626633895     
          12

     Dynamical  Matrix in cartesian axes

     q = (    0.353553391   0.000000000   0.353553391 ) 

    1    1
  0.09024387   0.00000000     0.00000000  -0.00000000     0.08023381   0.00000000
  0.00000000   0.00000000     0.06969632  -0.00000000     0.00000000   0.00000000
  0.08023381   0.00000000     0.00000000  -0.00000000     0.09024387   0.00000000

     Dynamical  Matrix in cartesian axes

     q = (   -0.353553391   0.000000000   0.353553391 ) 

    1    1
  0.09024387   0.00000000    -0.00000000   0.00000000    -0.08023381  -0.00000000
 -0.00000000  -0.00000000     0.06969632   0.00000000     0.00000000   0.00000000
 -0.08023381   0.00000000     0.00000000  -0.00000000     0.09024387  -0.00000000

     Dynamical  Matrix in cartesian axes

     q = (   -0.353553391   0.000000000  -0.353553391 ) 

    1    1
  0.09024387   0.00000000     0.00000000   0.00000000     0.08023381   0.00000000
  0.00000000   0.00000000     0.06969632   0.00000000     0.00000000   0.00000000
  0.08023381   0.00000000     0.00000000   0.00000000     0.09024387   0.00000000

     Dynamical  Matrix in cartesian axes

     q = (    0.353553391   0.000000000  -0.353553391 ) 

    1    1
  0.09024387  -0.00000000    -0.00000000   0.00000000    -0.08023381  -0.00000000
 -0.00000000   0.00000000     0.06969632   0.00000000     0.00000000  -0.00000000
 -0.08023381   0.00000000     0.00000000  -0.00000000     0.09024387   0.00000000

     Dynamical  Matrix in cartesian axes

     q = (    0.000000000   0.353553391  -0.353553391 ) 

    1    1
  0.06969632   0.00000000    -0.00000000   0.00000000     0.00000000  -0.00000000
  0.00000000  -0.00000000     0.09024387   0.00000000    -0.08023381   0.00000000
  0.00000000   0.00000000    -0.08023381   0.00000000     0.09024387   0.00000000

     Dynamical  Matrix in cartesian axes

     q = (   -0.353553391   0.353553391   0.000000000 ) 

    1    1
  0.09024387   0.00000000    -0.08023381   0.00000000    -0.00000000   0.00000000
 -0.08023381   0.00000000     0.09024387   0.00000000     0.00000000  -0.00000000
 -0.00000000   0.00000000     0.00000000   0.00000000     0.06969632   0.00000000

     Dynamical  Matrix in cartesian axes

     q = (    0.000000000   0.353553391   0.353553391 ) 

    1    1
  0.06969632   0.00000000     0.00000000   0.00000000     0.00000000   0.00000000
 -0.00000000   0.00000000     0.09024387   0.00000000     0.08023381   0.00000000
 -0.00000000   0.00000000     0.08023381   0.00000000     0.09024387   0.00000000

     Dynamical  Matrix in cartesian axes

     q = (    0.000000000  -0.353553391  -0.353553391 ) 

    1    1
  0.06969632   0.00000000     0.00000000  -0.00000000     0.00000000  -0.00000000
 -0.00000000   0.00000000     0.09024387  -0.00000000     0.08023381  -0.00000000
 -0.00000000   0.00000000     0.08023381   0.00000000     0.09024387   0.00000000

     Dynamical  Matrix in cartesian axes

     q = (    0.353553391   0.353553391   0.000000000 ) 

    1    1
  0.09024387   0.00000000     0.08023381   0.00000000    -0.00000000   0.00000000
  0.08023381   0.00000000     0.09024387   0.00000000     0.00000000   0.00000000
 -0.00000000   0.00000000     0.00000000   0.00000000     0.06969632   0.00000000

     Dynamical  Matrix in cartesian axes

     q = (    0.353553391  -0.353553391   0.000000000 ) 

    1    1
  0.09024387  -0.00000000    -0.08023381   0.00000000    -0.00000000   0.00000000
 -0.08023381  -0.00000000     0.09024387   0.00000000     0.00000000  -0.00000000
 -0.00000000  -0.00000000     0.00000000   0.00000000     0.06969632   0.00000000

     Dynamical  Matrix in cartesian axes

     q = (   -0.353553391  -0.353553391   0.000000000 ) 

    1    1
  0.09024387   0.00000000     0.08023381   0.00000000    -0.00000000   0.00000000
  0.08023381   0.00000000     0.09024387   0.00000000     0.00000000   0.00000000
 -0.00000000   0.00000000     0.00000000   0.00000000     0.06969632   0.00000000

     Dynamical  Matrix in cartesian axes

     q = (    0.000000000  -0.353553391   0.353553391 ) 

    1    1
  0.06969632   0.00000000    -0.00000000   0.00000000     0.00000000   0.00000000
  0.00000000   0.00000000     0.09024387   0.00000000    -0.08023381   0.00000000
  0.00000000   0.00000000    -0.08023381   0.00000000     0.09024387   0.00000000
