  2.500000000000000E-002  0.616022021467486        2.65897376282667     
           6

     Dynamical  Matrix in cartesian axes

     q = (   -0.353553391  -0.707106781   0.000000000 ) 

    1    1
  0.04327139   0.00000000     0.00000000   0.00000000     0.00000000   0.00000000
 -0.00000000   0.00000000     0.14597131   0.00000000     0.00000000   0.00000000
  0.00000000   0.00000000     0.00000000   0.00000000     0.14597131  -0.00000000

     Dynamical  Matrix in cartesian axes

     q = (    0.000000000   0.707106781   0.353553391 ) 

    1    1
  0.14597131   0.00000000     0.00000000  -0.00000000     0.00000000   0.00000000
  0.00000000   0.00000000     0.14597131   0.00000000     0.00000000  -0.00000000
  0.00000000  -0.00000000     0.00000000  -0.00000000     0.04327139   0.00000000

     Dynamical  Matrix in cartesian axes

     q = (    0.000000000  -0.707106781  -0.353553391 ) 

    1    1
  0.14597131  -0.00000000     0.00000000   0.00000000    -0.00000000   0.00000000
  0.00000000  -0.00000000     0.14597131   0.00000000    -0.00000000  -0.00000000
  0.00000000  -0.00000000     0.00000000  -0.00000000     0.04327139   0.00000000

     Dynamical  Matrix in cartesian axes

     q = (    0.353553391   0.707106781   0.000000000 ) 

    1    1
  0.04327139   0.00000000     0.00000000   0.00000000     0.00000000  -0.00000000
  0.00000000   0.00000000     0.14597131   0.00000000     0.00000000  -0.00000000
  0.00000000  -0.00000000     0.00000000   0.00000000     0.14597131  -0.00000000

     Dynamical  Matrix in cartesian axes

     q = (   -0.707106781  -0.353553391   0.000000000 ) 

    1    1
  0.14597131   0.00000000     0.00000000   0.00000000    -0.00000000  -0.00000000
  0.00000000   0.00000000     0.04327139   0.00000000    -0.00000000  -0.00000000
 -0.00000000   0.00000000    -0.00000000   0.00000000     0.14597131  -0.00000000

     Dynamical  Matrix in cartesian axes

     q = (    0.000000000  -0.353553391  -0.707106781 ) 

    1    1
  0.14597131  -0.00000000    -0.00000000  -0.00000000     0.00000000   0.00000000
  0.00000000   0.00000000     0.04327139   0.00000000    -0.00000000  -0.00000000
  0.00000000  -0.00000000    -0.00000000  -0.00000000     0.14597131   0.00000000
