  2.000000000000000E-002  0.616178356963108        2.67488257086691     
           6

     Dynamical  Matrix in cartesian axes

     q = (    0.000000000   0.353553391   0.000000000 ) 

    1    1
  0.02487147   0.00000000     0.00000000   0.00000000    -0.00000000   0.00000000
  0.00000000   0.00000000     0.15842974   0.00000000    -0.00000000   0.00000000
 -0.00000000   0.00000000     0.00000000   0.00000000     0.02487147   0.00000000

     Dynamical  Matrix in cartesian axes

     q = (    0.000000000  -0.353553391   0.000000000 ) 

    1    1
  0.02487147   0.00000000     0.00000000   0.00000000    -0.00000000   0.00000000
  0.00000000   0.00000000     0.15842974   0.00000000    -0.00000000   0.00000000
  0.00000000   0.00000000     0.00000000   0.00000000     0.02487147   0.00000000

     Dynamical  Matrix in cartesian axes

     q = (    0.353553391   0.000000000   0.000000000 ) 

    1    1
  0.15842974   0.00000000     0.00000000   0.00000000     0.00000000   0.00000000
  0.00000000   0.00000000     0.02487147   0.00000000     0.00000000   0.00000000
  0.00000000   0.00000000     0.00000000   0.00000000     0.02487147   0.00000000

     Dynamical  Matrix in cartesian axes

     q = (    0.000000000   0.000000000   0.353553391 ) 

    1    1
  0.02487147   0.00000000    -0.00000000   0.00000000     0.00000000   0.00000000
 -0.00000000   0.00000000     0.02487147   0.00000000     0.00000000   0.00000000
  0.00000000   0.00000000    -0.00000000   0.00000000     0.15842974   0.00000000

     Dynamical  Matrix in cartesian axes

     q = (    0.000000000   0.000000000  -0.353553391 ) 

    1    1
  0.02487147   0.00000000    -0.00000000   0.00000000     0.00000000   0.00000000
 -0.00000000   0.00000000     0.02487147   0.00000000    -0.00000000   0.00000000
  0.00000000   0.00000000    -0.00000000   0.00000000     0.15842974   0.00000000

     Dynamical  Matrix in cartesian axes

     q = (   -0.353553391   0.000000000   0.000000000 ) 

    1    1
  0.15842974   0.00000000     0.00000000   0.00000000     0.00000000   0.00000000
  0.00000000   0.00000000     0.02487147   0.00000000     0.00000000   0.00000000
  0.00000000   0.00000000     0.00000000   0.00000000     0.02487147   0.00000000
