  1.000000000000000E-002  0.616500735846015        2.72833574127014     
           8

     Dynamical  Matrix in cartesian axes

     q = (   -0.176776695   0.176776695  -0.176776695 ) 

    1    1
  0.05169677  -0.00000000    -0.04192787  -0.00000000     0.04192787   0.00000000
 -0.04192787   0.00000000     0.05169677   0.00000000    -0.04192787   0.00000000
  0.04192787  -0.00000000    -0.04192787  -0.00000000     0.05169677   0.00000000

     Dynamical  Matrix in cartesian axes

     q = (    0.176776695  -0.176776695  -0.176776695 ) 

    1    1
  0.05169677   0.00000000    -0.04192787   0.00000000    -0.04192787   0.00000000
 -0.04192787   0.00000000     0.05169677   0.00000000     0.04192787  -0.00000000
 -0.04192787   0.00000000     0.04192787  -0.00000000     0.05169677   0.00000000

     Dynamical  Matrix in cartesian axes

     q = (    0.176776695  -0.176776695   0.176776695 ) 

    1    1
  0.05169677   0.00000000    -0.04192787   0.00000000     0.04192787   0.00000000
 -0.04192787  -0.00000000     0.05169677  -0.00000000    -0.04192787  -0.00000000
  0.04192787   0.00000000    -0.04192787   0.00000000     0.05169677   0.00000000

     Dynamical  Matrix in cartesian axes

     q = (    0.176776695   0.176776695   0.176776695 ) 

    1    1
  0.05169677  -0.00000000     0.04192787  -0.00000000     0.04192787   0.00000000
  0.04192787  -0.00000000     0.05169677  -0.00000000     0.04192787   0.00000000
  0.04192787  -0.00000000     0.04192787  -0.00000000     0.05169677   0.00000000

     Dynamical  Matrix in cartesian axes

     q = (   -0.176776695  -0.176776695  -0.176776695 ) 

    1    1
  0.05169677   0.00000000     0.04192787   0.00000000     0.04192787   0.00000000
  0.04192787  -0.00000000     0.05169677   0.00000000     0.04192787  -0.00000000
  0.04192787  -0.00000000     0.04192787   0.00000000     0.05169677  -0.00000000

     Dynamical  Matrix in cartesian axes

     q = (   -0.176776695  -0.176776695   0.176776695 ) 

    1    1
  0.05169677   0.00000000     0.04192787  -0.00000000    -0.04192787   0.00000000
  0.04192787   0.00000000     0.05169677  -0.00000000    -0.04192787   0.00000000
 -0.04192787  -0.00000000    -0.04192787   0.00000000     0.05169677  -0.00000000

     Dynamical  Matrix in cartesian axes

     q = (   -0.176776695   0.176776695   0.176776695 ) 

    1    1
  0.05169677   0.00000000    -0.04192787   0.00000000    -0.04192787   0.00000000
 -0.04192787   0.00000000     0.05169677   0.00000000     0.04192787  -0.00000000
 -0.04192787   0.00000000     0.04192787  -0.00000000     0.05169677   0.00000000

     Dynamical  Matrix in cartesian axes

     q = (    0.176776695   0.176776695  -0.176776695 ) 

    1    1
  0.05169677  -0.00000000     0.04192787   0.00000000    -0.04192787  -0.00000000
  0.04192787  -0.00000000     0.05169677  -0.00000000    -0.04192787  -0.00000000
 -0.04192787   0.00000000    -0.04192787  -0.00000000     0.05169677  -0.00000000
