  2.500000000000000E-002  0.616022021467486        2.65897376282667     
          12

     Dynamical  Matrix in cartesian axes

     q = (    0.353553391   0.000000000   0.353553391 ) 

    1    1
  0.09756343   0.00000000     0.00000000   0.00000000     0.08869068   0.00000000
  0.00000000   0.00000000     0.06776123   0.00000000     0.00000000   0.00000000
  0.08869068   0.00000000     0.00000000   0.00000000     0.09756343   0.00000000

     Dynamical  Matrix in cartesian axes

     q = (   -0.353553391   0.000000000   0.353553391 ) 

    1    1
  0.09756343   0.00000000     0.00000000   0.00000000    -0.08869068  -0.00000000
  0.00000000   0.00000000     0.06776123   0.00000000    -0.00000000  -0.00000000
 -0.08869068   0.00000000     0.00000000   0.00000000     0.09756343  -0.00000000

     Dynamical  Matrix in cartesian axes

     q = (   -0.353553391   0.000000000  -0.353553391 ) 

    1    1
  0.09756343   0.00000000     0.00000000   0.00000000     0.08869068   0.00000000
  0.00000000   0.00000000     0.06776123   0.00000000     0.00000000   0.00000000
  0.08869068   0.00000000     0.00000000   0.00000000     0.09756343   0.00000000

     Dynamical  Matrix in cartesian axes

     q = (    0.353553391   0.000000000  -0.353553391 ) 

    1    1
  0.09756343   0.00000000    -0.00000000   0.00000000    -0.08869068   0.00000000
 -0.00000000  -0.00000000     0.06776123  -0.00000000     0.00000000   0.00000000
 -0.08869068   0.00000000     0.00000000   0.00000000     0.09756343   0.00000000

     Dynamical  Matrix in cartesian axes

     q = (    0.000000000   0.353553391  -0.353553391 ) 

    1    1
  0.06776123   0.00000000     0.00000000   0.00000000     0.00000000   0.00000000
  0.00000000   0.00000000     0.09756343   0.00000000    -0.08869068   0.00000000
  0.00000000   0.00000000    -0.08869068   0.00000000     0.09756343   0.00000000

     Dynamical  Matrix in cartesian axes

     q = (   -0.353553391   0.353553391   0.000000000 ) 

    1    1
  0.09756343   0.00000000    -0.08869068   0.00000000    -0.00000000   0.00000000
 -0.08869068   0.00000000     0.09756343   0.00000000     0.00000000   0.00000000
 -0.00000000   0.00000000     0.00000000   0.00000000     0.06776123   0.00000000

     Dynamical  Matrix in cartesian axes

     q = (    0.000000000   0.353553391   0.353553391 ) 

    1    1
  0.06776123   0.00000000     0.00000000   0.00000000    -0.00000000   0.00000000
 -0.00000000   0.00000000     0.09756343   0.00000000     0.08869068   0.00000000
  0.00000000   0.00000000     0.08869068   0.00000000     0.09756343   0.00000000

     Dynamical  Matrix in cartesian axes

     q = (    0.000000000  -0.353553391  -0.353553391 ) 

    1    1
  0.06776123   0.00000000     0.00000000   0.00000000     0.00000000   0.00000000
  0.00000000  -0.00000000     0.09756343  -0.00000000     0.08869068  -0.00000000
 -0.00000000   0.00000000     0.08869068   0.00000000     0.09756343   0.00000000

     Dynamical  Matrix in cartesian axes

     q = (    0.353553391   0.353553391   0.000000000 ) 

    1    1
  0.09756343   0.00000000     0.08869068   0.00000000     0.00000000   0.00000000
  0.08869068   0.00000000     0.09756343   0.00000000     0.00000000   0.00000000
  0.00000000   0.00000000     0.00000000   0.00000000     0.06776123   0.00000000

     Dynamical  Matrix in cartesian axes

     q = (    0.353553391  -0.353553391   0.000000000 ) 

    1    1
  0.09756343  -0.00000000    -0.08869068   0.00000000    -0.00000000  -0.00000000
 -0.08869068  -0.00000000     0.09756343   0.00000000    -0.00000000  -0.00000000
  0.00000000   0.00000000    -0.00000000  -0.00000000     0.06776123   0.00000000

     Dynamical  Matrix in cartesian axes

     q = (   -0.353553391  -0.353553391   0.000000000 ) 

    1    1
  0.09756343   0.00000000     0.08869068   0.00000000    -0.00000000   0.00000000
  0.08869068   0.00000000     0.09756343   0.00000000    -0.00000000   0.00000000
 -0.00000000   0.00000000    -0.00000000   0.00000000     0.06776123   0.00000000

     Dynamical  Matrix in cartesian axes

     q = (    0.000000000  -0.353553391   0.353553391 ) 

    1    1
  0.06776123   0.00000000     0.00000000   0.00000000     0.00000000   0.00000000
  0.00000000   0.00000000     0.09756343   0.00000000    -0.08869068   0.00000000
  0.00000000   0.00000000    -0.08869068   0.00000000     0.09756343   0.00000000
