  1.000000000000000E-002  0.616500735846015        2.72833574127014     
           4

     Dynamical  Matrix in cartesian axes

     q = (    0.353553391  -0.353553391   0.353553391 ) 

    1    1
  0.07626584   0.00000000    -0.04969708   0.00000000     0.04969708   0.00000000
 -0.04969708   0.00000000     0.07626584   0.00000000    -0.04969708   0.00000000
  0.04969708   0.00000000    -0.04969708   0.00000000     0.07626584   0.00000000

     Dynamical  Matrix in cartesian axes

     q = (    0.353553391   0.353553391   0.353553391 ) 

    1    1
  0.07626584   0.00000000     0.04969708   0.00000000     0.04969708   0.00000000
  0.04969708   0.00000000     0.07626584   0.00000000     0.04969708   0.00000000
  0.04969708   0.00000000     0.04969708   0.00000000     0.07626584   0.00000000

     Dynamical  Matrix in cartesian axes

     q = (   -0.353553391   0.353553391   0.353553391 ) 

    1    1
  0.07626584   0.00000000    -0.04969708   0.00000000    -0.04969708   0.00000000
 -0.04969708   0.00000000     0.07626584   0.00000000     0.04969708   0.00000000
 -0.04969708   0.00000000     0.04969708   0.00000000     0.07626584   0.00000000

     Dynamical  Matrix in cartesian axes

     q = (    0.353553391   0.353553391  -0.353553391 ) 

    1    1
  0.07626584   0.00000000     0.04969708   0.00000000    -0.04969708   0.00000000
  0.04969708   0.00000000     0.07626584   0.00000000    -0.04969708   0.00000000
 -0.04969708   0.00000000    -0.04969708   0.00000000     0.07626584   0.00000000
