  3.000000000000000E-002  0.615859883586757        2.65203849886636     
          12

     Dynamical  Matrix in cartesian axes

     q = (    0.353553391   0.000000000   0.353553391 ) 

    1    1
  0.09467203  -0.00000000     0.00000000  -0.00000000     0.08555725  -0.00000000
  0.00000000   0.00000000     0.06794256   0.00000000     0.00000000   0.00000000
  0.08555725  -0.00000000     0.00000000  -0.00000000     0.09467203  -0.00000000

     Dynamical  Matrix in cartesian axes

     q = (   -0.353553391   0.000000000   0.353553391 ) 

    1    1
  0.09467203  -0.00000000     0.00000000  -0.00000000    -0.08555725   0.00000000
  0.00000000  -0.00000000     0.06794256  -0.00000000    -0.00000000   0.00000000
 -0.08555725  -0.00000000     0.00000000  -0.00000000     0.09467203   0.00000000

     Dynamical  Matrix in cartesian axes

     q = (   -0.353553391   0.000000000  -0.353553391 ) 

    1    1
  0.09467203   0.00000000     0.00000000   0.00000000     0.08555725   0.00000000
  0.00000000   0.00000000     0.06794256   0.00000000     0.00000000   0.00000000
  0.08555725   0.00000000     0.00000000   0.00000000     0.09467203   0.00000000

     Dynamical  Matrix in cartesian axes

     q = (    0.353553391   0.000000000  -0.353553391 ) 

    1    1
  0.09467203   0.00000000     0.00000000  -0.00000000    -0.08555725   0.00000000
  0.00000000   0.00000000     0.06794256   0.00000000     0.00000000  -0.00000000
 -0.08555725  -0.00000000     0.00000000   0.00000000     0.09467203  -0.00000000

     Dynamical  Matrix in cartesian axes

     q = (    0.000000000   0.353553391  -0.353553391 ) 

    1    1
  0.06794256   0.00000000     0.00000000   0.00000000    -0.00000000  -0.00000000
  0.00000000  -0.00000000     0.09467203   0.00000000    -0.08555725   0.00000000
 -0.00000000   0.00000000    -0.08555725   0.00000000     0.09467203   0.00000000

     Dynamical  Matrix in cartesian axes

     q = (   -0.353553391   0.353553391   0.000000000 ) 

    1    1
  0.09467203   0.00000000    -0.08555725   0.00000000     0.00000000  -0.00000000
 -0.08555725   0.00000000     0.09467203   0.00000000     0.00000000   0.00000000
 -0.00000000   0.00000000     0.00000000   0.00000000     0.06794256  -0.00000000

     Dynamical  Matrix in cartesian axes

     q = (    0.000000000   0.353553391   0.353553391 ) 

    1    1
  0.06794256  -0.00000000     0.00000000   0.00000000     0.00000000   0.00000000
  0.00000000  -0.00000000     0.09467203   0.00000000     0.08555725   0.00000000
 -0.00000000  -0.00000000     0.08555725   0.00000000     0.09467203   0.00000000

     Dynamical  Matrix in cartesian axes

     q = (    0.000000000  -0.353553391  -0.353553391 ) 

    1    1
  0.06794256  -0.00000000     0.00000000  -0.00000000     0.00000000  -0.00000000
  0.00000000   0.00000000     0.09467203   0.00000000     0.08555725   0.00000000
  0.00000000  -0.00000000     0.08555725  -0.00000000     0.09467203  -0.00000000

     Dynamical  Matrix in cartesian axes

     q = (    0.353553391   0.353553391   0.000000000 ) 

    1    1
  0.09467203   0.00000000     0.08555725   0.00000000    -0.00000000   0.00000000
  0.08555725   0.00000000     0.09467203   0.00000000     0.00000000   0.00000000
 -0.00000000   0.00000000    -0.00000000   0.00000000     0.06794256   0.00000000

     Dynamical  Matrix in cartesian axes

     q = (    0.353553391  -0.353553391   0.000000000 ) 

    1    1
  0.09467203   0.00000000    -0.08555725  -0.00000000     0.00000000   0.00000000
 -0.08555725   0.00000000     0.09467203  -0.00000000    -0.00000000   0.00000000
  0.00000000  -0.00000000    -0.00000000   0.00000000     0.06794256  -0.00000000

     Dynamical  Matrix in cartesian axes

     q = (   -0.353553391  -0.353553391   0.000000000 ) 

    1    1
  0.09467203   0.00000000     0.08555725   0.00000000    -0.00000000   0.00000000
  0.08555725   0.00000000     0.09467203   0.00000000    -0.00000000   0.00000000
 -0.00000000   0.00000000    -0.00000000   0.00000000     0.06794256   0.00000000

     Dynamical  Matrix in cartesian axes

     q = (    0.000000000  -0.353553391   0.353553391 ) 

    1    1
  0.06794256   0.00000000     0.00000000   0.00000000    -0.00000000   0.00000000
  0.00000000   0.00000000     0.09467203   0.00000000    -0.08555725   0.00000000
  0.00000000   0.00000000    -0.08555725   0.00000000     0.09467203   0.00000000
