  2.000000000000000E-002  0.616178356963108        2.67488257086691     
          24

     Dynamical  Matrix in cartesian axes

     q = (    0.530330086  -0.176776695   0.530330086 ) 

    1    1
  0.07027114   0.00000000    -0.04980447  -0.00000000     0.03390694   0.00000000
 -0.04980447   0.00000000     0.15279334  -0.00000000    -0.04980447   0.00000000
  0.03390694   0.00000000    -0.04980447  -0.00000000     0.07027114   0.00000000

     Dynamical  Matrix in cartesian axes

     q = (    0.530330086  -0.176776695  -0.530330086 ) 

    1    1
  0.07027114   0.00000000    -0.04980447   0.00000000    -0.03390694  -0.00000000
 -0.04980447   0.00000000     0.15279334  -0.00000000     0.04980447   0.00000000
 -0.03390694  -0.00000000     0.04980447   0.00000000     0.07027114   0.00000000

     Dynamical  Matrix in cartesian axes

     q = (   -0.530330086  -0.176776695  -0.530330086 ) 

    1    1
  0.07027114   0.00000000     0.04980447   0.00000000     0.03390694   0.00000000
  0.04980447  -0.00000000     0.15279334  -0.00000000     0.04980447  -0.00000000
  0.03390694   0.00000000     0.04980447   0.00000000     0.07027114   0.00000000

     Dynamical  Matrix in cartesian axes

     q = (   -0.530330086  -0.176776695   0.530330086 ) 

    1    1
  0.07027114   0.00000000     0.04980447   0.00000000    -0.03390694  -0.00000000
  0.04980447  -0.00000000     0.15279334  -0.00000000    -0.04980447   0.00000000
 -0.03390694  -0.00000000    -0.04980447  -0.00000000     0.07027114   0.00000000

     Dynamical  Matrix in cartesian axes

     q = (   -0.530330086   0.176776695  -0.530330086 ) 

    1    1
  0.07027114   0.00000000    -0.04980447  -0.00000000     0.03390694   0.00000000
 -0.04980447   0.00000000     0.15279334  -0.00000000    -0.04980447   0.00000000
  0.03390694   0.00000000    -0.04980447  -0.00000000     0.07027114   0.00000000

     Dynamical  Matrix in cartesian axes

     q = (   -0.176776695   0.530330086  -0.530330086 ) 

    1    1
  0.15279334  -0.00000000    -0.04980447   0.00000000     0.04980447  -0.00000000
 -0.04980447  -0.00000000     0.07027114   0.00000000    -0.03390694  -0.00000000
  0.04980447   0.00000000    -0.03390694  -0.00000000     0.07027114   0.00000000

     Dynamical  Matrix in cartesian axes

     q = (   -0.530330086   0.530330086  -0.176776695 ) 

    1    1
  0.07027114   0.00000000    -0.03390694  -0.00000000     0.04980447   0.00000000
 -0.03390694  -0.00000000     0.07027114   0.00000000    -0.04980447  -0.00000000
  0.04980447  -0.00000000    -0.04980447   0.00000000     0.15279334  -0.00000000

     Dynamical  Matrix in cartesian axes

     q = (    0.530330086   0.176776695   0.530330086 ) 

    1    1
  0.07027114   0.00000000     0.04980447   0.00000000     0.03390694   0.00000000
  0.04980447  -0.00000000     0.15279334  -0.00000000     0.04980447  -0.00000000
  0.03390694   0.00000000     0.04980447   0.00000000     0.07027114   0.00000000

     Dynamical  Matrix in cartesian axes

     q = (   -0.530330086   0.176776695   0.530330086 ) 

    1    1
  0.07027114   0.00000000    -0.04980447   0.00000000    -0.03390694  -0.00000000
 -0.04980447   0.00000000     0.15279334  -0.00000000     0.04980447   0.00000000
 -0.03390694  -0.00000000     0.04980447   0.00000000     0.07027114   0.00000000

     Dynamical  Matrix in cartesian axes

     q = (    0.530330086   0.176776695  -0.530330086 ) 

    1    1
  0.07027114   0.00000000     0.04980447   0.00000000    -0.03390694  -0.00000000
  0.04980447  -0.00000000     0.15279334  -0.00000000    -0.04980447   0.00000000
 -0.03390694  -0.00000000    -0.04980447  -0.00000000     0.07027114   0.00000000

     Dynamical  Matrix in cartesian axes

     q = (   -0.530330086   0.530330086   0.176776695 ) 

    1    1
  0.07027114   0.00000000    -0.03390694  -0.00000000    -0.04980447   0.00000000
 -0.03390694  -0.00000000     0.07027114   0.00000000     0.04980447   0.00000000
 -0.04980447   0.00000000     0.04980447   0.00000000     0.15279334  -0.00000000

     Dynamical  Matrix in cartesian axes

     q = (   -0.176776695   0.530330086   0.530330086 ) 

    1    1
  0.15279334  -0.00000000    -0.04980447  -0.00000000    -0.04980447   0.00000000
 -0.04980447   0.00000000     0.07027114   0.00000000     0.03390694   0.00000000
 -0.04980447   0.00000000     0.03390694   0.00000000     0.07027114   0.00000000

     Dynamical  Matrix in cartesian axes

     q = (    0.176776695   0.530330086  -0.530330086 ) 

    1    1
  0.15279334  -0.00000000     0.04980447  -0.00000000    -0.04980447   0.00000000
  0.04980447   0.00000000     0.07027114   0.00000000    -0.03390694  -0.00000000
 -0.04980447  -0.00000000    -0.03390694  -0.00000000     0.07027114   0.00000000

     Dynamical  Matrix in cartesian axes

     q = (   -0.176776695  -0.530330086  -0.530330086 ) 

    1    1
  0.15279334  -0.00000000     0.04980447  -0.00000000     0.04980447  -0.00000000
  0.04980447   0.00000000     0.07027114   0.00000000     0.03390694   0.00000000
  0.04980447   0.00000000     0.03390694   0.00000000     0.07027114   0.00000000

     Dynamical  Matrix in cartesian axes

     q = (    0.530330086   0.530330086  -0.176776695 ) 

    1    1
  0.07027114   0.00000000     0.03390694   0.00000000    -0.04980447  -0.00000000
  0.03390694   0.00000000     0.07027114   0.00000000    -0.04980447  -0.00000000
 -0.04980447   0.00000000    -0.04980447   0.00000000     0.15279334  -0.00000000

     Dynamical  Matrix in cartesian axes

     q = (    0.530330086  -0.530330086   0.176776695 ) 

    1    1
  0.07027114   0.00000000    -0.03390694  -0.00000000     0.04980447   0.00000000
 -0.03390694  -0.00000000     0.07027114   0.00000000    -0.04980447  -0.00000000
  0.04980447  -0.00000000    -0.04980447   0.00000000     0.15279334  -0.00000000

     Dynamical  Matrix in cartesian axes

     q = (   -0.530330086  -0.530330086  -0.176776695 ) 

    1    1
  0.07027114   0.00000000     0.03390694   0.00000000     0.04980447   0.00000000
  0.03390694   0.00000000     0.07027114   0.00000000     0.04980447   0.00000000
  0.04980447  -0.00000000     0.04980447  -0.00000000     0.15279334  -0.00000000

     Dynamical  Matrix in cartesian axes

     q = (    0.176776695  -0.530330086   0.530330086 ) 

    1    1
  0.15279334  -0.00000000    -0.04980447   0.00000000     0.04980447  -0.00000000
 -0.04980447  -0.00000000     0.07027114   0.00000000    -0.03390694  -0.00000000
  0.04980447   0.00000000    -0.03390694  -0.00000000     0.07027114   0.00000000

     Dynamical  Matrix in cartesian axes

     q = (   -0.530330086  -0.530330086   0.176776695 ) 

    1    1
  0.07027114   0.00000000     0.03390694   0.00000000    -0.04980447  -0.00000000
  0.03390694   0.00000000     0.07027114   0.00000000    -0.04980447  -0.00000000
 -0.04980447   0.00000000    -0.04980447   0.00000000     0.15279334  -0.00000000

     Dynamical  Matrix in cartesian axes

     q = (    0.176776695   0.530330086   0.530330086 ) 

    1    1
  0.15279334  -0.00000000     0.04980447  -0.00000000     0.04980447  -0.00000000
  0.04980447   0.00000000     0.07027114   0.00000000     0.03390694   0.00000000
  0.04980447   0.00000000     0.03390694   0.00000000     0.07027114   0.00000000

     Dynamical  Matrix in cartesian axes

     q = (   -0.176776695  -0.530330086   0.530330086 ) 

    1    1
  0.15279334  -0.00000000     0.04980447  -0.00000000    -0.04980447   0.00000000
  0.04980447   0.00000000     0.07027114   0.00000000    -0.03390694  -0.00000000
 -0.04980447  -0.00000000    -0.03390694  -0.00000000     0.07027114   0.00000000

     Dynamical  Matrix in cartesian axes

     q = (    0.530330086   0.530330086   0.176776695 ) 

    1    1
  0.07027114   0.00000000     0.03390694   0.00000000     0.04980447   0.00000000
  0.03390694   0.00000000     0.07027114   0.00000000     0.04980447   0.00000000
  0.04980447  -0.00000000     0.04980447  -0.00000000     0.15279334  -0.00000000

     Dynamical  Matrix in cartesian axes

     q = (    0.176776695  -0.530330086  -0.530330086 ) 

    1    1
  0.15279334  -0.00000000    -0.04980447  -0.00000000    -0.04980447   0.00000000
 -0.04980447   0.00000000     0.07027114   0.00000000     0.03390694   0.00000000
 -0.04980447   0.00000000     0.03390694   0.00000000     0.07027114   0.00000000

     Dynamical  Matrix in cartesian axes

     q = (    0.530330086  -0.530330086  -0.176776695 ) 

    1    1
  0.07027114   0.00000000    -0.03390694  -0.00000000    -0.04980447   0.00000000
 -0.03390694  -0.00000000     0.07027114   0.00000000     0.04980447   0.00000000
 -0.04980447   0.00000000     0.04980447   0.00000000     0.15279334  -0.00000000
