  5.000000000000000E-003  0.616750286570726        2.77724569394216     
          12

     Dynamical  Matrix in cartesian axes

     q = (    0.353553391   0.000000000   0.353553391 ) 

    1    1
  0.12904724   0.00000000     0.00000000   0.00000000     0.12225849   0.00000000
  0.00000000   0.00000000     0.06553619   0.00000000     0.00000000   0.00000000
  0.12225849   0.00000000     0.00000000   0.00000000     0.12904724   0.00000000

     Dynamical  Matrix in cartesian axes

     q = (   -0.353553391   0.000000000   0.353553391 ) 

    1    1
  0.12904724   0.00000000     0.00000000   0.00000000    -0.12225849   0.00000000
  0.00000000   0.00000000     0.06553619   0.00000000     0.00000000   0.00000000
 -0.12225849   0.00000000     0.00000000   0.00000000     0.12904724   0.00000000

     Dynamical  Matrix in cartesian axes

     q = (   -0.353553391   0.000000000  -0.353553391 ) 

    1    1
  0.12904724   0.00000000     0.00000000   0.00000000     0.12225849   0.00000000
  0.00000000   0.00000000     0.06553619   0.00000000     0.00000000   0.00000000
  0.12225849   0.00000000     0.00000000   0.00000000     0.12904724   0.00000000

     Dynamical  Matrix in cartesian axes

     q = (    0.353553391   0.000000000  -0.353553391 ) 

    1    1
  0.12904724   0.00000000     0.00000000   0.00000000    -0.12225849   0.00000000
  0.00000000   0.00000000     0.06553619   0.00000000     0.00000000   0.00000000
 -0.12225849   0.00000000     0.00000000   0.00000000     0.12904724   0.00000000

     Dynamical  Matrix in cartesian axes

     q = (    0.000000000   0.353553391  -0.353553391 ) 

    1    1
  0.06553619   0.00000000     0.00000000   0.00000000     0.00000000   0.00000000
  0.00000000   0.00000000     0.12904724   0.00000000    -0.12225849   0.00000000
  0.00000000   0.00000000    -0.12225849   0.00000000     0.12904724   0.00000000

     Dynamical  Matrix in cartesian axes

     q = (   -0.353553391   0.353553391   0.000000000 ) 

    1    1
  0.12904724   0.00000000    -0.12225849   0.00000000     0.00000000   0.00000000
 -0.12225849   0.00000000     0.12904724   0.00000000     0.00000000   0.00000000
  0.00000000   0.00000000     0.00000000   0.00000000     0.06553619   0.00000000

     Dynamical  Matrix in cartesian axes

     q = (    0.000000000   0.353553391   0.353553391 ) 

    1    1
  0.06553619   0.00000000     0.00000000   0.00000000    -0.00000000   0.00000000
  0.00000000   0.00000000     0.12904724   0.00000000     0.12225849   0.00000000
 -0.00000000   0.00000000     0.12225849   0.00000000     0.12904724   0.00000000

     Dynamical  Matrix in cartesian axes

     q = (    0.000000000  -0.353553391  -0.353553391 ) 

    1    1
  0.06553619   0.00000000     0.00000000   0.00000000    -0.00000000   0.00000000
  0.00000000   0.00000000     0.12904724   0.00000000     0.12225849   0.00000000
 -0.00000000   0.00000000     0.12225849   0.00000000     0.12904724   0.00000000

     Dynamical  Matrix in cartesian axes

     q = (    0.353553391   0.353553391   0.000000000 ) 

    1    1
  0.12904724   0.00000000     0.12225849   0.00000000    -0.00000000   0.00000000
  0.12225849   0.00000000     0.12904724   0.00000000     0.00000000   0.00000000
  0.00000000   0.00000000     0.00000000   0.00000000     0.06553619   0.00000000

     Dynamical  Matrix in cartesian axes

     q = (    0.353553391  -0.353553391   0.000000000 ) 

    1    1
  0.12904724   0.00000000    -0.12225849   0.00000000     0.00000000   0.00000000
 -0.12225849   0.00000000     0.12904724   0.00000000     0.00000000   0.00000000
  0.00000000   0.00000000     0.00000000   0.00000000     0.06553619   0.00000000

     Dynamical  Matrix in cartesian axes

     q = (   -0.353553391  -0.353553391   0.000000000 ) 

    1    1
  0.12904724   0.00000000     0.12225849   0.00000000    -0.00000000   0.00000000
  0.12225849   0.00000000     0.12904724   0.00000000     0.00000000   0.00000000
 -0.00000000   0.00000000     0.00000000   0.00000000     0.06553619   0.00000000

     Dynamical  Matrix in cartesian axes

     q = (    0.000000000  -0.353553391   0.353553391 ) 

    1    1
  0.06553619   0.00000000     0.00000000   0.00000000     0.00000000   0.00000000
  0.00000000   0.00000000     0.12904724   0.00000000    -0.12225849   0.00000000
  0.00000000   0.00000000    -0.12225849   0.00000000     0.12904724   0.00000000
