              w [eV]            znorm(w)       delta(w) [eV]
    3.6547403674E-04    1.3416253486E+00    1.0224021025E-04
    1.0964221102E-03    1.3414454567E+00    1.0209113502E-04
    1.8273701837E-03    1.3410869755E+00    1.0179435094E-04
    2.5583182572E-03    1.3405524703E+00    1.0135254225E-04
    3.2892663307E-03    1.3398456918E+00    1.0076961799E-04
    4.0202144042E-03    1.3389714673E+00    1.0005058252E-04
    4.7511624777E-03    1.3379355690E+00    9.9201379453E-05
    5.4821105512E-03    1.3367445664E+00    9.8228720292E-05
    6.2130586246E-03    1.3354056726E+00    9.7139908428E-05
    6.9440066981E-03    1.3339265914E+00    9.5942667821E-05
    7.6749547716E-03    1.3323153709E+00    9.4644983562E-05
    8.4059028451E-03    1.3305802700E+00    9.3254959214E-05
    9.1368509186E-03    1.3287296382E+00    9.1780693660E-05
    9.8677989921E-03    1.3267718122E+00    9.0230178305E-05
    1.0598747066E-02    1.3247150285E+00    8.8611214096E-05
    1.1329695139E-02    1.3225673520E+00    8.6931346877E-05
    1.2060643213E-02    1.3203366189E+00    8.5197819038E-05
    1.2791591286E-02    1.3180303930E+00    8.3417535190E-05
    1.3522539360E-02    1.3156559329E+00    8.1597039606E-05
    1.4253487433E-02    1.3132201694E+00    7.9742503294E-05
    1.4984435506E-02    1.3107296913E+00    7.7859718795E-05
    1.5715383580E-02    1.3081907370E+00    7.5954101060E-05
    1.6446331653E-02    1.3056091927E+00    7.4030693014E-05
    1.7177279727E-02    1.3029905943E+00    7.2094174650E-05
    1.7908227800E-02    1.3003401329E+00    7.0148874726E-05
    1.8639175874E-02    1.2976626629E+00    6.8198784303E-05
    1.9370123947E-02    1.2949627123E+00    6.6247571529E-05
    2.0101072021E-02    1.2922444942E+00    6.4298597211E-05
    2.0832020094E-02    1.2895119194E+00    6.2354930779E-05
    2.1562968168E-02    1.2867686099E+00    6.0419366393E-05
    2.2293916241E-02    1.2840179123E+00    5.8494438948E-05
    2.3024864315E-02    1.2812629116E+00    5.6582439823E-05
    2.3755812388E-02    1.2785064452E+00    5.4685432246E-05
    2.4486760462E-02    1.2757511164E+00    5.2805266190E-05
    2.5217708535E-02    1.2729993075E+00    5.0943592724E-05
    2.5948656609E-02    1.2702531932E+00    4.9101877785E-05
    2.6679604682E-02    1.2675147528E+00    4.7281415330E-05
    2.7410552756E-02    1.2647857822E+00    4.5483339861E-05
    2.8141500829E-02    1.2620679060E+00    4.3708638317E-05
    2.8872448903E-02    1.2593625880E+00    4.1958161318E-05
    2.9603396976E-02    1.2566711418E+00    4.0232633793E-05
    3.0334345050E-02    1.2539947412E+00    3.8532664988E-05
    3.1065293123E-02    1.2513344293E+00    3.6858757868E-05
    3.1796241197E-02    1.2486911279E+00    3.5211317949E-05
    3.2527189270E-02    1.2460656453E+00    3.3590661553E-05
    3.3258137344E-02    1.2434586850E+00    3.1997023543E-05
    3.3989085417E-02    1.2408708529E+00    3.0430564528E-05
    3.4720033491E-02    1.2383026641E+00    2.8891377582E-05
    3.5450981564E-02    1.2357545500E+00    2.7379494497E-05
    3.6181929638E-02    1.2332268644E+00    2.5894891593E-05
    3.6912877711E-02    1.2307198888E+00    2.4437495103E-05
    3.7643825785E-02    1.2282338386E+00    2.3007186169E-05
    3.8374773858E-02    1.2257688675E+00    2.1603805463E-05
    3.9105721932E-02    1.2233250727E+00    2.0227157455E-05
    3.9836670005E-02    1.2209024989E+00    1.8877014353E-05
    4.0567618079E-02    1.2185011427E+00    1.7553119739E-05
    4.1298566152E-02    1.2161209562E+00    1.6255191908E-05
    4.2029514226E-02    1.2137618507E+00    1.4982926949E-05
    4.2760462299E-02    1.2114236999E+00    1.3736001559E-05
    4.3491410372E-02    1.2091063429E+00    1.2514075643E-05
    4.4222358446E-02    1.2068095871E+00    1.1316794675E-05
    4.4953306519E-02    1.2045332108E+00    1.0143791874E-05
    4.5684254593E-02    1.2022769656E+00    8.9946901793E-06
    4.6415202666E-02    1.2000405786E+00    7.8691040619E-06
    4.7146150740E-02    1.1978237545E+00    6.7666411654E-06
    4.7877098813E-02    1.1956261777E+00    5.6869038039E-06
    4.8608046887E-02    1.1934475136E+00    4.6294903185E-06
    4.9338994960E-02    1.1912874107E+00    3.5939963078E-06
    5.0069943034E-02    1.1891455018E+00    2.5800157401E-06
    5.0800891107E-02    1.1870214056E+00    1.5871419574E-06
    5.1531839181E-02    1.1849147279E+00    6.1496857907E-07
    5.2262787254E-02    1.1828250626E+00   -3.3690968577E-07
    5.2993735328E-02    1.1807519930E+00   -1.2688963108E-06
    5.3724683401E-02    1.1786950930E+00   -2.1813923025E-06
    5.4455631475E-02    1.1766539273E+00   -3.0747956215E-06
    5.5186579548E-02    1.1746280533E+00   -3.9495006689E-06
    5.5917527622E-02    1.1726170210E+00   -4.8058978327E-06
    5.6648475695E-02    1.1706203743E+00   -5.6443730892E-06
    5.7379423769E-02    1.1686376515E+00   -6.4653076533E-06
    5.8110371842E-02    1.1666683859E+00   -7.2690776759E-06
    5.8841319916E-02    1.1647121068E+00   -8.0560539820E-06
    5.9572267989E-02    1.1627683395E+00   -8.8266018472E-06
    6.0303216063E-02    1.1608366064E+00   -9.5810808083E-06
    6.1034164136E-02    1.1589164275E+00   -1.0319844506E-05
    6.1765112210E-02    1.1570073206E+00   -1.1043240554E-05
    6.2496060283E-02    1.1551088023E+00   -1.1751610439E-05
    6.3227008357E-02    1.1532203883E+00   -1.2445289436E-05
    6.3957956430E-02    1.1513415941E+00   -1.3124606554E-05
    6.4688904504E-02    1.1494719354E+00   -1.3789884492E-05
    6.5419852577E-02    1.1476109288E+00   -1.4441439619E-05
    6.6150800651E-02    1.1457580926E+00   -1.5079581962E-05
    6.6881748724E-02    1.1439129472E+00   -1.5704615218E-05
    6.7612696798E-02    1.1420750160E+00   -1.6316836768E-05
    6.8343644871E-02    1.1402438259E+00   -1.6916537709E-05
    6.9074592945E-02    1.1384189085E+00   -1.7504002890E-05
    6.9805541018E-02    1.1365998006E+00   -1.8079510961E-05
    7.0536489091E-02    1.1347860456E+00   -1.8643334428E-05
    7.1267437165E-02    1.1329771939E+00   -1.9195739714E-05
    7.1998385238E-02    1.1311728046E+00   -1.9736987227E-05
    7.2729333312E-02    1.1293724465E+00   -2.0267331430E-05
    7.3460281385E-02    1.1275756994E+00   -2.0787020920E-05
    7.4191229459E-02    1.1257821557E+00   -2.1296298505E-05
    7.4922177532E-02    1.1239914218E+00   -2.1795401288E-05
    7.5653125606E-02    1.1222031200E+00   -2.2284560754E-05
    7.6384073679E-02    1.1204168901E+00   -2.2764002852E-05
    7.7115021753E-02    1.1186323920E+00   -2.3233948088E-05
    7.7845969826E-02    1.1168493072E+00   -2.3694611617E-05
    7.8576917900E-02    1.1150673417E+00   -2.4146203326E-05
    7.9307865973E-02    1.1132862286E+00   -2.4588927931E-05
    8.0038814047E-02    1.1115057304E+00   -2.5022985071E-05
    8.0769762120E-02    1.1097256426E+00   -2.5448569392E-05
    8.1500710194E-02    1.1079457967E+00   -2.5865870646E-05
    8.2231658267E-02    1.1061660636E+00   -2.6275073779E-05
    8.2962606341E-02    1.1043863573E+00   -2.6676359025E-05
    8.3693554414E-02    1.1026066390E+00   -2.7069901995E-05
    8.4424502488E-02    1.1008269211E+00   -2.7455873771E-05
    8.5155450561E-02    1.0990472715E+00   -2.7834440993E-05
    8.5886398635E-02    1.0972678186E+00   -2.8205765954E-05
    8.6617346708E-02    1.0954887555E+00   -2.8570006689E-05
    8.7348294782E-02    1.0937103453E+00   -2.8927317065E-05
    8.8079242855E-02    1.0919329259E+00   -2.9277846875E-05
    8.8810190929E-02    1.0901569150E+00   -2.9621741926E-05
    8.9541139002E-02    1.0883828149E+00   -2.9959144137E-05
    9.0272087076E-02    1.0866112170E+00   -3.0290191627E-05
    9.1003035149E-02    1.0848428062E+00   -3.0615018815E-05
    9.1733983223E-02    1.0830783642E+00   -3.0933756516E-05
    9.2464931296E-02    1.0813187721E+00   -3.1246532040E-05
    9.3195879370E-02    1.0795650120E+00   -3.1553469292E-05
    9.3926827443E-02    1.0778181664E+00   -3.1854688883E-05
    9.4657775517E-02    1.0760794165E+00   -3.2150308234E-05
    9.5388723590E-02    1.0743500375E+00   -3.2440441687E-05
    9.6119671664E-02    1.0726313918E+00   -3.2725200627E-05
    9.6850619737E-02    1.0709249187E+00   -3.3004693596E-05
    9.7581567811E-02    1.0692321221E+00   -3.3279026418E-05
    9.8312515884E-02    1.0675545542E+00   -3.3548302324E-05
    9.9043463957E-02    1.0658937971E+00   -3.3812622079E-05
    9.9774412031E-02    1.0642514423E+00   -3.4072084109E-05
