    0.000000000    0.315984228    0.315983413
    0.136946090    0.315982788    0.315983592
    0.273892180    0.315984196    0.315983416
    0.410838271    0.315982848    0.315983583
    0.547784361    0.315984103    0.315983426
    0.684730451    0.315982965    0.315983566
    0.821676541    0.315983956    0.315983441
    0.958622631    0.315983127    0.315983542
    1.095568722    0.315983768    0.315983460
    1.232514812    0.315983321    0.315983513
    1.369460902    0.315983555    0.315983481
    1.506406992    0.315983529    0.315983481
    1.643353082    0.315983334    0.315983502
    1.780299173    0.315983733    0.315983447
    1.917245263    0.315983124    0.315983520
    2.054191353    0.315983916    0.315983416
    2.191137443    0.315982942    0.315983533
    2.328083533    0.315984060    0.315983388
    2.465029624    0.315982803    0.315983539
    2.601975714    0.315984152    0.315983365
    2.738921804    0.315982719    0.315983537
    2.875867894    0.315984182    0.315983348
    3.012813985    0.315982697    0.315983526
    3.149760075    0.315984148    0.315983339
    3.286706165    0.315982738    0.315983506
    3.423652255    0.315984049    0.315983336
    3.560598345    0.315982838    0.315983478
    3.697544436    0.315983893    0.315983339
    3.834490526    0.315982988    0.315983441
    3.971436616    0.315983691    0.315983346
    4.108382706    0.315983173    0.315983399
    4.245328796    0.315983458    0.315983355
    4.382274887    0.315983378    0.315983353
    4.519220977    0.315983213    0.315983364
    4.656167067    0.315983583    0.315983306
    4.793113157    0.315982975    0.315983371
    4.930059247    0.315983768    0.315983259
    5.067005338    0.315982763    0.315983373
    5.203951428    0.315983916    0.315983215
    5.340897518    0.315982593    0.315983367
    5.477843608    0.315984010    0.315983176
    5.614789698    0.315982480    0.315983353
    5.751735789    0.315984040    0.315983143
    5.888681879    0.315982430    0.315983327
    6.025627969    0.315983999    0.315983116
    6.162574059    0.315982448    0.315983291
    6.299520149    0.315983885    0.315983095
    6.436466240    0.315982530    0.315983243
    6.573412330    0.315983705    0.315983078
    6.710358420    0.315982666    0.315983184
    6.847304510    0.315983468    0.315983063
    6.984250600    0.315982842    0.315983113
    7.121196691    0.315983189    0.315983046
    7.258142781    0.315983039    0.315983033
    7.395088871    0.315982885    0.315983022
    7.532034961    0.315983232    0.315982941
    7.668981052    0.315982573    0.315982986
    7.805927142    0.315983397    0.315982837
    7.942873232    0.315982272    0.315982930
    8.079819322    0.315983507    0.315982718
    8.216765412    0.315981995    0.315982844
    8.353711503    0.315983535    0.315982576
    8.490657593    0.315981747    0.315982714
    8.627603683    0.315983454    0.315982398
    8.764549773    0.315981525    0.315982510
    8.901495863    0.315983237    0.315982144
    9.038441954    0.315981291    0.315982195
    9.175388044    0.315982783    0.315981781
    9.312334134    0.315980968    0.315981730
    9.449280224    0.315982107    0.315981263
    9.586226314    0.315980556    0.315981065
    9.723172405    0.315981171    0.315980534
    9.860118495    0.315979967    0.315980135
    9.997064585    0.315979900    0.315979500
   10.134010675    0.315979067    0.315978824
   10.270956765    0.315978178    0.315978011
   10.407902856    0.315977664    0.315976951
   10.544848946    0.315975823    0.315975836
   10.681795036    0.315975478    0.315974240
   10.818741126    0.315972547    0.315972628
   10.955687216    0.315972092    0.315970272
   11.092633307    0.315967897    0.315967864
   11.229579397    0.315966895    0.315964407
   11.366525487    0.315961172    0.315960747
   11.503471577    0.315958969    0.315955700
   11.640417667    0.315951278    0.315950187
   11.777363758    0.315946927    0.315942813
   11.914309848    0.315936761    0.315934406
   12.051255938    0.315929305    0.315923457
   12.188202028    0.315915282    0.315910544
   12.325148119    0.315902321    0.315894075
   12.462094209    0.315882324    0.315874152
   12.599040299    0.315860888    0.315849054
   12.735986389    0.315831645    0.315818244
   12.872932479    0.315797297    0.315779815
   13.009878570    0.315753621    0.315732238
   13.146824660    0.315699615    0.315673187
   13.283770750    0.315633314    0.315599733
   13.420716840    0.315549288    0.315508713
   13.557662930    0.315447529    0.315395204
   13.694609021    0.315317469    0.315254495
   13.831555111    0.315160152    0.315078787
   13.968501201    0.314959064    0.314860657
   14.105447291    0.314714646    0.314588060
   14.242393381    0.314403360    0.314248988
   14.379339472    0.314022376    0.313824961
   14.516285562    0.313539351    0.313296404
   14.653231652    0.312943966    0.312634888
   14.790177742    0.312191965    0.311808539
   14.927123832    0.311259163    0.310773296
   15.064069923    0.310084036    0.309477388
   15.201016013    0.308618915    0.307851867
   15.337962103    0.306775678    0.305812946
   15.474908193    0.304467992    0.303251896
   15.611854283    0.301565316    0.300033654
   15.748800374    0.297919520    0.295985828
   15.885746464    0.293331813    0.290891613
   16.022692554    0.287556346    0.284477441
   16.159638644    0.280284134    0.276397938
   16.296584734    0.271116169    0.266221579
   16.433530825    0.259568790    0.253405115
   16.570476915    0.245008791    0.237277207
   16.707423005    0.226685012    0.217000706
   16.844369095    0.203616565    0.191558753
   16.981315185    0.174660986    0.159712424
   17.118261276    0.138348627    0.120083285
   17.255207366    0.093022501    0.071202840
   17.392153456    0.036644485    0.011659895
   17.529099546   -0.032395180   -0.059482331
   17.666045637   -0.115478105   -0.142336360
   17.802991727   -0.213184050   -0.235951583
   17.939937817   -0.323334597   -0.338083597
   18.076883907   -0.441629573   -0.445195436
   18.213829997   -0.562284064   -0.552618159
   18.350776088   -0.678279609   -0.654899831
   18.487722178   -0.782178056   -0.746435554
   18.624668268   -0.867437162   -0.822061669
   18.761614358   -0.929155754   -0.877602961
   18.898560448   -0.964084660   -0.910373173
   19.035506539   -0.971012376   -0.919485106
   19.172452629   -0.951073111   -0.905946105
   19.309398719   -0.907671093   -0.872639247
   19.446344809   -0.845961584   -0.824184022
   19.583290899   -0.772664158   -0.766572986
   19.720236990   -0.696007743   -0.706694324
   19.857183080   -0.624898092   -0.651850576
   19.994129170   -0.567735123   -0.609256155
   20.131075260   -0.531922478   -0.585603860
   20.268021350   -0.523764856   -0.586974494
   20.404967441   -0.547800635   -0.618704355
   20.541913531   -0.607098095   -0.685009311
   20.678859621   -0.705602179   -0.788584591
   20.815805711   -0.847007122   -0.929466431
   20.952751801   -1.031869815   -1.104016829
   21.089697892   -1.256949439   -1.304423146
   21.226643982   -1.509937735   -1.518400618
   21.363590072   -1.769653417   -1.730077634
   21.500536162   -2.009942317   -1.921552312
   21.637482252   -2.203444482   -2.074666140
   21.774428343   -2.328746234   -2.173738533
   21.911374433   -2.372192563   -2.208065518
   22.048320523   -2.328746234   -2.173738533
   22.185266613   -2.203444482   -2.074666140
   22.322212704   -2.009942317   -1.921552312
   22.459158794   -1.769653417   -1.730077634
   22.596104884   -1.509937735   -1.518400618
   22.733050974   -1.256949439   -1.304423146
   22.869997064   -1.031869815   -1.104016829
   23.006943155   -0.847007122   -0.929466431
   23.143889245   -0.705602179   -0.788584591
   23.280835335   -0.607098095   -0.685009311
   23.417781425   -0.547800635   -0.618704355
   23.554727515   -0.523764856   -0.586974494
   23.691673606   -0.531922478   -0.585603860
   23.828619696   -0.567735123   -0.609256155
   23.965565786   -0.624898092   -0.651850576
   24.102511876   -0.696007743   -0.706694324
   24.239457966   -0.772664158   -0.766572986
   24.376404057   -0.845961584   -0.824184022
   24.513350147   -0.907671093   -0.872639247
   24.650296237   -0.951073111   -0.905946105
   24.787242327   -0.971012376   -0.919485106
   24.924188417   -0.964084660   -0.910373173
   25.061134508   -0.929155754   -0.877602961
   25.198080598   -0.867437162   -0.822061669
   25.335026688   -0.782178056   -0.746435554
   25.471972778   -0.678279609   -0.654899831
   25.608918868   -0.562284064   -0.552618159
   25.745864959   -0.441629573   -0.445195436
   25.882811049   -0.323334597   -0.338083597
   26.019757139   -0.213184050   -0.235951583
   26.156703229   -0.115478105   -0.142336360
   26.293649319   -0.032395180   -0.059482331
   26.430595410    0.036644485    0.011659895
   26.567541500    0.093022501    0.071202840
   26.704487590    0.138348627    0.120083285
   26.841433680    0.174660986    0.159712424
   26.978379771    0.203616565    0.191558753
   27.115325861    0.226685012    0.217000706
   27.252271951    0.245008791    0.237277207
   27.389218041    0.259568790    0.253405115
   27.526164131    0.271116169    0.266221579
   27.663110222    0.280284134    0.276397938
   27.800056312    0.287556346    0.284477441
   27.937002402    0.293331813    0.290891613
   28.073948492    0.297919520    0.295985828
   28.210894582    0.301565316    0.300033654
   28.347840673    0.304467992    0.303251896
   28.484786763    0.306775678    0.305812946
   28.621732853    0.308618915    0.307851867
   28.758678943    0.310084036    0.309477388
   28.895625033    0.311259163    0.310773296
   29.032571124    0.312191965    0.311808539
   29.169517214    0.312943966    0.312634888
   29.306463304    0.313539351    0.313296404
   29.443409394    0.314022376    0.313824961
   29.580355484    0.314403360    0.314248988
   29.717301575    0.314714646    0.314588060
   29.854247665    0.314959064    0.314860657
   29.991193755    0.315160152    0.315078787
   30.128139845    0.315317469    0.315254495
   30.265085935    0.315447529    0.315395204
   30.402032026    0.315549288    0.315508713
   30.538978116    0.315633314    0.315599733
   30.675924206    0.315699615    0.315673187
   30.812870296    0.315753621    0.315732238
   30.949816386    0.315797297    0.315779815
   31.086762477    0.315831645    0.315818244
   31.223708567    0.315860888    0.315849054
   31.360654657    0.315882324    0.315874152
   31.497600747    0.315902321    0.315894075
   31.634546837    0.315915282    0.315910544
   31.771492928    0.315929305    0.315923457
   31.908439018    0.315936761    0.315934406
   32.045385108    0.315946927    0.315942813
   32.182331198    0.315951278    0.315950187
   32.319277289    0.315958969    0.315955700
   32.456223379    0.315961172    0.315960747
   32.593169469    0.315966895    0.315964407
   32.730115559    0.315967897    0.315967864
   32.867061649    0.315972092    0.315970272
   33.004007740    0.315972547    0.315972628
   33.140953830    0.315975478    0.315974240
   33.277899920    0.315975823    0.315975836
   33.414846010    0.315977664    0.315976951
   33.551792100    0.315978178    0.315978011
   33.688738191    0.315979067    0.315978824
   33.825684281    0.315979900    0.315979500
   33.962630371    0.315979967    0.315980135
   34.099576461    0.315981171    0.315980534
   34.236522551    0.315980556    0.315981065
   34.373468642    0.315982107    0.315981263
   34.510414732    0.315980968    0.315981730
   34.647360822    0.315982783    0.315981781
   34.784306912    0.315981291    0.315982195
   34.921253002    0.315983237    0.315982144
   35.058199093    0.315981525    0.315982510
   35.195145183    0.315983454    0.315982398
   35.332091273    0.315981747    0.315982714
   35.469037363    0.315983535    0.315982576
   35.605983453    0.315981995    0.315982844
   35.742929544    0.315983507    0.315982718
   35.879875634    0.315982272    0.315982930
   36.016821724    0.315983397    0.315982837
   36.153767814    0.315982573    0.315982986
   36.290713904    0.315983232    0.315982941
   36.427659995    0.315982885    0.315983022
   36.564606085    0.315983039    0.315983033
   36.701552175    0.315983189    0.315983046
   36.838498265    0.315982842    0.315983113
   36.975444356    0.315983468    0.315983063
   37.112390446    0.315982666    0.315983184
   37.249336536    0.315983705    0.315983078
   37.386282626    0.315982530    0.315983243
   37.523228716    0.315983885    0.315983095
   37.660174807    0.315982448    0.315983291
   37.797120897    0.315983999    0.315983116
   37.934066987    0.315982430    0.315983327
   38.071013077    0.315984040    0.315983143
   38.207959167    0.315982480    0.315983353
   38.344905258    0.315984010    0.315983176
   38.481851348    0.315982593    0.315983367
   38.618797438    0.315983916    0.315983215
   38.755743528    0.315982763    0.315983373
   38.892689618    0.315983768    0.315983259
   39.029635709    0.315982975    0.315983371
   39.166581799    0.315983583    0.315983306
   39.303527889    0.315983213    0.315983364
   39.440473979    0.315983378    0.315983353
   39.577420069    0.315983458    0.315983355
   39.714366160    0.315983173    0.315983399
   39.851312250    0.315983691    0.315983346
   39.988258340    0.315982988    0.315983441
   40.125204430    0.315983893    0.315983339
   40.262150520    0.315982838    0.315983478
   40.399096611    0.315984049    0.315983336
   40.536042701    0.315982738    0.315983506
   40.672988791    0.315984148    0.315983339
   40.809934881    0.315982697    0.315983526
   40.946880971    0.315984182    0.315983348
   41.083827062    0.315982719    0.315983537
   41.220773152    0.315984152    0.315983365
   41.357719242    0.315982803    0.315983539
   41.494665332    0.315984060    0.315983388
   41.631611423    0.315982942    0.315983533
   41.768557513    0.315983916    0.315983416
   41.905503603    0.315983124    0.315983520
   42.042449693    0.315983733    0.315983447
   42.179395783    0.315983334    0.315983502
   42.316341874    0.315983529    0.315983481
   42.453287964    0.315983555    0.315983481
   42.590234054    0.315983321    0.315983513
   42.727180144    0.315983768    0.315983460
   42.864126234    0.315983127    0.315983542
   43.001072325    0.315983956    0.315983441
   43.138018415    0.315982965    0.315983566
   43.274964505    0.315984103    0.315983426
   43.411910595    0.315982848    0.315983583
   43.548856685    0.315984196    0.315983416
   43.685802776    0.315982788    0.315983592
