  2.000000000000000E-002  0.615912330263392        2.64609657376066     
   4   4   4
   1   1   1   1
   1   1   1   8.60546050000E-02
   2   1   1  -1.36335918750E-02
   3   1   1  -1.50891125000E-03
   4   1   1  -1.36335918750E-02
   1   2   1   8.10753437500E-03
   2   2   1   2.02558000000E-03
   3   2   1  -3.04570000000E-03
   4   2   1  -1.36335918750E-02
   1   3   1  -5.88398375000E-03
   2   3   1   2.02558000000E-03
   3   3   1  -1.50891125000E-03
   4   3   1   2.02558000000E-03
   1   4   1   8.10753437500E-03
   2   4   1  -1.36335918750E-02
   3   4   1  -3.04570000000E-03
   4   4   1   2.02558000000E-03
   1   1   2  -1.36335918750E-02
   2   1   2  -3.04570000000E-03
   3   1   2   2.02558000000E-03
   4   1   2   8.10753437500E-03
   1   2   2   2.02558000000E-03
   2   2   2  -1.22984625000E-03
   3   2   2   2.02558000000E-03
   4   2   2   2.24083875000E-03
   1   3   2   2.02558000000E-03
   2   3   2  -3.04570000000E-03
   3   3   2  -4.72903125000E-04
   4   3   2   4.43378125000E-04
   1   4   2  -1.36335918750E-02
   2   4   2  -4.18438875000E-03
   3   4   2  -4.72903125000E-04
   4   4   2   2.24083875000E-03
   1   1   3  -1.50891125000E-03
   2   1   3   2.02558000000E-03
   3   1   3  -5.88398375000E-03
   4   1   3   2.02558000000E-03
   1   2   3  -3.04570000000E-03
   2   2   3   2.02558000000E-03
   3   2   3   4.43378125000E-04
   4   2   3  -4.72903125000E-04
   1   3   3  -1.50891125000E-03
   2   3   3  -4.72903125000E-04
   3   3   3   4.67761250000E-03
   4   3   3  -4.72903125000E-04
   1   4   3  -3.04570000000E-03
   2   4   3  -4.72903125000E-04
   3   4   3   4.43378125000E-04
   4   4   3   2.02558000000E-03
   1   1   4  -1.36335918750E-02
   2   1   4   8.10753437500E-03
   3   1   4   2.02558000000E-03
   4   1   4  -3.04570000000E-03
   1   2   4  -1.36335918750E-02
   2   2   4   2.24083875000E-03
   3   2   4  -4.72903125000E-04
   4   2   4  -4.18438875000E-03
   1   3   4   2.02558000000E-03
   2   3   4   4.43378125000E-04
   3   3   4  -4.72903125000E-04
   4   3   4  -3.04570000000E-03
   1   4   4   2.02558000000E-03
   2   4   4   2.24083875000E-03
   3   4   4   2.02558000000E-03
   4   4   4  -1.22984625000E-03
   1   2   1   1
   1   1   1   2.16840434497E-19
   2   1   1   1.08420217249E-19
   3   1   1   2.16840434497E-19
   4   1   1   1.08420217249E-19
   1   2   1   1.08420217249E-19
   2   2   1   2.94471125000E-03
   3   2   1  -3.71942500000E-04
   4   2   1  -1.94449012500E-02
   1   3   1   0.00000000000E+00
   2   3   1  -3.71942500000E-04
   3   3   1   3.47394500000E-03
   4   3   1  -3.71942500000E-04
   1   4   1   1.08420217249E-19
   2   4   1  -1.94449012500E-02
   3   4   1  -3.71942500000E-04
   4   4   1   2.94471125000E-03
   1   1   2   1.94449012500E-02
   2   1   2   3.71942500000E-04
   3   1   2  -2.94471125000E-03
   4   1   2   1.08420217249E-19
   1   2   2   3.71942500000E-04
   2   2   2   0.00000000000E+00
   3   2   2  -3.71942500000E-04
   4   2   2   0.00000000000E+00
   1   3   2  -2.94471125000E-03
   2   3   2  -3.71942500000E-04
   3   3   2  -6.41375000000E-06
   4   3   2  -1.08420217249E-19
   1   4   2   1.08420217249E-19
   2   4   2   0.00000000000E+00
   3   4   2   0.00000000000E+00
   4   4   2   0.00000000000E+00
   1   1   3  -3.47394500000E-03
   2   1   3   3.71942500000E-04
   3   1   3   2.16840434497E-19
   4   1   3   3.71942500000E-04
   1   2   3   3.71942500000E-04
   2   2   3   2.94471125000E-03
   3   2   3   0.00000000000E+00
   4   2   3   6.41375000000E-06
   1   3   3   0.00000000000E+00
   2   3   3  -1.08420217249E-19
   3   3   3  -2.16840434497E-19
   4   3   3  -1.08420217249E-19
   1   4   3   3.71942500000E-04
   2   4   3   6.41375000000E-06
   3   4   3   0.00000000000E+00
   4   4   3   2.94471125000E-03
   1   1   4   1.94449012500E-02
   2   1   4   1.08420217249E-19
   3   1   4  -2.94471125000E-03
   4   1   4   3.71942500000E-04
   1   2   4   1.08420217249E-19
   2   2   4   0.00000000000E+00
   3   2   4   0.00000000000E+00
   4   2   4   0.00000000000E+00
   1   3   4  -2.94471125000E-03
   2   3   4  -1.08420217249E-19
   3   3   4  -6.41375000000E-06
   4   3   4  -3.71942500000E-04
   1   4   4   3.71942500000E-04
   2   4   4   0.00000000000E+00
   3   4   4  -3.71942500000E-04
   4   4   4   0.00000000000E+00
   1   3   1   1
   1   1   1   0.00000000000E+00
   2   1   1   1.94449012500E-02
   3   1   1  -3.47394500000E-03
   4   1   1   1.94449012500E-02
   1   2   1   1.08420217249E-19
   2   2   1   3.71942500000E-04
   3   2   1   3.71942500000E-04
   4   2   1  -1.08420217249E-19
   1   3   1   4.33680868994E-19
   2   3   1  -2.94471125000E-03
   3   3   1  -1.08420217249E-19
   4   3   1  -2.94471125000E-03
   1   4   1   1.08420217249E-19
   2   4   1  -1.08420217249E-19
   3   4   1   3.71942500000E-04
   4   4   1   3.71942500000E-04
   1   1   2  -1.08420217249E-19
   2   1   2   3.71942500000E-04
   3   1   2   3.71942500000E-04
   4   1   2  -1.08420217249E-19
   1   2   2   2.94471125000E-03
   2   2   2   0.00000000000E+00
   3   2   2   2.94471125000E-03
   4   2   2   0.00000000000E+00
   1   3   2  -3.71942500000E-04
   2   3   2  -3.71942500000E-04
   3   3   2   0.00000000000E+00
   4   3   2   1.08420217249E-19
   1   4   2  -1.94449012500E-02
   2   4   2   0.00000000000E+00
   3   4   2   6.41375000000E-06
   4   4   2   0.00000000000E+00
   1   1   3   2.16840434497E-19
   2   1   3  -2.94471125000E-03
   3   1   3  -2.16840434497E-19
   4   1   3  -2.94471125000E-03
   1   2   3  -3.71942500000E-04
   2   2   3  -3.71942500000E-04
   3   2   3   0.00000000000E+00
   4   2   3   1.08420217249E-19
   1   3   3   3.47394500000E-03
   2   3   3  -6.41375000000E-06
   3   3   3   1.08420217249E-19
   4   3   3  -6.41375000000E-06
   1   4   3  -3.71942500000E-04
   2   4   3   1.08420217249E-19
   3   4   3   0.00000000000E+00
   4   4   3  -3.71942500000E-04
   1   1   4  -1.08420217249E-19
   2   1   4  -1.08420217249E-19
   3   1   4   3.71942500000E-04
   4   1   4   3.71942500000E-04
   1   2   4  -1.94449012500E-02
   2   2   4   0.00000000000E+00
   3   2   4   6.41375000000E-06
   4   2   4   0.00000000000E+00
   1   3   4  -3.71942500000E-04
   2   3   4   1.08420217249E-19
   3   3   4   0.00000000000E+00
   4   3   4  -3.71942500000E-04
   1   4   4   2.94471125000E-03
   2   4   4   0.00000000000E+00
   3   4   4   2.94471125000E-03
   4   4   4   0.00000000000E+00
   2   1   1   1
   1   1   1   2.16840434497E-19
   2   1   1   1.08420217249E-19
   3   1   1   2.16840434497E-19
   4   1   1   1.08420217249E-19
   1   2   1   1.08420217249E-19
   2   2   1   2.94471125000E-03
   3   2   1  -3.71942500000E-04
   4   2   1  -1.94449012500E-02
   1   3   1   0.00000000000E+00
   2   3   1  -3.71942500000E-04
   3   3   1   3.47394500000E-03
   4   3   1  -3.71942500000E-04
   1   4   1   1.08420217249E-19
   2   4   1  -1.94449012500E-02
   3   4   1  -3.71942500000E-04
   4   4   1   2.94471125000E-03
   1   1   2   1.94449012500E-02
   2   1   2   3.71942500000E-04
   3   1   2  -2.94471125000E-03
   4   1   2   1.08420217249E-19
   1   2   2   3.71942500000E-04
   2   2   2   0.00000000000E+00
   3   2   2  -3.71942500000E-04
   4   2   2   0.00000000000E+00
   1   3   2  -2.94471125000E-03
   2   3   2  -3.71942500000E-04
   3   3   2  -6.41375000000E-06
   4   3   2  -1.08420217249E-19
   1   4   2   1.08420217249E-19
   2   4   2   0.00000000000E+00
   3   4   2   0.00000000000E+00
   4   4   2   0.00000000000E+00
   1   1   3  -3.47394500000E-03
   2   1   3   3.71942500000E-04
   3   1   3   2.16840434497E-19
   4   1   3   3.71942500000E-04
   1   2   3   3.71942500000E-04
   2   2   3   2.94471125000E-03
   3   2   3   0.00000000000E+00
   4   2   3   6.41375000000E-06
   1   3   3   0.00000000000E+00
   2   3   3  -1.08420217249E-19
   3   3   3  -2.16840434497E-19
   4   3   3  -1.08420217249E-19
   1   4   3   3.71942500000E-04
   2   4   3   6.41375000000E-06
   3   4   3   0.00000000000E+00
   4   4   3   2.94471125000E-03
   1   1   4   1.94449012500E-02
   2   1   4   1.08420217249E-19
   3   1   4  -2.94471125000E-03
   4   1   4   3.71942500000E-04
   1   2   4   1.08420217249E-19
   2   2   4   0.00000000000E+00
   3   2   4   0.00000000000E+00
   4   2   4   0.00000000000E+00
   1   3   4  -2.94471125000E-03
   2   3   4  -1.08420217249E-19
   3   3   4  -6.41375000000E-06
   4   3   4  -3.71942500000E-04
   1   4   4   3.71942500000E-04
   2   4   4   0.00000000000E+00
   3   4   4  -3.71942500000E-04
   4   4   4   0.00000000000E+00
   2   2   1   1
   1   1   1   8.60546050000E-02
   2   1   1   8.10753437500E-03
   3   1   1  -5.88398375000E-03
   4   1   1   8.10753437500E-03
   1   2   1  -1.36335918750E-02
   2   2   1   2.02558000000E-03
   3   2   1   2.02558000000E-03
   4   2   1  -1.36335918750E-02
   1   3   1  -1.50891125000E-03
   2   3   1  -3.04570000000E-03
   3   3   1  -1.50891125000E-03
   4   3   1  -3.04570000000E-03
   1   4   1  -1.36335918750E-02
   2   4   1  -1.36335918750E-02
   3   4   1   2.02558000000E-03
   4   4   1   2.02558000000E-03
   1   1   2  -1.36335918750E-02
   2   1   2   2.02558000000E-03
   3   1   2   2.02558000000E-03
   4   1   2  -1.36335918750E-02
   1   2   2  -3.04570000000E-03
   2   2   2  -1.22984625000E-03
   3   2   2  -3.04570000000E-03
   4   2   2  -4.18438875000E-03
   1   3   2   2.02558000000E-03
   2   3   2   2.02558000000E-03
   3   3   2  -4.72903125000E-04
   4   3   2  -4.72903125000E-04
   1   4   2   8.10753437500E-03
   2   4   2   2.24083875000E-03
   3   4   2   4.43378125000E-04
   4   4   2   2.24083875000E-03
   1   1   3  -1.50891125000E-03
   2   1   3  -3.04570000000E-03
   3   1   3  -1.50891125000E-03
   4   1   3  -3.04570000000E-03
   1   2   3   2.02558000000E-03
   2   2   3   2.02558000000E-03
   3   2   3  -4.72903125000E-04
   4   2   3  -4.72903125000E-04
   1   3   3  -5.88398375000E-03
   2   3   3   4.43378125000E-04
   3   3   3   4.67761250000E-03
   4   3   3   4.43378125000E-04
   1   4   3   2.02558000000E-03
   2   4   3  -4.72903125000E-04
   3   4   3  -4.72903125000E-04
   4   4   3   2.02558000000E-03
   1   1   4  -1.36335918750E-02
   2   1   4  -1.36335918750E-02
   3   1   4   2.02558000000E-03
   4   1   4   2.02558000000E-03
   1   2   4   8.10753437500E-03
   2   2   4   2.24083875000E-03
   3   2   4   4.43378125000E-04
   4   2   4   2.24083875000E-03
   1   3   4   2.02558000000E-03
   2   3   4  -4.72903125000E-04
   3   3   4  -4.72903125000E-04
   4   3   4   2.02558000000E-03
   1   4   4  -3.04570000000E-03
   2   4   4  -4.18438875000E-03
   3   4   4  -3.04570000000E-03
   4   4   4  -1.22984625000E-03
   2   3   1   1
   1   1   1   0.00000000000E+00
   2   1   1  -1.08420217249E-19
   3   1   1  -2.16840434497E-19
   4   1   1  -1.08420217249E-19
   1   2   1  -1.94449012500E-02
   2   2   1  -3.71942500000E-04
   3   2   1   2.94471125000E-03
   4   2   1  -1.08420217249E-19
   1   3   1   3.47394500000E-03
   2   3   1  -3.71942500000E-04
   3   3   1  -1.08420217249E-19
   4   3   1  -3.71942500000E-04
   1   4   1  -1.94449012500E-02
   2   4   1  -1.08420217249E-19
   3   4   1   2.94471125000E-03
   4   4   1  -3.71942500000E-04
   1   1   2  -1.08420217249E-19
   2   1   2  -2.94471125000E-03
   3   1   2   3.71942500000E-04
   4   1   2   1.94449012500E-02
   1   2   2  -3.71942500000E-04
   2   2   2   0.00000000000E+00
   3   2   2   3.71942500000E-04
   4   2   2   0.00000000000E+00
   1   3   2  -3.71942500000E-04
   2   3   2  -2.94471125000E-03
   3   3   2   0.00000000000E+00
   4   3   2  -6.41375000000E-06
   1   4   2   1.08420217249E-19
   2   4   2   0.00000000000E+00
   3   4   2   0.00000000000E+00
   4   4   2   0.00000000000E+00
   1   1   3   2.16840434497E-19
   2   1   3   3.71942500000E-04
   3   1   3  -3.47394500000E-03
   4   1   3   3.71942500000E-04
   1   2   3   2.94471125000E-03
   2   2   3   3.71942500000E-04
   3   2   3   6.41375000000E-06
   4   2   3   1.08420217249E-19
   1   3   3   4.33680868994E-19
   2   3   3   1.08420217249E-19
   3   3   3   1.08420217249E-19
   4   3   3   1.08420217249E-19
   1   4   3   2.94471125000E-03
   2   4   3   1.08420217249E-19
   3   4   3   6.41375000000E-06
   4   4   3   3.71942500000E-04
   1   1   4  -1.08420217249E-19
   2   1   4   1.94449012500E-02
   3   1   4   3.71942500000E-04
   4   1   4  -2.94471125000E-03
   1   2   4   1.08420217249E-19
   2   2   4   0.00000000000E+00
   3   2   4   0.00000000000E+00
   4   2   4   0.00000000000E+00
   1   3   4  -3.71942500000E-04
   2   3   4  -6.41375000000E-06
   3   3   4   0.00000000000E+00
   4   3   4  -2.94471125000E-03
   1   4   4  -3.71942500000E-04
   2   4   4   0.00000000000E+00
   3   4   4   3.71942500000E-04
   4   4   4   0.00000000000E+00
   3   1   1   1
   1   1   1   0.00000000000E+00
   2   1   1   1.94449012500E-02
   3   1   1  -3.47394500000E-03
   4   1   1   1.94449012500E-02
   1   2   1   1.08420217249E-19
   2   2   1   3.71942500000E-04
   3   2   1   3.71942500000E-04
   4   2   1  -1.08420217249E-19
   1   3   1   4.33680868994E-19
   2   3   1  -2.94471125000E-03
   3   3   1  -1.08420217249E-19
   4   3   1  -2.94471125000E-03
   1   4   1   1.08420217249E-19
   2   4   1  -1.08420217249E-19
   3   4   1   3.71942500000E-04
   4   4   1   3.71942500000E-04
   1   1   2  -1.08420217249E-19
   2   1   2   3.71942500000E-04
   3   1   2   3.71942500000E-04
   4   1   2  -1.08420217249E-19
   1   2   2   2.94471125000E-03
   2   2   2   0.00000000000E+00
   3   2   2   2.94471125000E-03
   4   2   2   0.00000000000E+00
   1   3   2  -3.71942500000E-04
   2   3   2  -3.71942500000E-04
   3   3   2   0.00000000000E+00
   4   3   2   1.08420217249E-19
   1   4   2  -1.94449012500E-02
   2   4   2   0.00000000000E+00
   3   4   2   6.41375000000E-06
   4   4   2   0.00000000000E+00
   1   1   3   2.16840434497E-19
   2   1   3  -2.94471125000E-03
   3   1   3  -2.16840434497E-19
   4   1   3  -2.94471125000E-03
   1   2   3  -3.71942500000E-04
   2   2   3  -3.71942500000E-04
   3   2   3   0.00000000000E+00
   4   2   3   1.08420217249E-19
   1   3   3   3.47394500000E-03
   2   3   3  -6.41375000000E-06
   3   3   3   1.08420217249E-19
   4   3   3  -6.41375000000E-06
   1   4   3  -3.71942500000E-04
   2   4   3   1.08420217249E-19
   3   4   3   0.00000000000E+00
   4   4   3  -3.71942500000E-04
   1   1   4  -1.08420217249E-19
   2   1   4  -1.08420217249E-19
   3   1   4   3.71942500000E-04
   4   1   4   3.71942500000E-04
   1   2   4  -1.94449012500E-02
   2   2   4   0.00000000000E+00
   3   2   4   6.41375000000E-06
   4   2   4   0.00000000000E+00
   1   3   4  -3.71942500000E-04
   2   3   4   1.08420217249E-19
   3   3   4   0.00000000000E+00
   4   3   4  -3.71942500000E-04
   1   4   4   2.94471125000E-03
   2   4   4   0.00000000000E+00
   3   4   4   2.94471125000E-03
   4   4   4   0.00000000000E+00
   3   2   1   1
   1   1   1   0.00000000000E+00
   2   1   1  -1.08420217249E-19
   3   1   1  -2.16840434497E-19
   4   1   1  -1.08420217249E-19
   1   2   1  -1.94449012500E-02
   2   2   1  -3.71942500000E-04
   3   2   1   2.94471125000E-03
   4   2   1  -1.08420217249E-19
   1   3   1   3.47394500000E-03
   2   3   1  -3.71942500000E-04
   3   3   1  -1.08420217249E-19
   4   3   1  -3.71942500000E-04
   1   4   1  -1.94449012500E-02
   2   4   1  -1.08420217249E-19
   3   4   1   2.94471125000E-03
   4   4   1  -3.71942500000E-04
   1   1   2  -1.08420217249E-19
   2   1   2  -2.94471125000E-03
   3   1   2   3.71942500000E-04
   4   1   2   1.94449012500E-02
   1   2   2  -3.71942500000E-04
   2   2   2   0.00000000000E+00
   3   2   2   3.71942500000E-04
   4   2   2   0.00000000000E+00
   1   3   2  -3.71942500000E-04
   2   3   2  -2.94471125000E-03
   3   3   2   0.00000000000E+00
   4   3   2  -6.41375000000E-06
   1   4   2   1.08420217249E-19
   2   4   2   0.00000000000E+00
   3   4   2   0.00000000000E+00
   4   4   2   0.00000000000E+00
   1   1   3   2.16840434497E-19
   2   1   3   3.71942500000E-04
   3   1   3  -3.47394500000E-03
   4   1   3   3.71942500000E-04
   1   2   3   2.94471125000E-03
   2   2   3   3.71942500000E-04
   3   2   3   6.41375000000E-06
   4   2   3   1.08420217249E-19
   1   3   3   4.33680868994E-19
   2   3   3   1.08420217249E-19
   3   3   3   1.08420217249E-19
   4   3   3   1.08420217249E-19
   1   4   3   2.94471125000E-03
   2   4   3   1.08420217249E-19
   3   4   3   6.41375000000E-06
   4   4   3   3.71942500000E-04
   1   1   4  -1.08420217249E-19
   2   1   4   1.94449012500E-02
   3   1   4   3.71942500000E-04
   4   1   4  -2.94471125000E-03
   1   2   4   1.08420217249E-19
   2   2   4   0.00000000000E+00
   3   2   4   0.00000000000E+00
   4   2   4   0.00000000000E+00
   1   3   4  -3.71942500000E-04
   2   3   4  -6.41375000000E-06
   3   3   4   0.00000000000E+00
   4   3   4  -2.94471125000E-03
   1   4   4  -3.71942500000E-04
   2   4   4   0.00000000000E+00
   3   4   4   3.71942500000E-04
   4   4   4   0.00000000000E+00
   3   3   1   1
   1   1   1   8.60546050000E-02
   2   1   1  -1.36335918750E-02
   3   1   1  -1.50891125000E-03
   4   1   1  -1.36335918750E-02
   1   2   1  -1.36335918750E-02
   2   2   1  -3.04570000000E-03
   3   2   1   2.02558000000E-03
   4   2   1   8.10753437500E-03
   1   3   1  -1.50891125000E-03
   2   3   1   2.02558000000E-03
   3   3   1  -5.88398375000E-03
   4   3   1   2.02558000000E-03
   1   4   1  -1.36335918750E-02
   2   4   1   8.10753437500E-03
   3   4   1   2.02558000000E-03
   4   4   1  -3.04570000000E-03
   1   1   2   8.10753437500E-03
   2   1   2   2.02558000000E-03
   3   1   2  -3.04570000000E-03
   4   1   2  -1.36335918750E-02
   1   2   2   2.02558000000E-03
   2   2   2  -1.22984625000E-03
   3   2   2   2.02558000000E-03
   4   2   2   2.24083875000E-03
   1   3   2  -3.04570000000E-03
   2   3   2   2.02558000000E-03
   3   3   2   4.43378125000E-04
   4   3   2  -4.72903125000E-04
   1   4   2  -1.36335918750E-02
   2   4   2   2.24083875000E-03
   3   4   2  -4.72903125000E-04
   4   4   2  -4.18438875000E-03
   1   1   3  -5.88398375000E-03
   2   1   3   2.02558000000E-03
   3   1   3  -1.50891125000E-03
   4   1   3   2.02558000000E-03
   1   2   3   2.02558000000E-03
   2   2   3  -3.04570000000E-03
   3   2   3  -4.72903125000E-04
   4   2   3   4.43378125000E-04
   1   3   3  -1.50891125000E-03
   2   3   3  -4.72903125000E-04
   3   3   3   4.67761250000E-03
   4   3   3  -4.72903125000E-04
   1   4   3   2.02558000000E-03
   2   4   3   4.43378125000E-04
   3   4   3  -4.72903125000E-04
   4   4   3  -3.04570000000E-03
   1   1   4   8.10753437500E-03
   2   1   4  -1.36335918750E-02
   3   1   4  -3.04570000000E-03
   4   1   4   2.02558000000E-03
   1   2   4  -1.36335918750E-02
   2   2   4  -4.18438875000E-03
   3   2   4  -4.72903125000E-04
   4   2   4   2.24083875000E-03
   1   3   4  -3.04570000000E-03
   2   3   4  -4.72903125000E-04
   3   3   4   4.43378125000E-04
   4   3   4   2.02558000000E-03
   1   4   4   2.02558000000E-03
   2   4   4   2.24083875000E-03
   3   4   4   2.02558000000E-03
   4   4   4  -1.22984625000E-03
