  3.000000000000000E-002  0.615800306143019        2.64382875176948     
   4   4   4
   1   1   1   1
   1   1   1   8.56722412500E-02
   2   1   1  -1.36888037500E-02
   3   1   1  -9.42831250000E-04
   4   1   1  -1.36888037500E-02
   1   2   1   8.35663250000E-03
   2   2   1   1.47576437500E-03
   3   2   1  -2.61009062500E-03
   4   2   1  -1.36888037500E-02
   1   3   1  -3.39128750000E-03
   2   3   1   1.47576437500E-03
   3   3   1  -9.42831250000E-04
   4   3   1   1.47576437500E-03
   1   4   1   8.35663250000E-03
   2   4   1  -1.36888037500E-02
   3   4   1  -2.61009062500E-03
   4   4   1   1.47576437500E-03
   1   1   2  -1.36888037500E-02
   2   1   2  -2.61009062500E-03
   3   1   2   1.47576437500E-03
   4   1   2   8.35663250000E-03
   1   2   2   1.47576437500E-03
   2   2   2  -2.26099625000E-03
   3   2   2   1.47576437500E-03
   4   2   2   1.19596250000E-03
   1   3   2   1.47576437500E-03
   2   3   2  -2.61009062500E-03
   3   3   2   5.00547500000E-04
   4   3   2   3.34153750000E-04
   1   4   2  -1.36888037500E-02
   2   4   2  -3.84090125000E-03
   3   4   2   5.00547500000E-04
   4   4   2   1.19596250000E-03
   1   1   3  -9.42831250000E-04
   2   1   3   1.47576437500E-03
   3   1   3  -3.39128750000E-03
   4   1   3   1.47576437500E-03
   1   2   3  -2.61009062500E-03
   2   2   3   1.47576437500E-03
   3   2   3   3.34153750000E-04
   4   2   3   5.00547500000E-04
   1   3   3  -9.42831250000E-04
   2   3   3   5.00547500000E-04
   3   3   3   1.37718375000E-03
   4   3   3   5.00547500000E-04
   1   4   3  -2.61009062500E-03
   2   4   3   5.00547500000E-04
   3   4   3   3.34153750000E-04
   4   4   3   1.47576437500E-03
   1   1   4  -1.36888037500E-02
   2   1   4   8.35663250000E-03
   3   1   4   1.47576437500E-03
   4   1   4  -2.61009062500E-03
   1   2   4  -1.36888037500E-02
   2   2   4   1.19596250000E-03
   3   2   4   5.00547500000E-04
   4   2   4  -3.84090125000E-03
   1   3   4   1.47576437500E-03
   2   3   4   3.34153750000E-04
   3   3   4   5.00547500000E-04
   4   3   4  -2.61009062500E-03
   1   4   4   1.47576437500E-03
   2   4   4   1.19596250000E-03
   3   4   4   1.47576437500E-03
   4   4   4  -2.26099625000E-03
   1   2   1   1
   1   1   1  -1.30104260698E-18
   2   1   1  -2.16840434497E-19
   3   1   1  -2.16840434497E-19
   4   1   1  -2.16840434497E-19
   1   2   1   2.16840434497E-19
   2   2   1   1.67522062500E-03
   3   2   1  -1.86563750000E-04
   4   2   1  -1.96943181250E-02
   1   3   1   8.67361737988E-19
   2   3   1  -1.86563750000E-04
   3   3   1   4.05447500000E-03
   4   3   1  -1.86563750000E-04
   1   4   1   2.16840434497E-19
   2   4   1  -1.96943181250E-02
   3   4   1  -1.86563750000E-04
   4   4   1   1.67522062500E-03
   1   1   2   1.96943181250E-02
   2   1   2   1.86563750000E-04
   3   1   2  -1.67522062500E-03
   4   1   2  -2.16840434497E-19
   1   2   2   1.86563750000E-04
   2   2   2   0.00000000000E+00
   3   2   2  -1.86563750000E-04
   4   2   2   0.00000000000E+00
   1   3   2  -1.67522062500E-03
   2   3   2  -1.86563750000E-04
   3   3   2  -9.61036875000E-04
   4   3   2   2.16840434497E-19
   1   4   2   2.16840434497E-19
   2   4   2   0.00000000000E+00
   3   4   2   0.00000000000E+00
   4   4   2   0.00000000000E+00
   1   1   3  -4.05447500000E-03
   2   1   3   1.86563750000E-04
   3   1   3  -2.16840434497E-19
   4   1   3   1.86563750000E-04
   1   2   3   1.86563750000E-04
   2   2   3   1.67522062500E-03
   3   2   3   0.00000000000E+00
   4   2   3   9.61036875000E-04
   1   3   3   8.67361737988E-19
   2   3   3   2.16840434497E-19
   3   3   3   4.33680868994E-19
   4   3   3   2.16840434497E-19
   1   4   3   1.86563750000E-04
   2   4   3   9.61036875000E-04
   3   4   3   0.00000000000E+00
   4   4   3   1.67522062500E-03
   1   1   4   1.96943181250E-02
   2   1   4  -2.16840434497E-19
   3   1   4  -1.67522062500E-03
   4   1   4   1.86563750000E-04
   1   2   4   2.16840434497E-19
   2   2   4   0.00000000000E+00
   3   2   4   0.00000000000E+00
   4   2   4   0.00000000000E+00
   1   3   4  -1.67522062500E-03
   2   3   4   2.16840434497E-19
   3   3   4  -9.61036875000E-04
   4   3   4  -1.86563750000E-04
   1   4   4   1.86563750000E-04
   2   4   4   0.00000000000E+00
   3   4   4  -1.86563750000E-04
   4   4   4   0.00000000000E+00
   1   3   1   1
   1   1   1   4.33680868994E-19
   2   1   1   1.96943181250E-02
   3   1   1  -4.05447500000E-03
   4   1   1   1.96943181250E-02
   1   2   1  -2.16840434497E-19
   2   2   1   1.86563750000E-04
   3   2   1   1.86563750000E-04
   4   2   1   2.16840434497E-19
   1   3   1  -8.67361737988E-19
   2   3   1  -1.67522062500E-03
   3   3   1   2.16840434497E-19
   4   3   1  -1.67522062500E-03
   1   4   1  -2.16840434497E-19
   2   4   1   2.16840434497E-19
   3   4   1   1.86563750000E-04
   4   4   1   1.86563750000E-04
   1   1   2  -2.16840434497E-19
   2   1   2   1.86563750000E-04
   3   1   2   1.86563750000E-04
   4   1   2   2.16840434497E-19
   1   2   2   1.67522062500E-03
   2   2   2   0.00000000000E+00
   3   2   2   1.67522062500E-03
   4   2   2   0.00000000000E+00
   1   3   2  -1.86563750000E-04
   2   3   2  -1.86563750000E-04
   3   3   2   0.00000000000E+00
   4   3   2  -2.16840434497E-19
   1   4   2  -1.96943181250E-02
   2   4   2   0.00000000000E+00
   3   4   2   9.61036875000E-04
   4   4   2   0.00000000000E+00
   1   1   3  -8.67361737988E-19
   2   1   3  -1.67522062500E-03
   3   1   3   4.33680868994E-19
   4   1   3  -1.67522062500E-03
   1   2   3  -1.86563750000E-04
   2   2   3  -1.86563750000E-04
   3   2   3   0.00000000000E+00
   4   2   3  -2.16840434497E-19
   1   3   3   4.05447500000E-03
   2   3   3  -9.61036875000E-04
   3   3   3  -2.16840434497E-19
   4   3   3  -9.61036875000E-04
   1   4   3  -1.86563750000E-04
   2   4   3  -2.16840434497E-19
   3   4   3   0.00000000000E+00
   4   4   3  -1.86563750000E-04
   1   1   4  -2.16840434497E-19
   2   1   4   2.16840434497E-19
   3   1   4   1.86563750000E-04
   4   1   4   1.86563750000E-04
   1   2   4  -1.96943181250E-02
   2   2   4   0.00000000000E+00
   3   2   4   9.61036875000E-04
   4   2   4   0.00000000000E+00
   1   3   4  -1.86563750000E-04
   2   3   4  -2.16840434497E-19
   3   3   4   0.00000000000E+00
   4   3   4  -1.86563750000E-04
   1   4   4   1.67522062500E-03
   2   4   4   0.00000000000E+00
   3   4   4   1.67522062500E-03
   4   4   4   0.00000000000E+00
   2   1   1   1
   1   1   1  -1.30104260698E-18
   2   1   1  -2.16840434497E-19
   3   1   1  -2.16840434497E-19
   4   1   1  -2.16840434497E-19
   1   2   1   2.16840434497E-19
   2   2   1   1.67522062500E-03
   3   2   1  -1.86563750000E-04
   4   2   1  -1.96943181250E-02
   1   3   1   8.67361737988E-19
   2   3   1  -1.86563750000E-04
   3   3   1   4.05447500000E-03
   4   3   1  -1.86563750000E-04
   1   4   1   2.16840434497E-19
   2   4   1  -1.96943181250E-02
   3   4   1  -1.86563750000E-04
   4   4   1   1.67522062500E-03
   1   1   2   1.96943181250E-02
   2   1   2   1.86563750000E-04
   3   1   2  -1.67522062500E-03
   4   1   2  -2.16840434497E-19
   1   2   2   1.86563750000E-04
   2   2   2   0.00000000000E+00
   3   2   2  -1.86563750000E-04
   4   2   2   0.00000000000E+00
   1   3   2  -1.67522062500E-03
   2   3   2  -1.86563750000E-04
   3   3   2  -9.61036875000E-04
   4   3   2   2.16840434497E-19
   1   4   2   2.16840434497E-19
   2   4   2   0.00000000000E+00
   3   4   2   0.00000000000E+00
   4   4   2   0.00000000000E+00
   1   1   3  -4.05447500000E-03
   2   1   3   1.86563750000E-04
   3   1   3  -2.16840434497E-19
   4   1   3   1.86563750000E-04
   1   2   3   1.86563750000E-04
   2   2   3   1.67522062500E-03
   3   2   3   0.00000000000E+00
   4   2   3   9.61036875000E-04
   1   3   3   8.67361737988E-19
   2   3   3   2.16840434497E-19
   3   3   3   4.33680868994E-19
   4   3   3   2.16840434497E-19
   1   4   3   1.86563750000E-04
   2   4   3   9.61036875000E-04
   3   4   3   0.00000000000E+00
   4   4   3   1.67522062500E-03
   1   1   4   1.96943181250E-02
   2   1   4  -2.16840434497E-19
   3   1   4  -1.67522062500E-03
   4   1   4   1.86563750000E-04
   1   2   4   2.16840434497E-19
   2   2   4   0.00000000000E+00
   3   2   4   0.00000000000E+00
   4   2   4   0.00000000000E+00
   1   3   4  -1.67522062500E-03
   2   3   4   2.16840434497E-19
   3   3   4  -9.61036875000E-04
   4   3   4  -1.86563750000E-04
   1   4   4   1.86563750000E-04
   2   4   4   0.00000000000E+00
   3   4   4  -1.86563750000E-04
   4   4   4   0.00000000000E+00
   2   2   1   1
   1   1   1   8.56722412500E-02
   2   1   1   8.35663250000E-03
   3   1   1  -3.39128750000E-03
   4   1   1   8.35663250000E-03
   1   2   1  -1.36888037500E-02
   2   2   1   1.47576437500E-03
   3   2   1   1.47576437500E-03
   4   2   1  -1.36888037500E-02
   1   3   1  -9.42831250000E-04
   2   3   1  -2.61009062500E-03
   3   3   1  -9.42831250000E-04
   4   3   1  -2.61009062500E-03
   1   4   1  -1.36888037500E-02
   2   4   1  -1.36888037500E-02
   3   4   1   1.47576437500E-03
   4   4   1   1.47576437500E-03
   1   1   2  -1.36888037500E-02
   2   1   2   1.47576437500E-03
   3   1   2   1.47576437500E-03
   4   1   2  -1.36888037500E-02
   1   2   2  -2.61009062500E-03
   2   2   2  -2.26099625000E-03
   3   2   2  -2.61009062500E-03
   4   2   2  -3.84090125000E-03
   1   3   2   1.47576437500E-03
   2   3   2   1.47576437500E-03
   3   3   2   5.00547500000E-04
   4   3   2   5.00547500000E-04
   1   4   2   8.35663250000E-03
   2   4   2   1.19596250000E-03
   3   4   2   3.34153750000E-04
   4   4   2   1.19596250000E-03
   1   1   3  -9.42831250000E-04
   2   1   3  -2.61009062500E-03
   3   1   3  -9.42831250000E-04
   4   1   3  -2.61009062500E-03
   1   2   3   1.47576437500E-03
   2   2   3   1.47576437500E-03
   3   2   3   5.00547500000E-04
   4   2   3   5.00547500000E-04
   1   3   3  -3.39128750000E-03
   2   3   3   3.34153750000E-04
   3   3   3   1.37718375000E-03
   4   3   3   3.34153750000E-04
   1   4   3   1.47576437500E-03
   2   4   3   5.00547500000E-04
   3   4   3   5.00547500000E-04
   4   4   3   1.47576437500E-03
   1   1   4  -1.36888037500E-02
   2   1   4  -1.36888037500E-02
   3   1   4   1.47576437500E-03
   4   1   4   1.47576437500E-03
   1   2   4   8.35663250000E-03
   2   2   4   1.19596250000E-03
   3   2   4   3.34153750000E-04
   4   2   4   1.19596250000E-03
   1   3   4   1.47576437500E-03
   2   3   4   5.00547500000E-04
   3   3   4   5.00547500000E-04
   4   3   4   1.47576437500E-03
   1   4   4  -2.61009062500E-03
   2   4   4  -3.84090125000E-03
   3   4   4  -2.61009062500E-03
   4   4   4  -2.26099625000E-03
   2   3   1   1
   1   1   1   4.33680868994E-19
   2   1   1   2.16840434497E-19
   3   1   1   4.33680868994E-19
   4   1   1   2.16840434497E-19
   1   2   1  -1.96943181250E-02
   2   2   1  -1.86563750000E-04
   3   2   1   1.67522062500E-03
   4   2   1   2.16840434497E-19
   1   3   1   4.05447500000E-03
   2   3   1  -1.86563750000E-04
   3   3   1   2.16840434497E-19
   4   3   1  -1.86563750000E-04
   1   4   1  -1.96943181250E-02
   2   4   1   2.16840434497E-19
   3   4   1   1.67522062500E-03
   4   4   1  -1.86563750000E-04
   1   1   2  -2.16840434497E-19
   2   1   2  -1.67522062500E-03
   3   1   2   1.86563750000E-04
   4   1   2   1.96943181250E-02
   1   2   2  -1.86563750000E-04
   2   2   2   0.00000000000E+00
   3   2   2   1.86563750000E-04
   4   2   2   0.00000000000E+00
   1   3   2  -1.86563750000E-04
   2   3   2  -1.67522062500E-03
   3   3   2   0.00000000000E+00
   4   3   2  -9.61036875000E-04
   1   4   2  -2.16840434497E-19
   2   4   2   0.00000000000E+00
   3   4   2   0.00000000000E+00
   4   4   2   0.00000000000E+00
   1   1   3  -8.67361737988E-19
   2   1   3   1.86563750000E-04
   3   1   3  -4.05447500000E-03
   4   1   3   1.86563750000E-04
   1   2   3   1.67522062500E-03
   2   2   3   1.86563750000E-04
   3   2   3   9.61036875000E-04
   4   2   3  -2.16840434497E-19
   1   3   3  -8.67361737988E-19
   2   3   3  -2.16840434497E-19
   3   3   3  -2.16840434497E-19
   4   3   3  -2.16840434497E-19
   1   4   3   1.67522062500E-03
   2   4   3  -2.16840434497E-19
   3   4   3   9.61036875000E-04
   4   4   3   1.86563750000E-04
   1   1   4  -2.16840434497E-19
   2   1   4   1.96943181250E-02
   3   1   4   1.86563750000E-04
   4   1   4  -1.67522062500E-03
   1   2   4  -2.16840434497E-19
   2   2   4   0.00000000000E+00
   3   2   4   0.00000000000E+00
   4   2   4   0.00000000000E+00
   1   3   4  -1.86563750000E-04
   2   3   4  -9.61036875000E-04
   3   3   4   0.00000000000E+00
   4   3   4  -1.67522062500E-03
   1   4   4  -1.86563750000E-04
   2   4   4   0.00000000000E+00
   3   4   4   1.86563750000E-04
   4   4   4   0.00000000000E+00
   3   1   1   1
   1   1   1   4.33680868994E-19
   2   1   1   1.96943181250E-02
   3   1   1  -4.05447500000E-03
   4   1   1   1.96943181250E-02
   1   2   1  -2.16840434497E-19
   2   2   1   1.86563750000E-04
   3   2   1   1.86563750000E-04
   4   2   1   2.16840434497E-19
   1   3   1  -8.67361737988E-19
   2   3   1  -1.67522062500E-03
   3   3   1   2.16840434497E-19
   4   3   1  -1.67522062500E-03
   1   4   1  -2.16840434497E-19
   2   4   1   2.16840434497E-19
   3   4   1   1.86563750000E-04
   4   4   1   1.86563750000E-04
   1   1   2  -2.16840434497E-19
   2   1   2   1.86563750000E-04
   3   1   2   1.86563750000E-04
   4   1   2   2.16840434497E-19
   1   2   2   1.67522062500E-03
   2   2   2   0.00000000000E+00
   3   2   2   1.67522062500E-03
   4   2   2   0.00000000000E+00
   1   3   2  -1.86563750000E-04
   2   3   2  -1.86563750000E-04
   3   3   2   0.00000000000E+00
   4   3   2  -2.16840434497E-19
   1   4   2  -1.96943181250E-02
   2   4   2   0.00000000000E+00
   3   4   2   9.61036875000E-04
   4   4   2   0.00000000000E+00
   1   1   3  -8.67361737988E-19
   2   1   3  -1.67522062500E-03
   3   1   3   4.33680868994E-19
   4   1   3  -1.67522062500E-03
   1   2   3  -1.86563750000E-04
   2   2   3  -1.86563750000E-04
   3   2   3   0.00000000000E+00
   4   2   3  -2.16840434497E-19
   1   3   3   4.05447500000E-03
   2   3   3  -9.61036875000E-04
   3   3   3  -2.16840434497E-19
   4   3   3  -9.61036875000E-04
   1   4   3  -1.86563750000E-04
   2   4   3  -2.16840434497E-19
   3   4   3   0.00000000000E+00
   4   4   3  -1.86563750000E-04
   1   1   4  -2.16840434497E-19
   2   1   4   2.16840434497E-19
   3   1   4   1.86563750000E-04
   4   1   4   1.86563750000E-04
   1   2   4  -1.96943181250E-02
   2   2   4   0.00000000000E+00
   3   2   4   9.61036875000E-04
   4   2   4   0.00000000000E+00
   1   3   4  -1.86563750000E-04
   2   3   4  -2.16840434497E-19
   3   3   4   0.00000000000E+00
   4   3   4  -1.86563750000E-04
   1   4   4   1.67522062500E-03
   2   4   4   0.00000000000E+00
   3   4   4   1.67522062500E-03
   4   4   4   0.00000000000E+00
   3   2   1   1
   1   1   1   4.33680868994E-19
   2   1   1   2.16840434497E-19
   3   1   1   4.33680868994E-19
   4   1   1   2.16840434497E-19
   1   2   1  -1.96943181250E-02
   2   2   1  -1.86563750000E-04
   3   2   1   1.67522062500E-03
   4   2   1   2.16840434497E-19
   1   3   1   4.05447500000E-03
   2   3   1  -1.86563750000E-04
   3   3   1   2.16840434497E-19
   4   3   1  -1.86563750000E-04
   1   4   1  -1.96943181250E-02
   2   4   1   2.16840434497E-19
   3   4   1   1.67522062500E-03
   4   4   1  -1.86563750000E-04
   1   1   2  -2.16840434497E-19
   2   1   2  -1.67522062500E-03
   3   1   2   1.86563750000E-04
   4   1   2   1.96943181250E-02
   1   2   2  -1.86563750000E-04
   2   2   2   0.00000000000E+00
   3   2   2   1.86563750000E-04
   4   2   2   0.00000000000E+00
   1   3   2  -1.86563750000E-04
   2   3   2  -1.67522062500E-03
   3   3   2   0.00000000000E+00
   4   3   2  -9.61036875000E-04
   1   4   2  -2.16840434497E-19
   2   4   2   0.00000000000E+00
   3   4   2   0.00000000000E+00
   4   4   2   0.00000000000E+00
   1   1   3  -8.67361737988E-19
   2   1   3   1.86563750000E-04
   3   1   3  -4.05447500000E-03
   4   1   3   1.86563750000E-04
   1   2   3   1.67522062500E-03
   2   2   3   1.86563750000E-04
   3   2   3   9.61036875000E-04
   4   2   3  -2.16840434497E-19
   1   3   3  -8.67361737988E-19
   2   3   3  -2.16840434497E-19
   3   3   3  -2.16840434497E-19
   4   3   3  -2.16840434497E-19
   1   4   3   1.67522062500E-03
   2   4   3  -2.16840434497E-19
   3   4   3   9.61036875000E-04
   4   4   3   1.86563750000E-04
   1   1   4  -2.16840434497E-19
   2   1   4   1.96943181250E-02
   3   1   4   1.86563750000E-04
   4   1   4  -1.67522062500E-03
   1   2   4  -2.16840434497E-19
   2   2   4   0.00000000000E+00
   3   2   4   0.00000000000E+00
   4   2   4   0.00000000000E+00
   1   3   4  -1.86563750000E-04
   2   3   4  -9.61036875000E-04
   3   3   4   0.00000000000E+00
   4   3   4  -1.67522062500E-03
   1   4   4  -1.86563750000E-04
   2   4   4   0.00000000000E+00
   3   4   4   1.86563750000E-04
   4   4   4   0.00000000000E+00
   3   3   1   1
   1   1   1   8.56722412500E-02
   2   1   1  -1.36888037500E-02
   3   1   1  -9.42831250000E-04
   4   1   1  -1.36888037500E-02
   1   2   1  -1.36888037500E-02
   2   2   1  -2.61009062500E-03
   3   2   1   1.47576437500E-03
   4   2   1   8.35663250000E-03
   1   3   1  -9.42831250000E-04
   2   3   1   1.47576437500E-03
   3   3   1  -3.39128750000E-03
   4   3   1   1.47576437500E-03
   1   4   1  -1.36888037500E-02
   2   4   1   8.35663250000E-03
   3   4   1   1.47576437500E-03
   4   4   1  -2.61009062500E-03
   1   1   2   8.35663250000E-03
   2   1   2   1.47576437500E-03
   3   1   2  -2.61009062500E-03
   4   1   2  -1.36888037500E-02
   1   2   2   1.47576437500E-03
   2   2   2  -2.26099625000E-03
   3   2   2   1.47576437500E-03
   4   2   2   1.19596250000E-03
   1   3   2  -2.61009062500E-03
   2   3   2   1.47576437500E-03
   3   3   2   3.34153750000E-04
   4   3   2   5.00547500000E-04
   1   4   2  -1.36888037500E-02
   2   4   2   1.19596250000E-03
   3   4   2   5.00547500000E-04
   4   4   2  -3.84090125000E-03
   1   1   3  -3.39128750000E-03
   2   1   3   1.47576437500E-03
   3   1   3  -9.42831250000E-04
   4   1   3   1.47576437500E-03
   1   2   3   1.47576437500E-03
   2   2   3  -2.61009062500E-03
   3   2   3   5.00547500000E-04
   4   2   3   3.34153750000E-04
   1   3   3  -9.42831250000E-04
   2   3   3   5.00547500000E-04
   3   3   3   1.37718375000E-03
   4   3   3   5.00547500000E-04
   1   4   3   1.47576437500E-03
   2   4   3   3.34153750000E-04
   3   4   3   5.00547500000E-04
   4   4   3  -2.61009062500E-03
   1   1   4   8.35663250000E-03
   2   1   4  -1.36888037500E-02
   3   1   4  -2.61009062500E-03
   4   1   4   1.47576437500E-03
   1   2   4  -1.36888037500E-02
   2   2   4  -3.84090125000E-03
   3   2   4   5.00547500000E-04
   4   2   4   1.19596250000E-03
   1   3   4  -2.61009062500E-03
   2   3   4   5.00547500000E-04
   3   3   4   3.34153750000E-04
   4   3   4   1.47576437500E-03
   1   4   4   1.47576437500E-03
   2   4   4   1.19596250000E-03
   3   4   4   1.47576437500E-03
   4   4   4  -2.26099625000E-03
