  1.000000000000000E-002  0.615714029346228        2.62468491063350     
   4   4   4
   1   1   1   1
   1   1   1   8.44785437500E-02
   2   1   1  -1.27724325000E-02
   3   1   1  -3.64879937500E-03
   4   1   1  -1.27724325000E-02
   1   2   1   8.72032437500E-03
   2   2   1   2.44062000000E-03
   3   2   1  -4.05347500000E-03
   4   2   1  -1.27724325000E-02
   1   3   1  -1.16550237500E-02
   2   3   1   2.44062000000E-03
   3   3   1  -3.64879937500E-03
   4   3   1   2.44062000000E-03
   1   4   1   8.72032437500E-03
   2   4   1  -1.27724325000E-02
   3   4   1  -4.05347500000E-03
   4   4   1   2.44062000000E-03
   1   1   2  -1.27724325000E-02
   2   1   2  -4.05347500000E-03
   3   1   2   2.44062000000E-03
   4   1   2   8.72032437500E-03
   1   2   2   2.44062000000E-03
   2   2   2   3.56315750000E-03
   3   2   2   2.44062000000E-03
   4   2   2   6.06861187500E-03
   1   3   2   2.44062000000E-03
   2   3   2  -4.05347500000E-03
   3   3   2  -2.12942125000E-03
   4   3   2  -1.42334375000E-04
   1   4   2  -1.27724325000E-02
   2   4   2  -4.59268875000E-03
   3   4   2  -2.12942125000E-03
   4   4   2   6.06861187500E-03
   1   1   3  -3.64879937500E-03
   2   1   3   2.44062000000E-03
   3   1   3  -1.16550237500E-02
   4   1   3   2.44062000000E-03
   1   2   3  -4.05347500000E-03
   2   2   3   2.44062000000E-03
   3   2   3  -1.42334375000E-04
   4   2   3  -2.12942125000E-03
   1   3   3  -3.64879937500E-03
   2   3   3  -2.12942125000E-03
   3   3   3   9.52212625000E-03
   4   3   3  -2.12942125000E-03
   1   4   3  -4.05347500000E-03
   2   4   3  -2.12942125000E-03
   3   4   3  -1.42334375000E-04
   4   4   3   2.44062000000E-03
   1   1   4  -1.27724325000E-02
   2   1   4   8.72032437500E-03
   3   1   4   2.44062000000E-03
   4   1   4  -4.05347500000E-03
   1   2   4  -1.27724325000E-02
   2   2   4   6.06861187500E-03
   3   2   4  -2.12942125000E-03
   4   2   4  -4.59268875000E-03
   1   3   4   2.44062000000E-03
   2   3   4  -1.42334375000E-04
   3   3   4  -2.12942125000E-03
   4   3   4  -4.05347500000E-03
   1   4   4   2.44062000000E-03
   2   4   4   6.06861187500E-03
   3   4   4   2.44062000000E-03
   4   4   4   3.56315750000E-03
   1   2   1   1
   1   1   1   2.16840434497E-19
   2   1   1   1.08420217249E-19
   3   1   1   0.00000000000E+00
   4   1   1   1.08420217249E-19
   1   2   1   1.08420217249E-19
   2   2   1   6.88288187500E-03
   3   2   1  -9.52937500000E-04
   4   2   1  -1.81123506250E-02
   1   3   1  -4.33680868994E-19
   2   3   1  -9.52937500000E-04
   3   3   1   1.55118000000E-03
   4   3   1  -9.52937500000E-04
   1   4   1   1.08420217249E-19
   2   4   1  -1.81123506250E-02
   3   4   1  -9.52937500000E-04
   4   4   1   6.88288187500E-03
   1   1   2   1.81123506250E-02
   2   1   2   9.52937500000E-04
   3   1   2  -6.88288187500E-03
   4   1   2   1.08420217249E-19
   1   2   2   9.52937500000E-04
   2   2   2   0.00000000000E+00
   3   2   2  -9.52937500000E-04
   4   2   2   0.00000000000E+00
   1   3   2  -6.88288187500E-03
   2   3   2  -9.52937500000E-04
   3   3   2   3.21000625000E-04
   4   3   2  -1.08420217249E-19
   1   4   2   1.08420217249E-19
   2   4   2   0.00000000000E+00
   3   4   2   5.42101086243E-20
   4   4   2   0.00000000000E+00
   1   1   3  -1.55118000000E-03
   2   1   3   9.52937500000E-04
   3   1   3   0.00000000000E+00
   4   1   3   9.52937500000E-04
   1   2   3   9.52937500000E-04
   2   2   3   6.88288187500E-03
   3   2   3   5.42101086243E-20
   4   2   3  -3.21000625000E-04
   1   3   3  -4.33680868994E-19
   2   3   3  -1.08420217249E-19
   3   3   3  -2.16840434497E-19
   4   3   3  -1.08420217249E-19
   1   4   3   9.52937500000E-04
   2   4   3  -3.21000625000E-04
   3   4   3   5.42101086243E-20
   4   4   3   6.88288187500E-03
   1   1   4   1.81123506250E-02
   2   1   4   1.08420217249E-19
   3   1   4  -6.88288187500E-03
   4   1   4   9.52937500000E-04
   1   2   4   1.08420217249E-19
   2   2   4   0.00000000000E+00
   3   2   4   5.42101086243E-20
   4   2   4   0.00000000000E+00
   1   3   4  -6.88288187500E-03
   2   3   4  -1.08420217249E-19
   3   3   4   3.21000625000E-04
   4   3   4  -9.52937500000E-04
   1   4   4   9.52937500000E-04
   2   4   4   0.00000000000E+00
   3   4   4  -9.52937500000E-04
   4   4   4   0.00000000000E+00
   1   3   1   1
   1   1   1   0.00000000000E+00
   2   1   1   1.81123506250E-02
   3   1   1  -1.55118000000E-03
   4   1   1   1.81123506250E-02
   1   2   1   1.08420217249E-19
   2   2   1   9.52937500000E-04
   3   2   1   9.52937500000E-04
   4   2   1  -1.08420217249E-19
   1   3   1   2.16840434497E-19
   2   3   1  -6.88288187500E-03
   3   3   1  -5.42101086243E-20
   4   3   1  -6.88288187500E-03
   1   4   1   1.08420217249E-19
   2   4   1  -1.08420217249E-19
   3   4   1   9.52937500000E-04
   4   4   1   9.52937500000E-04
   1   1   2  -1.08420217249E-19
   2   1   2   9.52937500000E-04
   3   1   2   9.52937500000E-04
   4   1   2  -1.08420217249E-19
   1   2   2   6.88288187500E-03
   2   2   2   0.00000000000E+00
   3   2   2   6.88288187500E-03
   4   2   2   0.00000000000E+00
   1   3   2  -9.52937500000E-04
   2   3   2  -9.52937500000E-04
   3   3   2  -5.42101086243E-20
   4   3   2   1.08420217249E-19
   1   4   2  -1.81123506250E-02
   2   4   2   0.00000000000E+00
   3   4   2  -3.21000625000E-04
   4   4   2   0.00000000000E+00
   1   1   3   2.16840434497E-19
   2   1   3  -6.88288187500E-03
   3   1   3  -1.08420217249E-19
   4   1   3  -6.88288187500E-03
   1   2   3  -9.52937500000E-04
   2   2   3  -9.52937500000E-04
   3   2   3  -1.08420217249E-19
   4   2   3   1.08420217249E-19
   1   3   3   1.55118000000E-03
   2   3   3   3.21000625000E-04
   3   3   3   1.62630325873E-19
   4   3   3   3.21000625000E-04
   1   4   3  -9.52937500000E-04
   2   4   3   1.08420217249E-19
   3   4   3  -1.08420217249E-19
   4   4   3  -9.52937500000E-04
   1   1   4  -1.08420217249E-19
   2   1   4  -1.08420217249E-19
   3   1   4   9.52937500000E-04
   4   1   4   9.52937500000E-04
   1   2   4  -1.81123506250E-02
   2   2   4   0.00000000000E+00
   3   2   4  -3.21000625000E-04
   4   2   4   0.00000000000E+00
   1   3   4  -9.52937500000E-04
   2   3   4   1.08420217249E-19
   3   3   4  -5.42101086243E-20
   4   3   4  -9.52937500000E-04
   1   4   4   6.88288187500E-03
   2   4   4   0.00000000000E+00
   3   4   4   6.88288187500E-03
   4   4   4   0.00000000000E+00
   2   1   1   1
   1   1   1   2.16840434497E-19
   2   1   1   1.08420217249E-19
   3   1   1   0.00000000000E+00
   4   1   1   1.08420217249E-19
   1   2   1   1.08420217249E-19
   2   2   1   6.88288187500E-03
   3   2   1  -9.52937500000E-04
   4   2   1  -1.81123506250E-02
   1   3   1  -4.33680868994E-19
   2   3   1  -9.52937500000E-04
   3   3   1   1.55118000000E-03
   4   3   1  -9.52937500000E-04
   1   4   1   1.08420217249E-19
   2   4   1  -1.81123506250E-02
   3   4   1  -9.52937500000E-04
   4   4   1   6.88288187500E-03
   1   1   2   1.81123506250E-02
   2   1   2   9.52937500000E-04
   3   1   2  -6.88288187500E-03
   4   1   2   1.08420217249E-19
   1   2   2   9.52937500000E-04
   2   2   2   0.00000000000E+00
   3   2   2  -9.52937500000E-04
   4   2   2   0.00000000000E+00
   1   3   2  -6.88288187500E-03
   2   3   2  -9.52937500000E-04
   3   3   2   3.21000625000E-04
   4   3   2  -1.08420217249E-19
   1   4   2   1.08420217249E-19
   2   4   2   0.00000000000E+00
   3   4   2   5.42101086243E-20
   4   4   2   0.00000000000E+00
   1   1   3  -1.55118000000E-03
   2   1   3   9.52937500000E-04
   3   1   3   0.00000000000E+00
   4   1   3   9.52937500000E-04
   1   2   3   9.52937500000E-04
   2   2   3   6.88288187500E-03
   3   2   3   5.42101086243E-20
   4   2   3  -3.21000625000E-04
   1   3   3  -4.33680868994E-19
   2   3   3  -1.08420217249E-19
   3   3   3  -2.16840434497E-19
   4   3   3  -1.08420217249E-19
   1   4   3   9.52937500000E-04
   2   4   3  -3.21000625000E-04
   3   4   3   5.42101086243E-20
   4   4   3   6.88288187500E-03
   1   1   4   1.81123506250E-02
   2   1   4   1.08420217249E-19
   3   1   4  -6.88288187500E-03
   4   1   4   9.52937500000E-04
   1   2   4   1.08420217249E-19
   2   2   4   0.00000000000E+00
   3   2   4   5.42101086243E-20
   4   2   4   0.00000000000E+00
   1   3   4  -6.88288187500E-03
   2   3   4  -1.08420217249E-19
   3   3   4   3.21000625000E-04
   4   3   4  -9.52937500000E-04
   1   4   4   9.52937500000E-04
   2   4   4   0.00000000000E+00
   3   4   4  -9.52937500000E-04
   4   4   4   0.00000000000E+00
   2   2   1   1
   1   1   1   8.44785437500E-02
   2   1   1   8.72032437500E-03
   3   1   1  -1.16550237500E-02
   4   1   1   8.72032437500E-03
   1   2   1  -1.27724325000E-02
   2   2   1   2.44062000000E-03
   3   2   1   2.44062000000E-03
   4   2   1  -1.27724325000E-02
   1   3   1  -3.64879937500E-03
   2   3   1  -4.05347500000E-03
   3   3   1  -3.64879937500E-03
   4   3   1  -4.05347500000E-03
   1   4   1  -1.27724325000E-02
   2   4   1  -1.27724325000E-02
   3   4   1   2.44062000000E-03
   4   4   1   2.44062000000E-03
   1   1   2  -1.27724325000E-02
   2   1   2   2.44062000000E-03
   3   1   2   2.44062000000E-03
   4   1   2  -1.27724325000E-02
   1   2   2  -4.05347500000E-03
   2   2   2   3.56315750000E-03
   3   2   2  -4.05347500000E-03
   4   2   2  -4.59268875000E-03
   1   3   2   2.44062000000E-03
   2   3   2   2.44062000000E-03
   3   3   2  -2.12942125000E-03
   4   3   2  -2.12942125000E-03
   1   4   2   8.72032437500E-03
   2   4   2   6.06861187500E-03
   3   4   2  -1.42334375000E-04
   4   4   2   6.06861187500E-03
   1   1   3  -3.64879937500E-03
   2   1   3  -4.05347500000E-03
   3   1   3  -3.64879937500E-03
   4   1   3  -4.05347500000E-03
   1   2   3   2.44062000000E-03
   2   2   3   2.44062000000E-03
   3   2   3  -2.12942125000E-03
   4   2   3  -2.12942125000E-03
   1   3   3  -1.16550237500E-02
   2   3   3  -1.42334375000E-04
   3   3   3   9.52212625000E-03
   4   3   3  -1.42334375000E-04
   1   4   3   2.44062000000E-03
   2   4   3  -2.12942125000E-03
   3   4   3  -2.12942125000E-03
   4   4   3   2.44062000000E-03
   1   1   4  -1.27724325000E-02
   2   1   4  -1.27724325000E-02
   3   1   4   2.44062000000E-03
   4   1   4   2.44062000000E-03
   1   2   4   8.72032437500E-03
   2   2   4   6.06861187500E-03
   3   2   4  -1.42334375000E-04
   4   2   4   6.06861187500E-03
   1   3   4   2.44062000000E-03
   2   3   4  -2.12942125000E-03
   3   3   4  -2.12942125000E-03
   4   3   4   2.44062000000E-03
   1   4   4  -4.05347500000E-03
   2   4   4  -4.59268875000E-03
   3   4   4  -4.05347500000E-03
   4   4   4   3.56315750000E-03
   2   3   1   1
   1   1   1   0.00000000000E+00
   2   1   1  -1.08420217249E-19
   3   1   1  -1.08420217249E-19
   4   1   1  -1.08420217249E-19
   1   2   1  -1.81123506250E-02
   2   2   1  -9.52937500000E-04
   3   2   1   6.88288187500E-03
   4   2   1  -1.08420217249E-19
   1   3   1   1.55118000000E-03
   2   3   1  -9.52937500000E-04
   3   3   1  -5.42101086243E-20
   4   3   1  -9.52937500000E-04
   1   4   1  -1.81123506250E-02
   2   4   1  -1.08420217249E-19
   3   4   1   6.88288187500E-03
   4   4   1  -9.52937500000E-04
   1   1   2  -1.08420217249E-19
   2   1   2  -6.88288187500E-03
   3   1   2   9.52937500000E-04
   4   1   2   1.81123506250E-02
   1   2   2  -9.52937500000E-04
   2   2   2   0.00000000000E+00
   3   2   2   9.52937500000E-04
   4   2   2   0.00000000000E+00
   1   3   2  -9.52937500000E-04
   2   3   2  -6.88288187500E-03
   3   3   2  -5.42101086243E-20
   4   3   2   3.21000625000E-04
   1   4   2   1.08420217249E-19
   2   4   2   0.00000000000E+00
   3   4   2  -1.08420217249E-19
   4   4   2   0.00000000000E+00
   1   1   3   2.16840434497E-19
   2   1   3   9.52937500000E-04
   3   1   3  -1.55118000000E-03
   4   1   3   9.52937500000E-04
   1   2   3   6.88288187500E-03
   2   2   3   9.52937500000E-04
   3   2   3  -3.21000625000E-04
   4   2   3   1.08420217249E-19
   1   3   3   2.16840434497E-19
   2   3   3   1.08420217249E-19
   3   3   3   1.62630325873E-19
   4   3   3   1.08420217249E-19
   1   4   3   6.88288187500E-03
   2   4   3   1.08420217249E-19
   3   4   3  -3.21000625000E-04
   4   4   3   9.52937500000E-04
   1   1   4  -1.08420217249E-19
   2   1   4   1.81123506250E-02
   3   1   4   9.52937500000E-04
   4   1   4  -6.88288187500E-03
   1   2   4   1.08420217249E-19
   2   2   4   0.00000000000E+00
   3   2   4  -1.08420217249E-19
   4   2   4   0.00000000000E+00
   1   3   4  -9.52937500000E-04
   2   3   4   3.21000625000E-04
   3   3   4  -5.42101086243E-20
   4   3   4  -6.88288187500E-03
   1   4   4  -9.52937500000E-04
   2   4   4   0.00000000000E+00
   3   4   4   9.52937500000E-04
   4   4   4   0.00000000000E+00
   3   1   1   1
   1   1   1   0.00000000000E+00
   2   1   1   1.81123506250E-02
   3   1   1  -1.55118000000E-03
   4   1   1   1.81123506250E-02
   1   2   1   1.08420217249E-19
   2   2   1   9.52937500000E-04
   3   2   1   9.52937500000E-04
   4   2   1  -1.08420217249E-19
   1   3   1   2.16840434497E-19
   2   3   1  -6.88288187500E-03
   3   3   1  -5.42101086243E-20
   4   3   1  -6.88288187500E-03
   1   4   1   1.08420217249E-19
   2   4   1  -1.08420217249E-19
   3   4   1   9.52937500000E-04
   4   4   1   9.52937500000E-04
   1   1   2  -1.08420217249E-19
   2   1   2   9.52937500000E-04
   3   1   2   9.52937500000E-04
   4   1   2  -1.08420217249E-19
   1   2   2   6.88288187500E-03
   2   2   2   0.00000000000E+00
   3   2   2   6.88288187500E-03
   4   2   2   0.00000000000E+00
   1   3   2  -9.52937500000E-04
   2   3   2  -9.52937500000E-04
   3   3   2  -5.42101086243E-20
   4   3   2   1.08420217249E-19
   1   4   2  -1.81123506250E-02
   2   4   2   0.00000000000E+00
   3   4   2  -3.21000625000E-04
   4   4   2   0.00000000000E+00
   1   1   3   2.16840434497E-19
   2   1   3  -6.88288187500E-03
   3   1   3  -1.08420217249E-19
   4   1   3  -6.88288187500E-03
   1   2   3  -9.52937500000E-04
   2   2   3  -9.52937500000E-04
   3   2   3  -1.08420217249E-19
   4   2   3   1.08420217249E-19
   1   3   3   1.55118000000E-03
   2   3   3   3.21000625000E-04
   3   3   3   1.62630325873E-19
   4   3   3   3.21000625000E-04
   1   4   3  -9.52937500000E-04
   2   4   3   1.08420217249E-19
   3   4   3  -1.08420217249E-19
   4   4   3  -9.52937500000E-04
   1   1   4  -1.08420217249E-19
   2   1   4  -1.08420217249E-19
   3   1   4   9.52937500000E-04
   4   1   4   9.52937500000E-04
   1   2   4  -1.81123506250E-02
   2   2   4   0.00000000000E+00
   3   2   4  -3.21000625000E-04
   4   2   4   0.00000000000E+00
   1   3   4  -9.52937500000E-04
   2   3   4   1.08420217249E-19
   3   3   4  -5.42101086243E-20
   4   3   4  -9.52937500000E-04
   1   4   4   6.88288187500E-03
   2   4   4   0.00000000000E+00
   3   4   4   6.88288187500E-03
   4   4   4   0.00000000000E+00
   3   2   1   1
   1   1   1   0.00000000000E+00
   2   1   1  -1.08420217249E-19
   3   1   1  -1.08420217249E-19
   4   1   1  -1.08420217249E-19
   1   2   1  -1.81123506250E-02
   2   2   1  -9.52937500000E-04
   3   2   1   6.88288187500E-03
   4   2   1  -1.08420217249E-19
   1   3   1   1.55118000000E-03
   2   3   1  -9.52937500000E-04
   3   3   1  -5.42101086243E-20
   4   3   1  -9.52937500000E-04
   1   4   1  -1.81123506250E-02
   2   4   1  -1.08420217249E-19
   3   4   1   6.88288187500E-03
   4   4   1  -9.52937500000E-04
   1   1   2  -1.08420217249E-19
   2   1   2  -6.88288187500E-03
   3   1   2   9.52937500000E-04
   4   1   2   1.81123506250E-02
   1   2   2  -9.52937500000E-04
   2   2   2   0.00000000000E+00
   3   2   2   9.52937500000E-04
   4   2   2   0.00000000000E+00
   1   3   2  -9.52937500000E-04
   2   3   2  -6.88288187500E-03
   3   3   2  -5.42101086243E-20
   4   3   2   3.21000625000E-04
   1   4   2   1.08420217249E-19
   2   4   2   0.00000000000E+00
   3   4   2  -1.08420217249E-19
   4   4   2   0.00000000000E+00
   1   1   3   2.16840434497E-19
   2   1   3   9.52937500000E-04
   3   1   3  -1.55118000000E-03
   4   1   3   9.52937500000E-04
   1   2   3   6.88288187500E-03
   2   2   3   9.52937500000E-04
   3   2   3  -3.21000625000E-04
   4   2   3   1.08420217249E-19
   1   3   3   2.16840434497E-19
   2   3   3   1.08420217249E-19
   3   3   3   1.62630325873E-19
   4   3   3   1.08420217249E-19
   1   4   3   6.88288187500E-03
   2   4   3   1.08420217249E-19
   3   4   3  -3.21000625000E-04
   4   4   3   9.52937500000E-04
   1   1   4  -1.08420217249E-19
   2   1   4   1.81123506250E-02
   3   1   4   9.52937500000E-04
   4   1   4  -6.88288187500E-03
   1   2   4   1.08420217249E-19
   2   2   4   0.00000000000E+00
   3   2   4  -1.08420217249E-19
   4   2   4   0.00000000000E+00
   1   3   4  -9.52937500000E-04
   2   3   4   3.21000625000E-04
   3   3   4  -5.42101086243E-20
   4   3   4  -6.88288187500E-03
   1   4   4  -9.52937500000E-04
   2   4   4   0.00000000000E+00
   3   4   4   9.52937500000E-04
   4   4   4   0.00000000000E+00
   3   3   1   1
   1   1   1   8.44785437500E-02
   2   1   1  -1.27724325000E-02
   3   1   1  -3.64879937500E-03
   4   1   1  -1.27724325000E-02
   1   2   1  -1.27724325000E-02
   2   2   1  -4.05347500000E-03
   3   2   1   2.44062000000E-03
   4   2   1   8.72032437500E-03
   1   3   1  -3.64879937500E-03
   2   3   1   2.44062000000E-03
   3   3   1  -1.16550237500E-02
   4   3   1   2.44062000000E-03
   1   4   1  -1.27724325000E-02
   2   4   1   8.72032437500E-03
   3   4   1   2.44062000000E-03
   4   4   1  -4.05347500000E-03
   1   1   2   8.72032437500E-03
   2   1   2   2.44062000000E-03
   3   1   2  -4.05347500000E-03
   4   1   2  -1.27724325000E-02
   1   2   2   2.44062000000E-03
   2   2   2   3.56315750000E-03
   3   2   2   2.44062000000E-03
   4   2   2   6.06861187500E-03
   1   3   2  -4.05347500000E-03
   2   3   2   2.44062000000E-03
   3   3   2  -1.42334375000E-04
   4   3   2  -2.12942125000E-03
   1   4   2  -1.27724325000E-02
   2   4   2   6.06861187500E-03
   3   4   2  -2.12942125000E-03
   4   4   2  -4.59268875000E-03
   1   1   3  -1.16550237500E-02
   2   1   3   2.44062000000E-03
   3   1   3  -3.64879937500E-03
   4   1   3   2.44062000000E-03
   1   2   3   2.44062000000E-03
   2   2   3  -4.05347500000E-03
   3   2   3  -2.12942125000E-03
   4   2   3  -1.42334375000E-04
   1   3   3  -3.64879937500E-03
   2   3   3  -2.12942125000E-03
   3   3   3   9.52212625000E-03
   4   3   3  -2.12942125000E-03
   1   4   3   2.44062000000E-03
   2   4   3  -1.42334375000E-04
   3   4   3  -2.12942125000E-03
   4   4   3  -4.05347500000E-03
   1   1   4   8.72032437500E-03
   2   1   4  -1.27724325000E-02
   3   1   4  -4.05347500000E-03
   4   1   4   2.44062000000E-03
   1   2   4  -1.27724325000E-02
   2   2   4  -4.59268875000E-03
   3   2   4  -2.12942125000E-03
   4   2   4   6.06861187500E-03
   1   3   4  -4.05347500000E-03
   2   3   4  -2.12942125000E-03
   3   3   4  -1.42334375000E-04
   4   3   4   2.44062000000E-03
   1   4   4   2.44062000000E-03
   2   4   4   6.06861187500E-03
   3   4   4   2.44062000000E-03
   4   4   4   3.56315750000E-03
