  2.500000000000000E-002  0.615887920210634        2.64352344053528     
   4   4   4
   1   1   1   1
   1   1   1   8.60611295313E-02
   2   1   1  -1.37991720313E-02
   3   1   1  -1.06589546875E-03
   4   1   1  -1.37991720313E-02
   1   2   1   8.18724828125E-03
   2   2   1   1.71451796875E-03
   3   2   1  -2.73485046875E-03
   4   2   1  -1.37991720312E-02
   1   3   1  -4.35137546875E-03
   2   3   1   1.71451796875E-03
   3   3   1  -1.06589546875E-03
   4   3   1   1.71451796875E-03
   1   4   1   8.18724828125E-03
   2   4   1  -1.37991720312E-02
   3   4   1  -2.73485046875E-03
   4   4   1   1.71451796875E-03
   1   1   2  -1.37991720312E-02
   2   1   2  -2.73485046875E-03
   3   1   2   1.71451796875E-03
   4   1   2   8.18724828125E-03
   1   2   2   1.71451796875E-03
   2   2   2  -1.90516609375E-03
   3   2   2   1.71451796875E-03
   4   2   2   1.54704015625E-03
   1   3   2   1.71451796875E-03
   2   3   2  -2.73485046875E-03
   3   3   2   1.46314218750E-04
   4   3   2   4.12387031250E-04
   1   4   2  -1.37991720312E-02
   2   4   2  -4.02399234375E-03
   3   4   2   1.46314218750E-04
   4   4   2   1.54704015625E-03
   1   1   3  -1.06589546875E-03
   2   1   3   1.71451796875E-03
   3   1   3  -4.35137546875E-03
   4   1   3   1.71451796875E-03
   1   2   3  -2.73485046875E-03
   2   2   3   1.71451796875E-03
   3   2   3   4.12387031250E-04
   4   2   3   1.46314218750E-04
   1   3   3  -1.06589546875E-03
   2   3   3   1.46314218750E-04
   3   3   3   2.59117703125E-03
   4   3   3   1.46314218750E-04
   1   4   3  -2.73485046875E-03
   2   4   3   1.46314218750E-04
   3   4   3   4.12387031250E-04
   4   4   3   1.71451796875E-03
   1   1   4  -1.37991720312E-02
   2   1   4   8.18724828125E-03
   3   1   4   1.71451796875E-03
   4   1   4  -2.73485046875E-03
   1   2   4  -1.37991720312E-02
   2   2   4   1.54704015625E-03
   3   2   4   1.46314218750E-04
   4   2   4  -4.02399234375E-03
   1   3   4   1.71451796875E-03
   2   3   4   4.12387031250E-04
   3   3   4   1.46314218750E-04
   4   3   4  -2.73485046875E-03
   1   4   4   1.71451796875E-03
   2   4   4   1.54704015625E-03
   3   4   4   1.71451796875E-03
   4   4   4  -1.90516609375E-03
   1   2   1   1
   1   1   1   8.67361737988E-19
   2   1   1   1.08420217249E-19
   3   1   1   2.16840434497E-19
   4   1   1   1.08420217249E-19
   1   2   1  -1.08420217249E-19
   2   2   1   2.11712562500E-03
   3   2   1  -2.13052500000E-04
   4   2   1  -1.97137293750E-02
   1   3   1  -8.67361737988E-19
   2   3   1  -2.13052500000E-04
   3   3   1   3.97447750000E-03
   4   3   1  -2.13052500000E-04
   1   4   1  -1.08420217249E-19
   2   4   1  -1.97137293750E-02
   3   4   1  -2.13052500000E-04
   4   4   1   2.11712562500E-03
   1   1   2   1.97137293750E-02
   2   1   2   2.13052500000E-04
   3   1   2  -2.11712562500E-03
   4   1   2   1.08420217249E-19
   1   2   2   2.13052500000E-04
   2   2   2   0.00000000000E+00
   3   2   2  -2.13052500000E-04
   4   2   2   0.00000000000E+00
   1   3   2  -2.11712562500E-03
   2   3   2  -2.13052500000E-04
   3   3   2  -5.55153125000E-04
   4   3   2  -1.08420217249E-19
   1   4   2  -1.08420217249E-19
   2   4   2   0.00000000000E+00
   3   4   2   0.00000000000E+00
   4   4   2   0.00000000000E+00
   1   1   3  -3.97447750000E-03
   2   1   3   2.13052500000E-04
   3   1   3   2.16840434497E-19
   4   1   3   2.13052500000E-04
   1   2   3   2.13052500000E-04
   2   2   3   2.11712562500E-03
   3   2   3   0.00000000000E+00
   4   2   3   5.55153125000E-04
   1   3   3  -8.67361737988E-19
   2   3   3  -1.08420217249E-19
   3   3   3   0.00000000000E+00
   4   3   3  -1.08420217249E-19
   1   4   3   2.13052500000E-04
   2   4   3   5.55153125000E-04
   3   4   3   0.00000000000E+00
   4   4   3   2.11712562500E-03
   1   1   4   1.97137293750E-02
   2   1   4   1.08420217249E-19
   3   1   4  -2.11712562500E-03
   4   1   4   2.13052500000E-04
   1   2   4  -1.08420217249E-19
   2   2   4   0.00000000000E+00
   3   2   4   0.00000000000E+00
   4   2   4   0.00000000000E+00
   1   3   4  -2.11712562500E-03
   2   3   4  -1.08420217249E-19
   3   3   4  -5.55153125000E-04
   4   3   4  -2.13052500000E-04
   1   4   4   2.13052500000E-04
   2   4   4   0.00000000000E+00
   3   4   4  -2.13052500000E-04
   4   4   4   0.00000000000E+00
   1   3   1   1
   1   1   1  -1.08420217249E-19
   2   1   1   1.97137293750E-02
   3   1   1  -3.97447750000E-03
   4   1   1   1.97137293750E-02
   1   2   1   1.08420217249E-19
   2   2   1   2.13052500000E-04
   3   2   1   2.13052500000E-04
   4   2   1  -1.08420217249E-19
   1   3   1   1.30104260698E-18
   2   3   1  -2.11712562500E-03
   3   3   1   0.00000000000E+00
   4   3   1  -2.11712562500E-03
   1   4   1   1.08420217249E-19
   2   4   1  -1.08420217249E-19
   3   4   1   2.13052500000E-04
   4   4   1   2.13052500000E-04
   1   1   2   1.08420217249E-19
   2   1   2   2.13052500000E-04
   3   1   2   2.13052500000E-04
   4   1   2  -1.08420217249E-19
   1   2   2   2.11712562500E-03
   2   2   2   0.00000000000E+00
   3   2   2   2.11712562500E-03
   4   2   2   0.00000000000E+00
   1   3   2  -2.13052500000E-04
   2   3   2  -2.13052500000E-04
   3   3   2   0.00000000000E+00
   4   3   2   1.08420217249E-19
   1   4   2  -1.97137293750E-02
   2   4   2   0.00000000000E+00
   3   4   2   5.55153125000E-04
   4   4   2   0.00000000000E+00
   1   1   3   7.58941520740E-19
   2   1   3  -2.11712562500E-03
   3   1   3   0.00000000000E+00
   4   1   3  -2.11712562500E-03
   1   2   3  -2.13052500000E-04
   2   2   3  -2.13052500000E-04
   3   2   3   0.00000000000E+00
   4   2   3   1.08420217249E-19
   1   3   3   3.97447750000E-03
   2   3   3  -5.55153125000E-04
   3   3   3   0.00000000000E+00
   4   3   3  -5.55153125000E-04
   1   4   3  -2.13052500000E-04
   2   4   3   1.08420217249E-19
   3   4   3   0.00000000000E+00
   4   4   3  -2.13052500000E-04
   1   1   4   1.08420217249E-19
   2   1   4  -1.08420217249E-19
   3   1   4   2.13052500000E-04
   4   1   4   2.13052500000E-04
   1   2   4  -1.97137293750E-02
   2   2   4   0.00000000000E+00
   3   2   4   5.55153125000E-04
   4   2   4   0.00000000000E+00
   1   3   4  -2.13052500000E-04
   2   3   4   1.08420217249E-19
   3   3   4   0.00000000000E+00
   4   3   4  -2.13052500000E-04
   1   4   4   2.11712562500E-03
   2   4   4   0.00000000000E+00
   3   4   4   2.11712562500E-03
   4   4   4   0.00000000000E+00
   2   1   1   1
   1   1   1   8.67361737988E-19
   2   1   1   1.08420217249E-19
   3   1   1   2.16840434497E-19
   4   1   1   1.08420217249E-19
   1   2   1  -1.08420217249E-19
   2   2   1   2.11712562500E-03
   3   2   1  -2.13052500000E-04
   4   2   1  -1.97137293750E-02
   1   3   1  -8.67361737988E-19
   2   3   1  -2.13052500000E-04
   3   3   1   3.97447750000E-03
   4   3   1  -2.13052500000E-04
   1   4   1  -1.08420217249E-19
   2   4   1  -1.97137293750E-02
   3   4   1  -2.13052500000E-04
   4   4   1   2.11712562500E-03
   1   1   2   1.97137293750E-02
   2   1   2   2.13052500000E-04
   3   1   2  -2.11712562500E-03
   4   1   2   1.08420217249E-19
   1   2   2   2.13052500000E-04
   2   2   2   0.00000000000E+00
   3   2   2  -2.13052500000E-04
   4   2   2   0.00000000000E+00
   1   3   2  -2.11712562500E-03
   2   3   2  -2.13052500000E-04
   3   3   2  -5.55153125000E-04
   4   3   2  -1.08420217249E-19
   1   4   2  -1.08420217249E-19
   2   4   2   0.00000000000E+00
   3   4   2   0.00000000000E+00
   4   4   2   0.00000000000E+00
   1   1   3  -3.97447750000E-03
   2   1   3   2.13052500000E-04
   3   1   3   2.16840434497E-19
   4   1   3   2.13052500000E-04
   1   2   3   2.13052500000E-04
   2   2   3   2.11712562500E-03
   3   2   3   0.00000000000E+00
   4   2   3   5.55153125000E-04
   1   3   3  -8.67361737988E-19
   2   3   3  -1.08420217249E-19
   3   3   3   0.00000000000E+00
   4   3   3  -1.08420217249E-19
   1   4   3   2.13052500000E-04
   2   4   3   5.55153125000E-04
   3   4   3   0.00000000000E+00
   4   4   3   2.11712562500E-03
   1   1   4   1.97137293750E-02
   2   1   4   1.08420217249E-19
   3   1   4  -2.11712562500E-03
   4   1   4   2.13052500000E-04
   1   2   4  -1.08420217249E-19
   2   2   4   0.00000000000E+00
   3   2   4   0.00000000000E+00
   4   2   4   0.00000000000E+00
   1   3   4  -2.11712562500E-03
   2   3   4  -1.08420217249E-19
   3   3   4  -5.55153125000E-04
   4   3   4  -2.13052500000E-04
   1   4   4   2.13052500000E-04
   2   4   4   0.00000000000E+00
   3   4   4  -2.13052500000E-04
   4   4   4   0.00000000000E+00
   2   2   1   1
   1   1   1   8.60611295313E-02
   2   1   1   8.18724828125E-03
   3   1   1  -4.35137546875E-03
   4   1   1   8.18724828125E-03
   1   2   1  -1.37991720312E-02
   2   2   1   1.71451796875E-03
   3   2   1   1.71451796875E-03
   4   2   1  -1.37991720312E-02
   1   3   1  -1.06589546875E-03
   2   3   1  -2.73485046875E-03
   3   3   1  -1.06589546875E-03
   4   3   1  -2.73485046875E-03
   1   4   1  -1.37991720312E-02
   2   4   1  -1.37991720312E-02
   3   4   1   1.71451796875E-03
   4   4   1   1.71451796875E-03
   1   1   2  -1.37991720312E-02
   2   1   2   1.71451796875E-03
   3   1   2   1.71451796875E-03
   4   1   2  -1.37991720313E-02
   1   2   2  -2.73485046875E-03
   2   2   2  -1.90516609375E-03
   3   2   2  -2.73485046875E-03
   4   2   2  -4.02399234375E-03
   1   3   2   1.71451796875E-03
   2   3   2   1.71451796875E-03
   3   3   2   1.46314218750E-04
   4   3   2   1.46314218750E-04
   1   4   2   8.18724828125E-03
   2   4   2   1.54704015625E-03
   3   4   2   4.12387031250E-04
   4   4   2   1.54704015625E-03
   1   1   3  -1.06589546875E-03
   2   1   3  -2.73485046875E-03
   3   1   3  -1.06589546875E-03
   4   1   3  -2.73485046875E-03
   1   2   3   1.71451796875E-03
   2   2   3   1.71451796875E-03
   3   2   3   1.46314218750E-04
   4   2   3   1.46314218750E-04
   1   3   3  -4.35137546875E-03
   2   3   3   4.12387031250E-04
   3   3   3   2.59117703125E-03
   4   3   3   4.12387031250E-04
   1   4   3   1.71451796875E-03
   2   4   3   1.46314218750E-04
   3   4   3   1.46314218750E-04
   4   4   3   1.71451796875E-03
   1   1   4  -1.37991720312E-02
   2   1   4  -1.37991720313E-02
   3   1   4   1.71451796875E-03
   4   1   4   1.71451796875E-03
   1   2   4   8.18724828125E-03
   2   2   4   1.54704015625E-03
   3   2   4   4.12387031250E-04
   4   2   4   1.54704015625E-03
   1   3   4   1.71451796875E-03
   2   3   4   1.46314218750E-04
   3   3   4   1.46314218750E-04
   4   3   4   1.71451796875E-03
   1   4   4  -2.73485046875E-03
   2   4   4  -4.02399234375E-03
   3   4   4  -2.73485046875E-03
   4   4   4  -1.90516609375E-03
   2   3   1   1
   1   1   1  -1.08420217249E-19
   2   1   1  -1.08420217249E-19
   3   1   1   0.00000000000E+00
   4   1   1  -1.08420217249E-19
   1   2   1  -1.97137293750E-02
   2   2   1  -2.13052500000E-04
   3   2   1   2.11712562500E-03
   4   2   1  -1.08420217249E-19
   1   3   1   3.97447750000E-03
   2   3   1  -2.13052500000E-04
   3   3   1   0.00000000000E+00
   4   3   1  -2.13052500000E-04
   1   4   1  -1.97137293750E-02
   2   4   1  -1.08420217249E-19
   3   4   1   2.11712562500E-03
   4   4   1  -2.13052500000E-04
   1   1   2   1.08420217249E-19
   2   1   2  -2.11712562500E-03
   3   1   2   2.13052500000E-04
   4   1   2   1.97137293750E-02
   1   2   2  -2.13052500000E-04
   2   2   2   0.00000000000E+00
   3   2   2   2.13052500000E-04
   4   2   2   0.00000000000E+00
   1   3   2  -2.13052500000E-04
   2   3   2  -2.11712562500E-03
   3   3   2   0.00000000000E+00
   4   3   2  -5.55153125000E-04
   1   4   2   1.08420217249E-19
   2   4   2   0.00000000000E+00
   3   4   2   0.00000000000E+00
   4   4   2   0.00000000000E+00
   1   1   3   7.58941520740E-19
   2   1   3   2.13052500000E-04
   3   1   3  -3.97447750000E-03
   4   1   3   2.13052500000E-04
   1   2   3   2.11712562500E-03
   2   2   3   2.13052500000E-04
   3   2   3   5.55153125000E-04
   4   2   3   1.08420217249E-19
   1   3   3   1.30104260698E-18
   2   3   3   1.08420217249E-19
   3   3   3   0.00000000000E+00
   4   3   3   1.08420217249E-19
   1   4   3   2.11712562500E-03
   2   4   3   1.08420217249E-19
   3   4   3   5.55153125000E-04
   4   4   3   2.13052500000E-04
   1   1   4   1.08420217249E-19
   2   1   4   1.97137293750E-02
   3   1   4   2.13052500000E-04
   4   1   4  -2.11712562500E-03
   1   2   4   1.08420217249E-19
   2   2   4   0.00000000000E+00
   3   2   4   0.00000000000E+00
   4   2   4   0.00000000000E+00
   1   3   4  -2.13052500000E-04
   2   3   4  -5.55153125000E-04
   3   3   4   0.00000000000E+00
   4   3   4  -2.11712562500E-03
   1   4   4  -2.13052500000E-04
   2   4   4   0.00000000000E+00
   3   4   4   2.13052500000E-04
   4   4   4   0.00000000000E+00
   3   1   1   1
   1   1   1  -1.08420217249E-19
   2   1   1   1.97137293750E-02
   3   1   1  -3.97447750000E-03
   4   1   1   1.97137293750E-02
   1   2   1   1.08420217249E-19
   2   2   1   2.13052500000E-04
   3   2   1   2.13052500000E-04
   4   2   1  -1.08420217249E-19
   1   3   1   1.30104260698E-18
   2   3   1  -2.11712562500E-03
   3   3   1   0.00000000000E+00
   4   3   1  -2.11712562500E-03
   1   4   1   1.08420217249E-19
   2   4   1  -1.08420217249E-19
   3   4   1   2.13052500000E-04
   4   4   1   2.13052500000E-04
   1   1   2   1.08420217249E-19
   2   1   2   2.13052500000E-04
   3   1   2   2.13052500000E-04
   4   1   2  -1.08420217249E-19
   1   2   2   2.11712562500E-03
   2   2   2   0.00000000000E+00
   3   2   2   2.11712562500E-03
   4   2   2   0.00000000000E+00
   1   3   2  -2.13052500000E-04
   2   3   2  -2.13052500000E-04
   3   3   2   0.00000000000E+00
   4   3   2   1.08420217249E-19
   1   4   2  -1.97137293750E-02
   2   4   2   0.00000000000E+00
   3   4   2   5.55153125000E-04
   4   4   2   0.00000000000E+00
   1   1   3   7.58941520740E-19
   2   1   3  -2.11712562500E-03
   3   1   3   0.00000000000E+00
   4   1   3  -2.11712562500E-03
   1   2   3  -2.13052500000E-04
   2   2   3  -2.13052500000E-04
   3   2   3   0.00000000000E+00
   4   2   3   1.08420217249E-19
   1   3   3   3.97447750000E-03
   2   3   3  -5.55153125000E-04
   3   3   3   0.00000000000E+00
   4   3   3  -5.55153125000E-04
   1   4   3  -2.13052500000E-04
   2   4   3   1.08420217249E-19
   3   4   3   0.00000000000E+00
   4   4   3  -2.13052500000E-04
   1   1   4   1.08420217249E-19
   2   1   4  -1.08420217249E-19
   3   1   4   2.13052500000E-04
   4   1   4   2.13052500000E-04
   1   2   4  -1.97137293750E-02
   2   2   4   0.00000000000E+00
   3   2   4   5.55153125000E-04
   4   2   4   0.00000000000E+00
   1   3   4  -2.13052500000E-04
   2   3   4   1.08420217249E-19
   3   3   4   0.00000000000E+00
   4   3   4  -2.13052500000E-04
   1   4   4   2.11712562500E-03
   2   4   4   0.00000000000E+00
   3   4   4   2.11712562500E-03
   4   4   4   0.00000000000E+00
   3   2   1   1
   1   1   1  -1.08420217249E-19
   2   1   1  -1.08420217249E-19
   3   1   1   0.00000000000E+00
   4   1   1  -1.08420217249E-19
   1   2   1  -1.97137293750E-02
   2   2   1  -2.13052500000E-04
   3   2   1   2.11712562500E-03
   4   2   1  -1.08420217249E-19
   1   3   1   3.97447750000E-03
   2   3   1  -2.13052500000E-04
   3   3   1   0.00000000000E+00
   4   3   1  -2.13052500000E-04
   1   4   1  -1.97137293750E-02
   2   4   1  -1.08420217249E-19
   3   4   1   2.11712562500E-03
   4   4   1  -2.13052500000E-04
   1   1   2   1.08420217249E-19
   2   1   2  -2.11712562500E-03
   3   1   2   2.13052500000E-04
   4   1   2   1.97137293750E-02
   1   2   2  -2.13052500000E-04
   2   2   2   0.00000000000E+00
   3   2   2   2.13052500000E-04
   4   2   2   0.00000000000E+00
   1   3   2  -2.13052500000E-04
   2   3   2  -2.11712562500E-03
   3   3   2   0.00000000000E+00
   4   3   2  -5.55153125000E-04
   1   4   2   1.08420217249E-19
   2   4   2   0.00000000000E+00
   3   4   2   0.00000000000E+00
   4   4   2   0.00000000000E+00
   1   1   3   7.58941520740E-19
   2   1   3   2.13052500000E-04
   3   1   3  -3.97447750000E-03
   4   1   3   2.13052500000E-04
   1   2   3   2.11712562500E-03
   2   2   3   2.13052500000E-04
   3   2   3   5.55153125000E-04
   4   2   3   1.08420217249E-19
   1   3   3   1.30104260698E-18
   2   3   3   1.08420217249E-19
   3   3   3   0.00000000000E+00
   4   3   3   1.08420217249E-19
   1   4   3   2.11712562500E-03
   2   4   3   1.08420217249E-19
   3   4   3   5.55153125000E-04
   4   4   3   2.13052500000E-04
   1   1   4   1.08420217249E-19
   2   1   4   1.97137293750E-02
   3   1   4   2.13052500000E-04
   4   1   4  -2.11712562500E-03
   1   2   4   1.08420217249E-19
   2   2   4   0.00000000000E+00
   3   2   4   0.00000000000E+00
   4   2   4   0.00000000000E+00
   1   3   4  -2.13052500000E-04
   2   3   4  -5.55153125000E-04
   3   3   4   0.00000000000E+00
   4   3   4  -2.11712562500E-03
   1   4   4  -2.13052500000E-04
   2   4   4   0.00000000000E+00
   3   4   4   2.13052500000E-04
   4   4   4   0.00000000000E+00
   3   3   1   1
   1   1   1   8.60611295313E-02
   2   1   1  -1.37991720312E-02
   3   1   1  -1.06589546875E-03
   4   1   1  -1.37991720312E-02
   1   2   1  -1.37991720312E-02
   2   2   1  -2.73485046875E-03
   3   2   1   1.71451796875E-03
   4   2   1   8.18724828125E-03
   1   3   1  -1.06589546875E-03
   2   3   1   1.71451796875E-03
   3   3   1  -4.35137546875E-03
   4   3   1   1.71451796875E-03
   1   4   1  -1.37991720312E-02
   2   4   1   8.18724828125E-03
   3   4   1   1.71451796875E-03
   4   4   1  -2.73485046875E-03
   1   1   2   8.18724828125E-03
   2   1   2   1.71451796875E-03
   3   1   2  -2.73485046875E-03
   4   1   2  -1.37991720312E-02
   1   2   2   1.71451796875E-03
   2   2   2  -1.90516609375E-03
   3   2   2   1.71451796875E-03
   4   2   2   1.54704015625E-03
   1   3   2  -2.73485046875E-03
   2   3   2   1.71451796875E-03
   3   3   2   4.12387031250E-04
   4   3   2   1.46314218750E-04
   1   4   2  -1.37991720312E-02
   2   4   2   1.54704015625E-03
   3   4   2   1.46314218750E-04
   4   4   2  -4.02399234375E-03
   1   1   3  -4.35137546875E-03
   2   1   3   1.71451796875E-03
   3   1   3  -1.06589546875E-03
   4   1   3   1.71451796875E-03
   1   2   3   1.71451796875E-03
   2   2   3  -2.73485046875E-03
   3   2   3   1.46314218750E-04
   4   2   3   4.12387031250E-04
   1   3   3  -1.06589546875E-03
   2   3   3   1.46314218750E-04
   3   3   3   2.59117703125E-03
   4   3   3   1.46314218750E-04
   1   4   3   1.71451796875E-03
   2   4   3   4.12387031250E-04
   3   4   3   1.46314218750E-04
   4   4   3  -2.73485046875E-03
   1   1   4   8.18724828125E-03
   2   1   4  -1.37991720312E-02
   3   1   4  -2.73485046875E-03
   4   1   4   1.71451796875E-03
   1   2   4  -1.37991720312E-02
   2   2   4  -4.02399234375E-03
   3   2   4   1.46314218750E-04
   4   2   4   1.54704015625E-03
   1   3   4  -2.73485046875E-03
   2   3   4   1.46314218750E-04
   3   3   4   4.12387031250E-04
   4   3   4   1.71451796875E-03
   1   4   4   1.71451796875E-03
   2   4   4   1.54704015625E-03
   3   4   4   1.71451796875E-03
   4   4   4  -1.90516609375E-03
