  1.500000000000000E-002  0.615856783269880        2.64743867141258     
   4   4   4
   1   1   1   1
   1   1   1   8.47800490625E-02
   2   1   1  -1.30232590625E-02
   3   1   1  -2.55224031250E-03
   4   1   1  -1.30232590625E-02
   1   2   1   8.30892906250E-03
   2   2   1   2.32572656250E-03
   3   2   1  -3.63866218750E-03
   4   2   1  -1.30232590625E-02
   1   3   1  -8.16216468750E-03
   2   3   1   2.32572656250E-03
   3   3   1  -2.55224031250E-03
   4   3   1   2.32572656250E-03
   1   4   1   8.30892906250E-03
   2   4   1  -1.30232590625E-02
   3   4   1  -3.63866218750E-03
   4   4   1   2.32572656250E-03
   1   1   2  -1.30232590625E-02
   2   1   2  -3.63866218750E-03
   3   1   2   2.32572656250E-03
   4   1   2   8.30892906250E-03
   1   2   2   2.32572656250E-03
   2   2   2   1.62633437500E-04
   3   2   2   2.32572656250E-03
   4   2   2   3.66169656250E-03
   1   3   2   2.32572656250E-03
   2   3   2  -3.63866218750E-03
   3   3   2  -1.33290031250E-03
   4   3   2   4.01710312500E-04
   1   4   2  -1.30232590625E-02
   2   4   2  -4.40458156250E-03
   3   4   2  -1.33290031250E-03
   4   4   2   3.66169656250E-03
   1   1   3  -2.55224031250E-03
   2   1   3   2.32572656250E-03
   3   1   3  -8.16216468750E-03
   4   1   3   2.32572656250E-03
   1   2   3  -3.63866218750E-03
   2   2   3   2.32572656250E-03
   3   2   3   4.01710312500E-04
   4   2   3  -1.33290031250E-03
   1   3   3  -2.55224031250E-03
   2   3   3  -1.33290031250E-03
   3   3   3   7.71369156250E-03
   4   3   3  -1.33290031250E-03
   1   4   3  -3.63866218750E-03
   2   4   3  -1.33290031250E-03
   3   4   3   4.01710312500E-04
   4   4   3   2.32572656250E-03
   1   1   4  -1.30232590625E-02
   2   1   4   8.30892906250E-03
   3   1   4   2.32572656250E-03
   4   1   4  -3.63866218750E-03
   1   2   4  -1.30232590625E-02
   2   2   4   3.66169656250E-03
   3   2   4  -1.33290031250E-03
   4   2   4  -4.40458156250E-03
   1   3   4   2.32572656250E-03
   2   3   4   4.01710312500E-04
   3   3   4  -1.33290031250E-03
   4   3   4  -3.63866218750E-03
   1   4   4   2.32572656250E-03
   2   4   4   3.66169656250E-03
   3   4   4   2.32572656250E-03
   4   4   4   1.62633437500E-04
   1   2   1   1
   1   1   1   0.00000000000E+00
   2   1   1   0.00000000000E+00
   3   1   1   0.00000000000E+00
   4   1   1   0.00000000000E+00
   1   2   1   0.00000000000E+00
   2   2   1   4.43275000000E-03
   3   2   1  -6.81743750000E-04
   4   2   1  -1.85898612500E-02
   1   3   1   0.00000000000E+00
   2   3   1  -6.81743750000E-04
   3   3   1   2.42306250000E-03
   4   3   1  -6.81743750000E-04
   1   4   1   0.00000000000E+00
   2   4   1  -1.85898612500E-02
   3   4   1  -6.81743750000E-04
   4   4   1   4.43275000000E-03
   1   1   2   1.85898612500E-02
   2   1   2   6.81743750000E-04
   3   1   2  -4.43275000000E-03
   4   1   2   0.00000000000E+00
   1   2   2   6.81743750000E-04
   2   2   2   0.00000000000E+00
   3   2   2  -6.81743750000E-04
   4   2   2   0.00000000000E+00
   1   3   2  -4.43275000000E-03
   2   3   2  -6.81743750000E-04
   3   3   2   5.57623750000E-04
   4   3   2   0.00000000000E+00
   1   4   2   0.00000000000E+00
   2   4   2   0.00000000000E+00
   3   4   2   0.00000000000E+00
   4   4   2   0.00000000000E+00
   1   1   3  -2.42306250000E-03
   2   1   3   6.81743750000E-04
   3   1   3   0.00000000000E+00
   4   1   3   6.81743750000E-04
   1   2   3   6.81743750000E-04
   2   2   3   4.43275000000E-03
   3   2   3   0.00000000000E+00
   4   2   3  -5.57623750000E-04
   1   3   3   0.00000000000E+00
   2   3   3   0.00000000000E+00
   3   3   3   0.00000000000E+00
   4   3   3   0.00000000000E+00
   1   4   3   6.81743750000E-04
   2   4   3  -5.57623750000E-04
   3   4   3   0.00000000000E+00
   4   4   3   4.43275000000E-03
   1   1   4   1.85898612500E-02
   2   1   4   0.00000000000E+00
   3   1   4  -4.43275000000E-03
   4   1   4   6.81743750000E-04
   1   2   4   0.00000000000E+00
   2   2   4   0.00000000000E+00
   3   2   4   0.00000000000E+00
   4   2   4   0.00000000000E+00
   1   3   4  -4.43275000000E-03
   2   3   4   0.00000000000E+00
   3   3   4   5.57623750000E-04
   4   3   4  -6.81743750000E-04
   1   4   4   6.81743750000E-04
   2   4   4   0.00000000000E+00
   3   4   4  -6.81743750000E-04
   4   4   4   0.00000000000E+00
   1   3   1   1
   1   1   1   0.00000000000E+00
   2   1   1   1.85898612500E-02
   3   1   1  -2.42306250000E-03
   4   1   1   1.85898612500E-02
   1   2   1   0.00000000000E+00
   2   2   1   6.81743750000E-04
   3   2   1   6.81743750000E-04
   4   2   1   0.00000000000E+00
   1   3   1   0.00000000000E+00
   2   3   1  -4.43275000000E-03
   3   3   1   0.00000000000E+00
   4   3   1  -4.43275000000E-03
   1   4   1   0.00000000000E+00
   2   4   1   0.00000000000E+00
   3   4   1   6.81743750000E-04
   4   4   1   6.81743750000E-04
   1   1   2   0.00000000000E+00
   2   1   2   6.81743750000E-04
   3   1   2   6.81743750000E-04
   4   1   2   0.00000000000E+00
   1   2   2   4.43275000000E-03
   2   2   2   0.00000000000E+00
   3   2   2   4.43275000000E-03
   4   2   2   0.00000000000E+00
   1   3   2  -6.81743750000E-04
   2   3   2  -6.81743750000E-04
   3   3   2   0.00000000000E+00
   4   3   2   0.00000000000E+00
   1   4   2  -1.85898612500E-02
   2   4   2   0.00000000000E+00
   3   4   2  -5.57623750000E-04
   4   4   2   0.00000000000E+00
   1   1   3   0.00000000000E+00
   2   1   3  -4.43275000000E-03
   3   1   3   0.00000000000E+00
   4   1   3  -4.43275000000E-03
   1   2   3  -6.81743750000E-04
   2   2   3  -6.81743750000E-04
   3   2   3   0.00000000000E+00
   4   2   3   0.00000000000E+00
   1   3   3   2.42306250000E-03
   2   3   3   5.57623750000E-04
   3   3   3   0.00000000000E+00
   4   3   3   5.57623750000E-04
   1   4   3  -6.81743750000E-04
   2   4   3   0.00000000000E+00
   3   4   3   0.00000000000E+00
   4   4   3  -6.81743750000E-04
   1   1   4   0.00000000000E+00
   2   1   4   0.00000000000E+00
   3   1   4   6.81743750000E-04
   4   1   4   6.81743750000E-04
   1   2   4  -1.85898612500E-02
   2   2   4   0.00000000000E+00
   3   2   4  -5.57623750000E-04
   4   2   4   0.00000000000E+00
   1   3   4  -6.81743750000E-04
   2   3   4   0.00000000000E+00
   3   3   4   0.00000000000E+00
   4   3   4  -6.81743750000E-04
   1   4   4   4.43275000000E-03
   2   4   4   0.00000000000E+00
   3   4   4   4.43275000000E-03
   4   4   4   0.00000000000E+00
   2   1   1   1
   1   1   1   0.00000000000E+00
   2   1   1   0.00000000000E+00
   3   1   1   0.00000000000E+00
   4   1   1   0.00000000000E+00
   1   2   1   0.00000000000E+00
   2   2   1   4.43275000000E-03
   3   2   1  -6.81743750000E-04
   4   2   1  -1.85898612500E-02
   1   3   1   0.00000000000E+00
   2   3   1  -6.81743750000E-04
   3   3   1   2.42306250000E-03
   4   3   1  -6.81743750000E-04
   1   4   1   0.00000000000E+00
   2   4   1  -1.85898612500E-02
   3   4   1  -6.81743750000E-04
   4   4   1   4.43275000000E-03
   1   1   2   1.85898612500E-02
   2   1   2   6.81743750000E-04
   3   1   2  -4.43275000000E-03
   4   1   2   0.00000000000E+00
   1   2   2   6.81743750000E-04
   2   2   2   0.00000000000E+00
   3   2   2  -6.81743750000E-04
   4   2   2   0.00000000000E+00
   1   3   2  -4.43275000000E-03
   2   3   2  -6.81743750000E-04
   3   3   2   5.57623750000E-04
   4   3   2   0.00000000000E+00
   1   4   2   0.00000000000E+00
   2   4   2   0.00000000000E+00
   3   4   2   0.00000000000E+00
   4   4   2   0.00000000000E+00
   1   1   3  -2.42306250000E-03
   2   1   3   6.81743750000E-04
   3   1   3   0.00000000000E+00
   4   1   3   6.81743750000E-04
   1   2   3   6.81743750000E-04
   2   2   3   4.43275000000E-03
   3   2   3   0.00000000000E+00
   4   2   3  -5.57623750000E-04
   1   3   3   0.00000000000E+00
   2   3   3   0.00000000000E+00
   3   3   3   0.00000000000E+00
   4   3   3   0.00000000000E+00
   1   4   3   6.81743750000E-04
   2   4   3  -5.57623750000E-04
   3   4   3   0.00000000000E+00
   4   4   3   4.43275000000E-03
   1   1   4   1.85898612500E-02
   2   1   4   0.00000000000E+00
   3   1   4  -4.43275000000E-03
   4   1   4   6.81743750000E-04
   1   2   4   0.00000000000E+00
   2   2   4   0.00000000000E+00
   3   2   4   0.00000000000E+00
   4   2   4   0.00000000000E+00
   1   3   4  -4.43275000000E-03
   2   3   4   0.00000000000E+00
   3   3   4   5.57623750000E-04
   4   3   4  -6.81743750000E-04
   1   4   4   6.81743750000E-04
   2   4   4   0.00000000000E+00
   3   4   4  -6.81743750000E-04
   4   4   4   0.00000000000E+00
   2   2   1   1
   1   1   1   8.47800490625E-02
   2   1   1   8.30892906250E-03
   3   1   1  -8.16216468750E-03
   4   1   1   8.30892906250E-03
   1   2   1  -1.30232590625E-02
   2   2   1   2.32572656250E-03
   3   2   1   2.32572656250E-03
   4   2   1  -1.30232590625E-02
   1   3   1  -2.55224031250E-03
   2   3   1  -3.63866218750E-03
   3   3   1  -2.55224031250E-03
   4   3   1  -3.63866218750E-03
   1   4   1  -1.30232590625E-02
   2   4   1  -1.30232590625E-02
   3   4   1   2.32572656250E-03
   4   4   1   2.32572656250E-03
   1   1   2  -1.30232590625E-02
   2   1   2   2.32572656250E-03
   3   1   2   2.32572656250E-03
   4   1   2  -1.30232590625E-02
   1   2   2  -3.63866218750E-03
   2   2   2   1.62633437500E-04
   3   2   2  -3.63866218750E-03
   4   2   2  -4.40458156250E-03
   1   3   2   2.32572656250E-03
   2   3   2   2.32572656250E-03
   3   3   2  -1.33290031250E-03
   4   3   2  -1.33290031250E-03
   1   4   2   8.30892906250E-03
   2   4   2   3.66169656250E-03
   3   4   2   4.01710312500E-04
   4   4   2   3.66169656250E-03
   1   1   3  -2.55224031250E-03
   2   1   3  -3.63866218750E-03
   3   1   3  -2.55224031250E-03
   4   1   3  -3.63866218750E-03
   1   2   3   2.32572656250E-03
   2   2   3   2.32572656250E-03
   3   2   3  -1.33290031250E-03
   4   2   3  -1.33290031250E-03
   1   3   3  -8.16216468750E-03
   2   3   3   4.01710312500E-04
   3   3   3   7.71369156250E-03
   4   3   3   4.01710312500E-04
   1   4   3   2.32572656250E-03
   2   4   3  -1.33290031250E-03
   3   4   3  -1.33290031250E-03
   4   4   3   2.32572656250E-03
   1   1   4  -1.30232590625E-02
   2   1   4  -1.30232590625E-02
   3   1   4   2.32572656250E-03
   4   1   4   2.32572656250E-03
   1   2   4   8.30892906250E-03
   2   2   4   3.66169656250E-03
   3   2   4   4.01710312500E-04
   4   2   4   3.66169656250E-03
   1   3   4   2.32572656250E-03
   2   3   4  -1.33290031250E-03
   3   3   4  -1.33290031250E-03
   4   3   4   2.32572656250E-03
   1   4   4  -3.63866218750E-03
   2   4   4  -4.40458156250E-03
   3   4   4  -3.63866218750E-03
   4   4   4   1.62633437500E-04
   2   3   1   1
   1   1   1   0.00000000000E+00
   2   1   1   0.00000000000E+00
   3   1   1   0.00000000000E+00
   4   1   1   0.00000000000E+00
   1   2   1  -1.85898612500E-02
   2   2   1  -6.81743750000E-04
   3   2   1   4.43275000000E-03
   4   2   1   0.00000000000E+00
   1   3   1   2.42306250000E-03
   2   3   1  -6.81743750000E-04
   3   3   1   0.00000000000E+00
   4   3   1  -6.81743750000E-04
   1   4   1  -1.85898612500E-02
   2   4   1   0.00000000000E+00
   3   4   1   4.43275000000E-03
   4   4   1  -6.81743750000E-04
   1   1   2   0.00000000000E+00
   2   1   2  -4.43275000000E-03
   3   1   2   6.81743750000E-04
   4   1   2   1.85898612500E-02
   1   2   2  -6.81743750000E-04
   2   2   2   0.00000000000E+00
   3   2   2   6.81743750000E-04
   4   2   2   0.00000000000E+00
   1   3   2  -6.81743750000E-04
   2   3   2  -4.43275000000E-03
   3   3   2   0.00000000000E+00
   4   3   2   5.57623750000E-04
   1   4   2   0.00000000000E+00
   2   4   2   0.00000000000E+00
   3   4   2   0.00000000000E+00
   4   4   2   0.00000000000E+00
   1   1   3   0.00000000000E+00
   2   1   3   6.81743750000E-04
   3   1   3  -2.42306250000E-03
   4   1   3   6.81743750000E-04
   1   2   3   4.43275000000E-03
   2   2   3   6.81743750000E-04
   3   2   3  -5.57623750000E-04
   4   2   3   0.00000000000E+00
   1   3   3   0.00000000000E+00
   2   3   3   0.00000000000E+00
   3   3   3   0.00000000000E+00
   4   3   3   0.00000000000E+00
   1   4   3   4.43275000000E-03
   2   4   3   0.00000000000E+00
   3   4   3  -5.57623750000E-04
   4   4   3   6.81743750000E-04
   1   1   4   0.00000000000E+00
   2   1   4   1.85898612500E-02
   3   1   4   6.81743750000E-04
   4   1   4  -4.43275000000E-03
   1   2   4   0.00000000000E+00
   2   2   4   0.00000000000E+00
   3   2   4   0.00000000000E+00
   4   2   4   0.00000000000E+00
   1   3   4  -6.81743750000E-04
   2   3   4   5.57623750000E-04
   3   3   4   0.00000000000E+00
   4   3   4  -4.43275000000E-03
   1   4   4  -6.81743750000E-04
   2   4   4   0.00000000000E+00
   3   4   4   6.81743750000E-04
   4   4   4   0.00000000000E+00
   3   1   1   1
   1   1   1   0.00000000000E+00
   2   1   1   1.85898612500E-02
   3   1   1  -2.42306250000E-03
   4   1   1   1.85898612500E-02
   1   2   1   0.00000000000E+00
   2   2   1   6.81743750000E-04
   3   2   1   6.81743750000E-04
   4   2   1   0.00000000000E+00
   1   3   1   0.00000000000E+00
   2   3   1  -4.43275000000E-03
   3   3   1   0.00000000000E+00
   4   3   1  -4.43275000000E-03
   1   4   1   0.00000000000E+00
   2   4   1   0.00000000000E+00
   3   4   1   6.81743750000E-04
   4   4   1   6.81743750000E-04
   1   1   2   0.00000000000E+00
   2   1   2   6.81743750000E-04
   3   1   2   6.81743750000E-04
   4   1   2   0.00000000000E+00
   1   2   2   4.43275000000E-03
   2   2   2   0.00000000000E+00
   3   2   2   4.43275000000E-03
   4   2   2   0.00000000000E+00
   1   3   2  -6.81743750000E-04
   2   3   2  -6.81743750000E-04
   3   3   2   0.00000000000E+00
   4   3   2   0.00000000000E+00
   1   4   2  -1.85898612500E-02
   2   4   2   0.00000000000E+00
   3   4   2  -5.57623750000E-04
   4   4   2   0.00000000000E+00
   1   1   3   0.00000000000E+00
   2   1   3  -4.43275000000E-03
   3   1   3   0.00000000000E+00
   4   1   3  -4.43275000000E-03
   1   2   3  -6.81743750000E-04
   2   2   3  -6.81743750000E-04
   3   2   3   0.00000000000E+00
   4   2   3   0.00000000000E+00
   1   3   3   2.42306250000E-03
   2   3   3   5.57623750000E-04
   3   3   3   0.00000000000E+00
   4   3   3   5.57623750000E-04
   1   4   3  -6.81743750000E-04
   2   4   3   0.00000000000E+00
   3   4   3   0.00000000000E+00
   4   4   3  -6.81743750000E-04
   1   1   4   0.00000000000E+00
   2   1   4   0.00000000000E+00
   3   1   4   6.81743750000E-04
   4   1   4   6.81743750000E-04
   1   2   4  -1.85898612500E-02
   2   2   4   0.00000000000E+00
   3   2   4  -5.57623750000E-04
   4   2   4   0.00000000000E+00
   1   3   4  -6.81743750000E-04
   2   3   4   0.00000000000E+00
   3   3   4   0.00000000000E+00
   4   3   4  -6.81743750000E-04
   1   4   4   4.43275000000E-03
   2   4   4   0.00000000000E+00
   3   4   4   4.43275000000E-03
   4   4   4   0.00000000000E+00
   3   2   1   1
   1   1   1   0.00000000000E+00
   2   1   1   0.00000000000E+00
   3   1   1   0.00000000000E+00
   4   1   1   0.00000000000E+00
   1   2   1  -1.85898612500E-02
   2   2   1  -6.81743750000E-04
   3   2   1   4.43275000000E-03
   4   2   1   0.00000000000E+00
   1   3   1   2.42306250000E-03
   2   3   1  -6.81743750000E-04
   3   3   1   0.00000000000E+00
   4   3   1  -6.81743750000E-04
   1   4   1  -1.85898612500E-02
   2   4   1   0.00000000000E+00
   3   4   1   4.43275000000E-03
   4   4   1  -6.81743750000E-04
   1   1   2   0.00000000000E+00
   2   1   2  -4.43275000000E-03
   3   1   2   6.81743750000E-04
   4   1   2   1.85898612500E-02
   1   2   2  -6.81743750000E-04
   2   2   2   0.00000000000E+00
   3   2   2   6.81743750000E-04
   4   2   2   0.00000000000E+00
   1   3   2  -6.81743750000E-04
   2   3   2  -4.43275000000E-03
   3   3   2   0.00000000000E+00
   4   3   2   5.57623750000E-04
   1   4   2   0.00000000000E+00
   2   4   2   0.00000000000E+00
   3   4   2   0.00000000000E+00
   4   4   2   0.00000000000E+00
   1   1   3   0.00000000000E+00
   2   1   3   6.81743750000E-04
   3   1   3  -2.42306250000E-03
   4   1   3   6.81743750000E-04
   1   2   3   4.43275000000E-03
   2   2   3   6.81743750000E-04
   3   2   3  -5.57623750000E-04
   4   2   3   0.00000000000E+00
   1   3   3   0.00000000000E+00
   2   3   3   0.00000000000E+00
   3   3   3   0.00000000000E+00
   4   3   3   0.00000000000E+00
   1   4   3   4.43275000000E-03
   2   4   3   0.00000000000E+00
   3   4   3  -5.57623750000E-04
   4   4   3   6.81743750000E-04
   1   1   4   0.00000000000E+00
   2   1   4   1.85898612500E-02
   3   1   4   6.81743750000E-04
   4   1   4  -4.43275000000E-03
   1   2   4   0.00000000000E+00
   2   2   4   0.00000000000E+00
   3   2   4   0.00000000000E+00
   4   2   4   0.00000000000E+00
   1   3   4  -6.81743750000E-04
   2   3   4   5.57623750000E-04
   3   3   4   0.00000000000E+00
   4   3   4  -4.43275000000E-03
   1   4   4  -6.81743750000E-04
   2   4   4   0.00000000000E+00
   3   4   4   6.81743750000E-04
   4   4   4   0.00000000000E+00
   3   3   1   1
   1   1   1   8.47800490625E-02
   2   1   1  -1.30232590625E-02
   3   1   1  -2.55224031250E-03
   4   1   1  -1.30232590625E-02
   1   2   1  -1.30232590625E-02
   2   2   1  -3.63866218750E-03
   3   2   1   2.32572656250E-03
   4   2   1   8.30892906250E-03
   1   3   1  -2.55224031250E-03
   2   3   1   2.32572656250E-03
   3   3   1  -8.16216468750E-03
   4   3   1   2.32572656250E-03
   1   4   1  -1.30232590625E-02
   2   4   1   8.30892906250E-03
   3   4   1   2.32572656250E-03
   4   4   1  -3.63866218750E-03
   1   1   2   8.30892906250E-03
   2   1   2   2.32572656250E-03
   3   1   2  -3.63866218750E-03
   4   1   2  -1.30232590625E-02
   1   2   2   2.32572656250E-03
   2   2   2   1.62633437500E-04
   3   2   2   2.32572656250E-03
   4   2   2   3.66169656250E-03
   1   3   2  -3.63866218750E-03
   2   3   2   2.32572656250E-03
   3   3   2   4.01710312500E-04
   4   3   2  -1.33290031250E-03
   1   4   2  -1.30232590625E-02
   2   4   2   3.66169656250E-03
   3   4   2  -1.33290031250E-03
   4   4   2  -4.40458156250E-03
   1   1   3  -8.16216468750E-03
   2   1   3   2.32572656250E-03
   3   1   3  -2.55224031250E-03
   4   1   3   2.32572656250E-03
   1   2   3   2.32572656250E-03
   2   2   3  -3.63866218750E-03
   3   2   3  -1.33290031250E-03
   4   2   3   4.01710312500E-04
   1   3   3  -2.55224031250E-03
   2   3   3  -1.33290031250E-03
   3   3   3   7.71369156250E-03
   4   3   3  -1.33290031250E-03
   1   4   3   2.32572656250E-03
   2   4   3   4.01710312500E-04
   3   4   3  -1.33290031250E-03
   4   4   3  -3.63866218750E-03
   1   1   4   8.30892906250E-03
   2   1   4  -1.30232590625E-02
   3   1   4  -3.63866218750E-03
   4   1   4   2.32572656250E-03
   1   2   4  -1.30232590625E-02
   2   2   4  -4.40458156250E-03
   3   2   4  -1.33290031250E-03
   4   2   4   3.66169656250E-03
   1   3   4  -3.63866218750E-03
   2   3   4  -1.33290031250E-03
   3   3   4   4.01710312500E-04
   4   3   4   2.32572656250E-03
   1   4   4   2.32572656250E-03
   2   4   4   3.66169656250E-03
   3   4   4   2.32572656250E-03
   4   4   4   1.62633437500E-04
