  3.500000000000000E-002  0.615675417629302        2.64582309521553     
           8

     Dynamical  Matrix in cartesian axes

     q = (   -0.176776695   0.176776695  -0.176776695 ) 

    1    1
  0.04472009   0.00000000    -0.03579023   0.00000000     0.03579023   0.00000000
 -0.03579023  -0.00000000     0.04472009  -0.00000000    -0.03579023   0.00000000
  0.03579023   0.00000000    -0.03579023   0.00000000     0.04472009  -0.00000000

     Dynamical  Matrix in cartesian axes

     q = (    0.176776695  -0.176776695  -0.176776695 ) 

    1    1
  0.04472009   0.00000000    -0.03579023   0.00000000    -0.03579023   0.00000000
 -0.03579023   0.00000000     0.04472009   0.00000000     0.03579023  -0.00000000
 -0.03579023   0.00000000     0.03579023  -0.00000000     0.04472009   0.00000000

     Dynamical  Matrix in cartesian axes

     q = (    0.176776695  -0.176776695   0.176776695 ) 

    1    1
  0.04472009  -0.00000000    -0.03579023   0.00000000     0.03579023  -0.00000000
 -0.03579023  -0.00000000     0.04472009   0.00000000    -0.03579023  -0.00000000
  0.03579023  -0.00000000    -0.03579023   0.00000000     0.04472009  -0.00000000

     Dynamical  Matrix in cartesian axes

     q = (    0.176776695   0.176776695   0.176776695 ) 

    1    1
  0.04472009  -0.00000000     0.03579023  -0.00000000     0.03579023   0.00000000
  0.03579023  -0.00000000     0.04472009  -0.00000000     0.03579023   0.00000000
  0.03579023  -0.00000000     0.03579023  -0.00000000     0.04472009  -0.00000000

     Dynamical  Matrix in cartesian axes

     q = (   -0.176776695  -0.176776695  -0.176776695 ) 

    1    1
  0.04472009  -0.00000000     0.03579023  -0.00000000     0.03579023   0.00000000
  0.03579023  -0.00000000     0.04472009  -0.00000000     0.03579023   0.00000000
  0.03579023  -0.00000000     0.03579023  -0.00000000     0.04472009   0.00000000

     Dynamical  Matrix in cartesian axes

     q = (   -0.176776695  -0.176776695   0.176776695 ) 

    1    1
  0.04472009  -0.00000000     0.03579023  -0.00000000    -0.03579023   0.00000000
  0.03579023   0.00000000     0.04472009  -0.00000000    -0.03579023   0.00000000
 -0.03579023  -0.00000000    -0.03579023   0.00000000     0.04472009  -0.00000000

     Dynamical  Matrix in cartesian axes

     q = (   -0.176776695   0.176776695   0.176776695 ) 

    1    1
  0.04472009   0.00000000    -0.03579023   0.00000000    -0.03579023   0.00000000
 -0.03579023  -0.00000000     0.04472009  -0.00000000     0.03579023  -0.00000000
 -0.03579023   0.00000000     0.03579023   0.00000000     0.04472009   0.00000000

     Dynamical  Matrix in cartesian axes

     q = (    0.176776695   0.176776695  -0.176776695 ) 

    1    1
  0.04472009   0.00000000     0.03579023  -0.00000000    -0.03579023   0.00000000
  0.03579023   0.00000000     0.04472009  -0.00000000    -0.03579023   0.00000000
 -0.03579023  -0.00000000    -0.03579023   0.00000000     0.04472009  -0.00000000
