  5.000000000000000E-003  0.615451160909904        2.51816144520724     
           3

     Dynamical  Matrix in cartesian axes

     q = (    0.000000000  -0.707106781   0.000000000 ) 

    1    1
  0.13036180   0.00000000     0.00000000   0.00000000     0.00000000   0.00000000
  0.00000000   0.00000000     0.09417610   0.00000000     0.00000000   0.00000000
 -0.00000000   0.00000000    -0.00000000   0.00000000     0.13036180   0.00000000

     Dynamical  Matrix in cartesian axes

     q = (   -0.707106781   0.000000000   0.000000000 ) 

    1    1
  0.09417610   0.00000000     0.00000000   0.00000000     0.00000000   0.00000000
 -0.00000000   0.00000000     0.13036180   0.00000000    -0.00000000   0.00000000
 -0.00000000   0.00000000    -0.00000000   0.00000000     0.13036180   0.00000000

     Dynamical  Matrix in cartesian axes

     q = (    0.000000000   0.000000000  -0.707106781 ) 

    1    1
  0.13036180   0.00000000     0.00000000   0.00000000     0.00000000   0.00000000
  0.00000000   0.00000000     0.13036180   0.00000000     0.00000000   0.00000000
 -0.00000000   0.00000000    -0.00000000   0.00000000     0.09417610   0.00000000
