  3.000000000000000E-002  0.615800306143019        2.64382875176948     
           8

     Dynamical  Matrix in cartesian axes

     q = (   -0.176776695   0.176776695  -0.176776695 ) 

    1    1
  0.04358261  -0.00000000    -0.03469427   0.00000000     0.03469427  -0.00000000
 -0.03469427   0.00000000     0.04358261  -0.00000000    -0.03469427   0.00000000
  0.03469427  -0.00000000    -0.03469427   0.00000000     0.04358261  -0.00000000

     Dynamical  Matrix in cartesian axes

     q = (    0.176776695  -0.176776695  -0.176776695 ) 

    1    1
  0.04358261  -0.00000000    -0.03469427   0.00000000    -0.03469427   0.00000000
 -0.03469427   0.00000000     0.04358261  -0.00000000     0.03469427  -0.00000000
 -0.03469427   0.00000000     0.03469427  -0.00000000     0.04358261  -0.00000000

     Dynamical  Matrix in cartesian axes

     q = (    0.176776695  -0.176776695   0.176776695 ) 

    1    1
  0.04358261  -0.00000000    -0.03469427   0.00000000     0.03469427  -0.00000000
 -0.03469427   0.00000000     0.04358261  -0.00000000    -0.03469427   0.00000000
  0.03469427  -0.00000000    -0.03469427   0.00000000     0.04358261  -0.00000000

     Dynamical  Matrix in cartesian axes

     q = (    0.176776695   0.176776695   0.176776695 ) 

    1    1
  0.04358261  -0.00000000     0.03469427  -0.00000000     0.03469427  -0.00000000
  0.03469427  -0.00000000     0.04358261  -0.00000000     0.03469427  -0.00000000
  0.03469427  -0.00000000     0.03469427  -0.00000000     0.04358261  -0.00000000

     Dynamical  Matrix in cartesian axes

     q = (   -0.176776695  -0.176776695  -0.176776695 ) 

    1    1
  0.04358261  -0.00000000     0.03469427  -0.00000000     0.03469427  -0.00000000
  0.03469427  -0.00000000     0.04358261  -0.00000000     0.03469427  -0.00000000
  0.03469427  -0.00000000     0.03469427  -0.00000000     0.04358261  -0.00000000

     Dynamical  Matrix in cartesian axes

     q = (   -0.176776695  -0.176776695   0.176776695 ) 

    1    1
  0.04358261  -0.00000000     0.03469427  -0.00000000    -0.03469427   0.00000000
  0.03469427  -0.00000000     0.04358261  -0.00000000    -0.03469427   0.00000000
 -0.03469427   0.00000000    -0.03469427   0.00000000     0.04358261  -0.00000000

     Dynamical  Matrix in cartesian axes

     q = (   -0.176776695   0.176776695   0.176776695 ) 

    1    1
  0.04358261  -0.00000000    -0.03469427   0.00000000    -0.03469427   0.00000000
 -0.03469427   0.00000000     0.04358261  -0.00000000     0.03469427  -0.00000000
 -0.03469427   0.00000000     0.03469427  -0.00000000     0.04358261  -0.00000000

     Dynamical  Matrix in cartesian axes

     q = (    0.176776695   0.176776695  -0.176776695 ) 

    1    1
  0.04358261  -0.00000000     0.03469427  -0.00000000    -0.03469427   0.00000000
  0.03469427  -0.00000000     0.04358261  -0.00000000    -0.03469427   0.00000000
 -0.03469427   0.00000000    -0.03469427   0.00000000     0.04358261  -0.00000000
