  4.500000000000000E-002  0.615390715069446        2.65082696351927     
           4

     Dynamical  Matrix in cartesian axes

     q = (    0.353553391  -0.353553391   0.353553391 ) 

    1    1
  0.08538319   0.00000000    -0.06198641   0.00000000     0.06198641   0.00000000
 -0.06198641   0.00000000     0.08538319   0.00000000    -0.06198641   0.00000000
  0.06198641   0.00000000    -0.06198641   0.00000000     0.08538319   0.00000000

     Dynamical  Matrix in cartesian axes

     q = (    0.353553391   0.353553391   0.353553391 ) 

    1    1
  0.08538319   0.00000000     0.06198641   0.00000000     0.06198641   0.00000000
  0.06198641   0.00000000     0.08538319   0.00000000     0.06198641   0.00000000
  0.06198641   0.00000000     0.06198641   0.00000000     0.08538319   0.00000000

     Dynamical  Matrix in cartesian axes

     q = (   -0.353553391   0.353553391   0.353553391 ) 

    1    1
  0.08538319   0.00000000    -0.06198641   0.00000000    -0.06198641   0.00000000
 -0.06198641   0.00000000     0.08538319   0.00000000     0.06198641   0.00000000
 -0.06198641   0.00000000     0.06198641   0.00000000     0.08538319   0.00000000

     Dynamical  Matrix in cartesian axes

     q = (    0.353553391   0.353553391  -0.353553391 ) 

    1    1
  0.08538319   0.00000000     0.06198641   0.00000000    -0.06198641   0.00000000
  0.06198641   0.00000000     0.08538319   0.00000000    -0.06198641   0.00000000
 -0.06198641   0.00000000    -0.06198641   0.00000000     0.08538319   0.00000000
