  5.000000000000000E-003  0.615451160909904        2.51816144520724     
          12

     Dynamical  Matrix in cartesian axes

     q = (    0.353553391   0.000000000   0.353553391 ) 

    1    1
  0.16502635   0.00000000     0.00000000  -0.00000000     0.16016289   0.00000000
  0.00000000   0.00000000     0.09254343  -0.00000000     0.00000000   0.00000000
  0.16016289   0.00000000     0.00000000  -0.00000000     0.16502635   0.00000000

     Dynamical  Matrix in cartesian axes

     q = (   -0.353553391   0.000000000   0.353553391 ) 

    1    1
  0.16502635  -0.00000000    -0.00000000  -0.00000000    -0.16016289   0.00000000
 -0.00000000   0.00000000     0.09254343   0.00000000     0.00000000  -0.00000000
 -0.16016289  -0.00000000     0.00000000  -0.00000000     0.16502635   0.00000000

     Dynamical  Matrix in cartesian axes

     q = (   -0.353553391   0.000000000  -0.353553391 ) 

    1    1
  0.16502635   0.00000000     0.00000000   0.00000000     0.16016289   0.00000000
  0.00000000   0.00000000     0.09254343   0.00000000     0.00000000   0.00000000
  0.16016289   0.00000000     0.00000000   0.00000000     0.16502635   0.00000000

     Dynamical  Matrix in cartesian axes

     q = (    0.353553391   0.000000000  -0.353553391 ) 

    1    1
  0.16502635   0.00000000    -0.00000000   0.00000000    -0.16016289   0.00000000
 -0.00000000  -0.00000000     0.09254343  -0.00000000     0.00000000   0.00000000
 -0.16016289   0.00000000     0.00000000   0.00000000     0.16502635   0.00000000

     Dynamical  Matrix in cartesian axes

     q = (    0.000000000   0.353553391  -0.353553391 ) 

    1    1
  0.09254343   0.00000000     0.00000000   0.00000000     0.00000000  -0.00000000
  0.00000000  -0.00000000     0.16502635   0.00000000    -0.16016289   0.00000000
  0.00000000   0.00000000    -0.16016289   0.00000000     0.16502635   0.00000000

     Dynamical  Matrix in cartesian axes

     q = (   -0.353553391   0.353553391   0.000000000 ) 

    1    1
  0.16502635   0.00000000    -0.16016289   0.00000000     0.00000000   0.00000000
 -0.16016289   0.00000000     0.16502635   0.00000000     0.00000000   0.00000000
 -0.00000000   0.00000000     0.00000000   0.00000000     0.09254343   0.00000000

     Dynamical  Matrix in cartesian axes

     q = (    0.000000000   0.353553391   0.353553391 ) 

    1    1
  0.09254343   0.00000000     0.00000000   0.00000000    -0.00000000   0.00000000
 -0.00000000   0.00000000     0.16502635   0.00000000     0.16016289   0.00000000
 -0.00000000   0.00000000     0.16016289   0.00000000     0.16502635   0.00000000

     Dynamical  Matrix in cartesian axes

     q = (    0.000000000  -0.353553391  -0.353553391 ) 

    1    1
  0.09254343   0.00000000     0.00000000   0.00000000    -0.00000000   0.00000000
 -0.00000000   0.00000000     0.16502635   0.00000000     0.16016289   0.00000000
 -0.00000000  -0.00000000     0.16016289  -0.00000000     0.16502635  -0.00000000

     Dynamical  Matrix in cartesian axes

     q = (    0.353553391   0.353553391   0.000000000 ) 

    1    1
  0.16502635   0.00000000     0.16016289   0.00000000    -0.00000000   0.00000000
  0.16016289   0.00000000     0.16502635   0.00000000     0.00000000   0.00000000
 -0.00000000   0.00000000     0.00000000   0.00000000     0.09254343   0.00000000

     Dynamical  Matrix in cartesian axes

     q = (    0.353553391  -0.353553391   0.000000000 ) 

    1    1
  0.16502635   0.00000000    -0.16016289  -0.00000000    -0.00000000   0.00000000
 -0.16016289   0.00000000     0.16502635  -0.00000000     0.00000000   0.00000000
 -0.00000000   0.00000000     0.00000000  -0.00000000     0.09254343   0.00000000

     Dynamical  Matrix in cartesian axes

     q = (   -0.353553391  -0.353553391   0.000000000 ) 

    1    1
  0.16502635   0.00000000     0.16016289   0.00000000    -0.00000000   0.00000000
  0.16016289   0.00000000     0.16502635   0.00000000     0.00000000   0.00000000
 -0.00000000   0.00000000     0.00000000   0.00000000     0.09254343   0.00000000

     Dynamical  Matrix in cartesian axes

     q = (    0.000000000  -0.353553391   0.353553391 ) 

    1    1
  0.09254343   0.00000000     0.00000000   0.00000000     0.00000000   0.00000000
  0.00000000   0.00000000     0.16502635   0.00000000    -0.16016289   0.00000000
  0.00000000   0.00000000    -0.16016289   0.00000000     0.16502635   0.00000000
