  1.000000000000000E-002  0.615714029346228        2.62468491063350     
          12

     Dynamical  Matrix in cartesian axes

     q = (    0.353553391   0.000000000   0.353553391 ) 

    1    1
  0.13362241   0.00000000     0.00000000   0.00000000     0.12879646   0.00000000
  0.00000000   0.00000000     0.05895231   0.00000000     0.00000000   0.00000000
  0.12879646   0.00000000     0.00000000   0.00000000     0.13362241   0.00000000

     Dynamical  Matrix in cartesian axes

     q = (   -0.353553391   0.000000000   0.353553391 ) 

    1    1
  0.13362241   0.00000000     0.00000000   0.00000000    -0.12879646   0.00000000
  0.00000000   0.00000000     0.05895231   0.00000000     0.00000000   0.00000000
 -0.12879646   0.00000000     0.00000000  -0.00000000     0.13362241   0.00000000

     Dynamical  Matrix in cartesian axes

     q = (   -0.353553391   0.000000000  -0.353553391 ) 

    1    1
  0.13362241   0.00000000     0.00000000   0.00000000     0.12879646   0.00000000
  0.00000000   0.00000000     0.05895231   0.00000000     0.00000000   0.00000000
  0.12879646   0.00000000     0.00000000   0.00000000     0.13362241   0.00000000

     Dynamical  Matrix in cartesian axes

     q = (    0.353553391   0.000000000  -0.353553391 ) 

    1    1
  0.13362241   0.00000000    -0.00000000   0.00000000    -0.12879646   0.00000000
 -0.00000000   0.00000000     0.05895231   0.00000000     0.00000000   0.00000000
 -0.12879646  -0.00000000    -0.00000000  -0.00000000     0.13362241  -0.00000000

     Dynamical  Matrix in cartesian axes

     q = (    0.000000000   0.353553391  -0.353553391 ) 

    1    1
  0.05895231   0.00000000     0.00000000   0.00000000    -0.00000000   0.00000000
  0.00000000   0.00000000     0.13362241   0.00000000    -0.12879646   0.00000000
 -0.00000000   0.00000000    -0.12879646   0.00000000     0.13362241   0.00000000

     Dynamical  Matrix in cartesian axes

     q = (   -0.353553391   0.353553391   0.000000000 ) 

    1    1
  0.13362241   0.00000000    -0.12879646   0.00000000     0.00000000   0.00000000
 -0.12879646   0.00000000     0.13362241   0.00000000     0.00000000  -0.00000000
 -0.00000000   0.00000000     0.00000000   0.00000000     0.05895231   0.00000000

     Dynamical  Matrix in cartesian axes

     q = (    0.000000000   0.353553391   0.353553391 ) 

    1    1
  0.05895231   0.00000000    -0.00000000   0.00000000     0.00000000   0.00000000
  0.00000000   0.00000000     0.13362241   0.00000000     0.12879646   0.00000000
  0.00000000   0.00000000     0.12879646   0.00000000     0.13362241   0.00000000

     Dynamical  Matrix in cartesian axes

     q = (    0.000000000  -0.353553391  -0.353553391 ) 

    1    1
  0.05895231   0.00000000     0.00000000   0.00000000     0.00000000   0.00000000
 -0.00000000   0.00000000     0.13362241   0.00000000     0.12879646   0.00000000
  0.00000000   0.00000000     0.12879646   0.00000000     0.13362241   0.00000000

     Dynamical  Matrix in cartesian axes

     q = (    0.353553391   0.353553391   0.000000000 ) 

    1    1
  0.13362241   0.00000000     0.12879646   0.00000000    -0.00000000   0.00000000
  0.12879646   0.00000000     0.13362241   0.00000000    -0.00000000   0.00000000
  0.00000000   0.00000000     0.00000000   0.00000000     0.05895231   0.00000000

     Dynamical  Matrix in cartesian axes

     q = (    0.353553391  -0.353553391   0.000000000 ) 

    1    1
  0.13362241   0.00000000    -0.12879646   0.00000000    -0.00000000   0.00000000
 -0.12879646   0.00000000     0.13362241   0.00000000    -0.00000000  -0.00000000
 -0.00000000   0.00000000     0.00000000   0.00000000     0.05895231   0.00000000

     Dynamical  Matrix in cartesian axes

     q = (   -0.353553391  -0.353553391   0.000000000 ) 

    1    1
  0.13362241   0.00000000     0.12879646   0.00000000    -0.00000000   0.00000000
  0.12879646   0.00000000     0.13362241   0.00000000    -0.00000000   0.00000000
 -0.00000000   0.00000000     0.00000000   0.00000000     0.05895231   0.00000000

     Dynamical  Matrix in cartesian axes

     q = (    0.000000000  -0.353553391   0.353553391 ) 

    1    1
  0.05895231   0.00000000     0.00000000   0.00000000    -0.00000000   0.00000000
  0.00000000   0.00000000     0.13362241   0.00000000    -0.12879646   0.00000000
  0.00000000   0.00000000    -0.12879646   0.00000000     0.13362241   0.00000000
