  4.500000000000000E-002  0.615390715069446        2.65082696351927     
           3

     Dynamical  Matrix in cartesian axes

     q = (    0.000000000  -0.707106781   0.000000000 ) 

    1    1
  0.05275083   0.00000000     0.00000000   0.00000000    -0.00000000   0.00000000
 -0.00000000   0.00000000     0.16628565   0.00000000    -0.00000000   0.00000000
 -0.00000000   0.00000000     0.00000000   0.00000000     0.05275083   0.00000000

     Dynamical  Matrix in cartesian axes

     q = (   -0.707106781   0.000000000   0.000000000 ) 

    1    1
  0.16628565   0.00000000     0.00000000   0.00000000     0.00000000   0.00000000
  0.00000000   0.00000000     0.05275083   0.00000000     0.00000000   0.00000000
  0.00000000   0.00000000     0.00000000   0.00000000     0.05275083   0.00000000

     Dynamical  Matrix in cartesian axes

     q = (    0.000000000   0.000000000  -0.707106781 ) 

    1    1
  0.05275083   0.00000000    -0.00000000   0.00000000     0.00000000   0.00000000
 -0.00000000   0.00000000     0.05275083   0.00000000    -0.00000000   0.00000000
  0.00000000   0.00000000    -0.00000000   0.00000000     0.16628565   0.00000000
