  4.000000000000000E-002  0.615534661096846        2.64833936444670     
           8

     Dynamical  Matrix in cartesian axes

     q = (   -0.176776695   0.176776695  -0.176776695 ) 

    1    1
  0.04622746   0.00000000    -0.03720193  -0.00000000     0.03720193   0.00000000
 -0.03720193  -0.00000000     0.04622746  -0.00000000    -0.03720193  -0.00000000
  0.03720193   0.00000000    -0.03720193  -0.00000000     0.04622746   0.00000000

     Dynamical  Matrix in cartesian axes

     q = (    0.176776695  -0.176776695  -0.176776695 ) 

    1    1
  0.04622746   0.00000000    -0.03720193  -0.00000000    -0.03720193  -0.00000000
 -0.03720193  -0.00000000     0.04622746   0.00000000     0.03720193   0.00000000
 -0.03720193  -0.00000000     0.03720193   0.00000000     0.04622746   0.00000000

     Dynamical  Matrix in cartesian axes

     q = (    0.176776695  -0.176776695   0.176776695 ) 

    1    1
  0.04622746   0.00000000    -0.03720193  -0.00000000     0.03720193   0.00000000
 -0.03720193  -0.00000000     0.04622746   0.00000000    -0.03720193  -0.00000000
  0.03720193   0.00000000    -0.03720193  -0.00000000     0.04622746   0.00000000

     Dynamical  Matrix in cartesian axes

     q = (    0.176776695   0.176776695   0.176776695 ) 

    1    1
  0.04622746   0.00000000     0.03720193   0.00000000     0.03720193   0.00000000
  0.03720193   0.00000000     0.04622746   0.00000000     0.03720193   0.00000000
  0.03720193   0.00000000     0.03720193   0.00000000     0.04622746   0.00000000

     Dynamical  Matrix in cartesian axes

     q = (   -0.176776695  -0.176776695  -0.176776695 ) 

    1    1
  0.04622746   0.00000000     0.03720193   0.00000000     0.03720193   0.00000000
  0.03720193   0.00000000     0.04622746   0.00000000     0.03720193   0.00000000
  0.03720193   0.00000000     0.03720193   0.00000000     0.04622746   0.00000000

     Dynamical  Matrix in cartesian axes

     q = (   -0.176776695  -0.176776695   0.176776695 ) 

    1    1
  0.04622746   0.00000000     0.03720193   0.00000000    -0.03720193  -0.00000000
  0.03720193   0.00000000     0.04622746   0.00000000    -0.03720193  -0.00000000
 -0.03720193  -0.00000000    -0.03720193  -0.00000000     0.04622746   0.00000000

     Dynamical  Matrix in cartesian axes

     q = (   -0.176776695   0.176776695   0.176776695 ) 

    1    1
  0.04622746   0.00000000    -0.03720193  -0.00000000    -0.03720193  -0.00000000
 -0.03720193  -0.00000000     0.04622746   0.00000000     0.03720193   0.00000000
 -0.03720193   0.00000000     0.03720193   0.00000000     0.04622746   0.00000000

     Dynamical  Matrix in cartesian axes

     q = (    0.176776695   0.176776695  -0.176776695 ) 

    1    1
  0.04622746   0.00000000     0.03720193   0.00000000    -0.03720193  -0.00000000
  0.03720193   0.00000000     0.04622746   0.00000000    -0.03720193  -0.00000000
 -0.03720193  -0.00000000    -0.03720193  -0.00000000     0.04622746   0.00000000
