  1.500000000000000E-002  0.615856783269880        2.64743867141258     
          24

     Dynamical  Matrix in cartesian axes

     q = (    0.530330086  -0.176776695   0.530330086 ) 

    1    1
  0.06125192  -0.00000000    -0.04091060  -0.00000000     0.02576440  -0.00000000
 -0.04091060   0.00000000     0.13964223  -0.00000000    -0.04091060   0.00000000
  0.02576440  -0.00000000    -0.04091060  -0.00000000     0.06125192  -0.00000000

     Dynamical  Matrix in cartesian axes

     q = (    0.530330086  -0.176776695  -0.530330086 ) 

    1    1
  0.06125192  -0.00000000    -0.04091060  -0.00000000    -0.02576440  -0.00000000
 -0.04091060   0.00000000     0.13964223  -0.00000000     0.04091060  -0.00000000
 -0.02576440  -0.00000000     0.04091060   0.00000000     0.06125192  -0.00000000

     Dynamical  Matrix in cartesian axes

     q = (   -0.530330086  -0.176776695  -0.530330086 ) 

    1    1
  0.06125192  -0.00000000     0.04091060   0.00000000     0.02576440  -0.00000000
  0.04091060  -0.00000000     0.13964223  -0.00000000     0.04091060  -0.00000000
  0.02576440  -0.00000000     0.04091060   0.00000000     0.06125192  -0.00000000

     Dynamical  Matrix in cartesian axes

     q = (   -0.530330086  -0.176776695   0.530330086 ) 

    1    1
  0.06125192  -0.00000000     0.04091060   0.00000000    -0.02576440   0.00000000
  0.04091060  -0.00000000     0.13964223  -0.00000000    -0.04091060   0.00000000
 -0.02576440   0.00000000    -0.04091060  -0.00000000     0.06125192  -0.00000000

     Dynamical  Matrix in cartesian axes

     q = (   -0.530330086   0.176776695  -0.530330086 ) 

    1    1
  0.06125192  -0.00000000    -0.04091060  -0.00000000     0.02576440  -0.00000000
 -0.04091060   0.00000000     0.13964223  -0.00000000    -0.04091060   0.00000000
  0.02576440  -0.00000000    -0.04091060  -0.00000000     0.06125192  -0.00000000

     Dynamical  Matrix in cartesian axes

     q = (   -0.176776695   0.530330086  -0.530330086 ) 

    1    1
  0.13964223  -0.00000000    -0.04091060   0.00000000     0.04091060  -0.00000000
 -0.04091060  -0.00000000     0.06125192  -0.00000000    -0.02576440   0.00000000
  0.04091060   0.00000000    -0.02576440   0.00000000     0.06125192  -0.00000000

     Dynamical  Matrix in cartesian axes

     q = (   -0.530330086   0.530330086  -0.176776695 ) 

    1    1
  0.06125192  -0.00000000    -0.02576440   0.00000000     0.04091060   0.00000000
 -0.02576440   0.00000000     0.06125192  -0.00000000    -0.04091060  -0.00000000
  0.04091060  -0.00000000    -0.04091060   0.00000000     0.13964223  -0.00000000

     Dynamical  Matrix in cartesian axes

     q = (    0.530330086   0.176776695   0.530330086 ) 

    1    1
  0.06125192  -0.00000000     0.04091060   0.00000000     0.02576440  -0.00000000
  0.04091060  -0.00000000     0.13964223  -0.00000000     0.04091060  -0.00000000
  0.02576440  -0.00000000     0.04091060   0.00000000     0.06125192  -0.00000000

     Dynamical  Matrix in cartesian axes

     q = (   -0.530330086   0.176776695   0.530330086 ) 

    1    1
  0.06125192  -0.00000000    -0.04091060  -0.00000000    -0.02576440  -0.00000000
 -0.04091060   0.00000000     0.13964223  -0.00000000     0.04091060  -0.00000000
 -0.02576440  -0.00000000     0.04091060   0.00000000     0.06125192  -0.00000000

     Dynamical  Matrix in cartesian axes

     q = (    0.530330086   0.176776695  -0.530330086 ) 

    1    1
  0.06125192  -0.00000000     0.04091060   0.00000000    -0.02576440   0.00000000
  0.04091060  -0.00000000     0.13964223  -0.00000000    -0.04091060   0.00000000
 -0.02576440   0.00000000    -0.04091060  -0.00000000     0.06125192  -0.00000000

     Dynamical  Matrix in cartesian axes

     q = (   -0.530330086   0.530330086   0.176776695 ) 

    1    1
  0.06125192  -0.00000000    -0.02576440  -0.00000000    -0.04091060  -0.00000000
 -0.02576440  -0.00000000     0.06125192  -0.00000000     0.04091060   0.00000000
 -0.04091060   0.00000000     0.04091060  -0.00000000     0.13964223  -0.00000000

     Dynamical  Matrix in cartesian axes

     q = (   -0.176776695   0.530330086   0.530330086 ) 

    1    1
  0.13964223  -0.00000000    -0.04091060   0.00000000    -0.04091060   0.00000000
 -0.04091060  -0.00000000     0.06125192  -0.00000000     0.02576440   0.00000000
 -0.04091060  -0.00000000     0.02576440   0.00000000     0.06125192  -0.00000000

     Dynamical  Matrix in cartesian axes

     q = (    0.176776695   0.530330086  -0.530330086 ) 

    1    1
  0.13964223  -0.00000000     0.04091060  -0.00000000    -0.04091060   0.00000000
  0.04091060   0.00000000     0.06125192  -0.00000000    -0.02576440   0.00000000
 -0.04091060  -0.00000000    -0.02576440   0.00000000     0.06125192  -0.00000000

     Dynamical  Matrix in cartesian axes

     q = (   -0.176776695  -0.530330086  -0.530330086 ) 

    1    1
  0.13964223  -0.00000000     0.04091060  -0.00000000     0.04091060  -0.00000000
  0.04091060   0.00000000     0.06125192  -0.00000000     0.02576440  -0.00000000
  0.04091060   0.00000000     0.02576440  -0.00000000     0.06125192  -0.00000000

     Dynamical  Matrix in cartesian axes

     q = (    0.530330086   0.530330086  -0.176776695 ) 

    1    1
  0.06125192  -0.00000000     0.02576440  -0.00000000    -0.04091060  -0.00000000
  0.02576440  -0.00000000     0.06125192  -0.00000000    -0.04091060  -0.00000000
 -0.04091060   0.00000000    -0.04091060   0.00000000     0.13964223  -0.00000000

     Dynamical  Matrix in cartesian axes

     q = (    0.530330086  -0.530330086   0.176776695 ) 

    1    1
  0.06125192  -0.00000000    -0.02576440   0.00000000     0.04091060   0.00000000
 -0.02576440   0.00000000     0.06125192  -0.00000000    -0.04091060  -0.00000000
  0.04091060  -0.00000000    -0.04091060   0.00000000     0.13964223  -0.00000000

     Dynamical  Matrix in cartesian axes

     q = (   -0.530330086  -0.530330086  -0.176776695 ) 

    1    1
  0.06125192  -0.00000000     0.02576440  -0.00000000     0.04091060   0.00000000
  0.02576440  -0.00000000     0.06125192  -0.00000000     0.04091060   0.00000000
  0.04091060  -0.00000000     0.04091060  -0.00000000     0.13964223  -0.00000000

     Dynamical  Matrix in cartesian axes

     q = (    0.176776695  -0.530330086   0.530330086 ) 

    1    1
  0.13964223  -0.00000000    -0.04091060   0.00000000     0.04091060  -0.00000000
 -0.04091060  -0.00000000     0.06125192  -0.00000000    -0.02576440   0.00000000
  0.04091060   0.00000000    -0.02576440   0.00000000     0.06125192  -0.00000000

     Dynamical  Matrix in cartesian axes

     q = (   -0.530330086  -0.530330086   0.176776695 ) 

    1    1
  0.06125192  -0.00000000     0.02576440  -0.00000000    -0.04091060  -0.00000000
  0.02576440  -0.00000000     0.06125192  -0.00000000    -0.04091060  -0.00000000
 -0.04091060   0.00000000    -0.04091060   0.00000000     0.13964223  -0.00000000

     Dynamical  Matrix in cartesian axes

     q = (    0.176776695   0.530330086   0.530330086 ) 

    1    1
  0.13964223  -0.00000000     0.04091060  -0.00000000     0.04091060  -0.00000000
  0.04091060   0.00000000     0.06125192  -0.00000000     0.02576440  -0.00000000
  0.04091060   0.00000000     0.02576440  -0.00000000     0.06125192  -0.00000000

     Dynamical  Matrix in cartesian axes

     q = (   -0.176776695  -0.530330086   0.530330086 ) 

    1    1
  0.13964223  -0.00000000     0.04091060  -0.00000000    -0.04091060   0.00000000
  0.04091060   0.00000000     0.06125192  -0.00000000    -0.02576440   0.00000000
 -0.04091060  -0.00000000    -0.02576440   0.00000000     0.06125192  -0.00000000

     Dynamical  Matrix in cartesian axes

     q = (    0.530330086   0.530330086   0.176776695 ) 

    1    1
  0.06125192  -0.00000000     0.02576440  -0.00000000     0.04091060   0.00000000
  0.02576440  -0.00000000     0.06125192  -0.00000000     0.04091060   0.00000000
  0.04091060  -0.00000000     0.04091060  -0.00000000     0.13964223  -0.00000000

     Dynamical  Matrix in cartesian axes

     q = (    0.176776695  -0.530330086  -0.530330086 ) 

    1    1
  0.13964223  -0.00000000    -0.04091060   0.00000000    -0.04091060   0.00000000
 -0.04091060  -0.00000000     0.06125192  -0.00000000     0.02576440   0.00000000
 -0.04091060  -0.00000000     0.02576440   0.00000000     0.06125192  -0.00000000

     Dynamical  Matrix in cartesian axes

     q = (    0.530330086  -0.530330086  -0.176776695 ) 

    1    1
  0.06125192  -0.00000000    -0.02576440  -0.00000000    -0.04091060  -0.00000000
 -0.02576440  -0.00000000     0.06125192  -0.00000000     0.04091060   0.00000000
 -0.04091060   0.00000000     0.04091060  -0.00000000     0.13964223  -0.00000000
