  4.500000000000000E-002  0.615390715069446        2.65082696351927     
          12

     Dynamical  Matrix in cartesian axes

     q = (    0.353553391   0.000000000   0.353553391 ) 

    1    1
  0.09126455  -0.00000000     0.00000000   0.00000000     0.08153615  -0.00000000
  0.00000000  -0.00000000     0.06928946   0.00000000     0.00000000  -0.00000000
  0.08153615  -0.00000000     0.00000000   0.00000000     0.09126455  -0.00000000

     Dynamical  Matrix in cartesian axes

     q = (   -0.353553391   0.000000000   0.353553391 ) 

    1    1
  0.09126455  -0.00000000     0.00000000  -0.00000000    -0.08153615   0.00000000
  0.00000000   0.00000000     0.06928946  -0.00000000     0.00000000  -0.00000000
 -0.08153615  -0.00000000    -0.00000000   0.00000000     0.09126455   0.00000000

     Dynamical  Matrix in cartesian axes

     q = (   -0.353553391   0.000000000  -0.353553391 ) 

    1    1
  0.09126455   0.00000000     0.00000000   0.00000000     0.08153615   0.00000000
  0.00000000   0.00000000     0.06928946   0.00000000     0.00000000   0.00000000
  0.08153615   0.00000000     0.00000000   0.00000000     0.09126455   0.00000000

     Dynamical  Matrix in cartesian axes

     q = (    0.353553391   0.000000000  -0.353553391 ) 

    1    1
  0.09126455   0.00000000     0.00000000  -0.00000000    -0.08153615   0.00000000
  0.00000000  -0.00000000     0.06928946  -0.00000000     0.00000000   0.00000000
 -0.08153615  -0.00000000    -0.00000000   0.00000000     0.09126455  -0.00000000

     Dynamical  Matrix in cartesian axes

     q = (    0.000000000   0.353553391  -0.353553391 ) 

    1    1
  0.06928946   0.00000000     0.00000000  -0.00000000    -0.00000000   0.00000000
  0.00000000   0.00000000     0.09126455   0.00000000    -0.08153615   0.00000000
  0.00000000  -0.00000000    -0.08153615   0.00000000     0.09126455   0.00000000

     Dynamical  Matrix in cartesian axes

     q = (   -0.353553391   0.353553391   0.000000000 ) 

    1    1
  0.09126455   0.00000000    -0.08153615   0.00000000     0.00000000  -0.00000000
 -0.08153615   0.00000000     0.09126455   0.00000000    -0.00000000   0.00000000
  0.00000000   0.00000000     0.00000000   0.00000000     0.06928946  -0.00000000

     Dynamical  Matrix in cartesian axes

     q = (    0.000000000   0.353553391   0.353553391 ) 

    1    1
  0.06928946  -0.00000000     0.00000000   0.00000000     0.00000000   0.00000000
  0.00000000  -0.00000000     0.09126455   0.00000000     0.08153615   0.00000000
  0.00000000  -0.00000000     0.08153615   0.00000000     0.09126455   0.00000000

     Dynamical  Matrix in cartesian axes

     q = (    0.000000000  -0.353553391  -0.353553391 ) 

    1    1
  0.06928946  -0.00000000     0.00000000   0.00000000     0.00000000   0.00000000
  0.00000000  -0.00000000     0.09126455   0.00000000     0.08153615   0.00000000
  0.00000000  -0.00000000     0.08153615  -0.00000000     0.09126455  -0.00000000

     Dynamical  Matrix in cartesian axes

     q = (    0.353553391   0.353553391   0.000000000 ) 

    1    1
  0.09126455   0.00000000     0.08153615   0.00000000    -0.00000000   0.00000000
  0.08153615   0.00000000     0.09126455   0.00000000    -0.00000000   0.00000000
  0.00000000   0.00000000     0.00000000   0.00000000     0.06928946   0.00000000

     Dynamical  Matrix in cartesian axes

     q = (    0.353553391  -0.353553391   0.000000000 ) 

    1    1
  0.09126455   0.00000000    -0.08153615  -0.00000000     0.00000000  -0.00000000
 -0.08153615   0.00000000     0.09126455  -0.00000000    -0.00000000   0.00000000
  0.00000000   0.00000000     0.00000000  -0.00000000     0.06928946  -0.00000000

     Dynamical  Matrix in cartesian axes

     q = (   -0.353553391  -0.353553391   0.000000000 ) 

    1    1
  0.09126455   0.00000000     0.08153615   0.00000000    -0.00000000   0.00000000
  0.08153615   0.00000000     0.09126455   0.00000000     0.00000000   0.00000000
  0.00000000   0.00000000     0.00000000   0.00000000     0.06928946   0.00000000

     Dynamical  Matrix in cartesian axes

     q = (    0.000000000  -0.353553391   0.353553391 ) 

    1    1
  0.06928946   0.00000000     0.00000000   0.00000000    -0.00000000   0.00000000
  0.00000000   0.00000000     0.09126455   0.00000000    -0.08153615   0.00000000
  0.00000000   0.00000000    -0.08153615   0.00000000     0.09126455   0.00000000
