  5.000000000000000E-002  0.615248962404298        2.65306677751221     
           4

     Dynamical  Matrix in cartesian axes

     q = (    0.353553391  -0.353553391   0.353553391 ) 

    1    1
  0.08528611   0.00000000    -0.06189212   0.00000000     0.06189212   0.00000000
 -0.06189212   0.00000000     0.08528611   0.00000000    -0.06189212   0.00000000
  0.06189212   0.00000000    -0.06189212   0.00000000     0.08528611   0.00000000

     Dynamical  Matrix in cartesian axes

     q = (    0.353553391   0.353553391   0.353553391 ) 

    1    1
  0.08528611   0.00000000     0.06189212   0.00000000     0.06189212   0.00000000
  0.06189212   0.00000000     0.08528611   0.00000000     0.06189212   0.00000000
  0.06189212   0.00000000     0.06189212   0.00000000     0.08528611   0.00000000

     Dynamical  Matrix in cartesian axes

     q = (   -0.353553391   0.353553391   0.353553391 ) 

    1    1
  0.08528611   0.00000000    -0.06189212   0.00000000    -0.06189212   0.00000000
 -0.06189212   0.00000000     0.08528611   0.00000000     0.06189212   0.00000000
 -0.06189212   0.00000000     0.06189212   0.00000000     0.08528611   0.00000000

     Dynamical  Matrix in cartesian axes

     q = (    0.353553391   0.353553391  -0.353553391 ) 

    1    1
  0.08528611   0.00000000     0.06189212   0.00000000    -0.06189212   0.00000000
  0.06189212   0.00000000     0.08528611   0.00000000    -0.06189212   0.00000000
 -0.06189212   0.00000000    -0.06189212   0.00000000     0.08528611   0.00000000
