  3.500000000000000E-002  0.615675417629302        2.64582309521553     
           4

     Dynamical  Matrix in cartesian axes

     q = (    0.353553391  -0.353553391   0.353553391 ) 

    1    1
  0.08490206   0.00000000    -0.06199761   0.00000000     0.06199761   0.00000000
 -0.06199761   0.00000000     0.08490206   0.00000000    -0.06199761   0.00000000
  0.06199761   0.00000000    -0.06199761   0.00000000     0.08490206   0.00000000

     Dynamical  Matrix in cartesian axes

     q = (    0.353553391   0.353553391   0.353553391 ) 

    1    1
  0.08490206   0.00000000     0.06199761   0.00000000     0.06199761   0.00000000
  0.06199761   0.00000000     0.08490206   0.00000000     0.06199761   0.00000000
  0.06199761   0.00000000     0.06199761   0.00000000     0.08490206   0.00000000

     Dynamical  Matrix in cartesian axes

     q = (   -0.353553391   0.353553391   0.353553391 ) 

    1    1
  0.08490206   0.00000000    -0.06199761   0.00000000    -0.06199761   0.00000000
 -0.06199761   0.00000000     0.08490206   0.00000000     0.06199761   0.00000000
 -0.06199761   0.00000000     0.06199761   0.00000000     0.08490206   0.00000000

     Dynamical  Matrix in cartesian axes

     q = (    0.353553391   0.353553391  -0.353553391 ) 

    1    1
  0.08490206   0.00000000     0.06199761   0.00000000    -0.06199761   0.00000000
  0.06199761   0.00000000     0.08490206   0.00000000    -0.06199761   0.00000000
 -0.06199761   0.00000000    -0.06199761   0.00000000     0.08490206   0.00000000
