  3.500000000000000E-002  0.615675417629302        2.64582309521553     
          12

     Dynamical  Matrix in cartesian axes

     q = (    0.353553391   0.000000000   0.353553391 ) 

    1    1
  0.09412476   0.00000000    -0.00000000   0.00000000     0.08501417   0.00000000
  0.00000000   0.00000000     0.06790076   0.00000000    -0.00000000   0.00000000
  0.08501417   0.00000000    -0.00000000   0.00000000     0.09412476   0.00000000

     Dynamical  Matrix in cartesian axes

     q = (   -0.353553391   0.000000000   0.353553391 ) 

    1    1
  0.09412476   0.00000000     0.00000000   0.00000000    -0.08501417   0.00000000
  0.00000000   0.00000000     0.06790076   0.00000000    -0.00000000   0.00000000
 -0.08501417   0.00000000     0.00000000   0.00000000     0.09412476   0.00000000

     Dynamical  Matrix in cartesian axes

     q = (   -0.353553391   0.000000000  -0.353553391 ) 

    1    1
  0.09412476   0.00000000    -0.00000000   0.00000000     0.08501417   0.00000000
  0.00000000   0.00000000     0.06790076   0.00000000    -0.00000000   0.00000000
  0.08501417   0.00000000    -0.00000000   0.00000000     0.09412476   0.00000000

     Dynamical  Matrix in cartesian axes

     q = (    0.353553391   0.000000000  -0.353553391 ) 

    1    1
  0.09412476   0.00000000     0.00000000  -0.00000000    -0.08501417   0.00000000
  0.00000000   0.00000000     0.06790076  -0.00000000    -0.00000000   0.00000000
 -0.08501417  -0.00000000     0.00000000   0.00000000     0.09412476  -0.00000000

     Dynamical  Matrix in cartesian axes

     q = (    0.000000000   0.353553391  -0.353553391 ) 

    1    1
  0.06790076   0.00000000     0.00000000   0.00000000    -0.00000000   0.00000000
  0.00000000   0.00000000     0.09412476   0.00000000    -0.08501417   0.00000000
  0.00000000   0.00000000    -0.08501417   0.00000000     0.09412476   0.00000000

     Dynamical  Matrix in cartesian axes

     q = (   -0.353553391   0.353553391   0.000000000 ) 

    1    1
  0.09412476   0.00000000    -0.08501417   0.00000000    -0.00000000  -0.00000000
 -0.08501417   0.00000000     0.09412476   0.00000000    -0.00000000   0.00000000
  0.00000000   0.00000000     0.00000000   0.00000000     0.06790076  -0.00000000

     Dynamical  Matrix in cartesian axes

     q = (    0.000000000   0.353553391   0.353553391 ) 

    1    1
  0.06790076  -0.00000000     0.00000000   0.00000000     0.00000000   0.00000000
 -0.00000000  -0.00000000     0.09412476   0.00000000     0.08501417   0.00000000
  0.00000000  -0.00000000     0.08501417   0.00000000     0.09412476   0.00000000

     Dynamical  Matrix in cartesian axes

     q = (    0.000000000  -0.353553391  -0.353553391 ) 

    1    1
  0.06790076   0.00000000     0.00000000   0.00000000     0.00000000   0.00000000
  0.00000000   0.00000000     0.09412476   0.00000000     0.08501417   0.00000000
 -0.00000000   0.00000000     0.08501417   0.00000000     0.09412476   0.00000000

     Dynamical  Matrix in cartesian axes

     q = (    0.353553391   0.353553391   0.000000000 ) 

    1    1
  0.09412476   0.00000000     0.08501417   0.00000000    -0.00000000   0.00000000
  0.08501417   0.00000000     0.09412476   0.00000000     0.00000000   0.00000000
 -0.00000000   0.00000000     0.00000000   0.00000000     0.06790076   0.00000000

     Dynamical  Matrix in cartesian axes

     q = (    0.353553391  -0.353553391   0.000000000 ) 

    1    1
  0.09412476   0.00000000    -0.08501417   0.00000000    -0.00000000   0.00000000
 -0.08501417   0.00000000     0.09412476   0.00000000    -0.00000000   0.00000000
  0.00000000   0.00000000    -0.00000000   0.00000000     0.06790076   0.00000000

     Dynamical  Matrix in cartesian axes

     q = (   -0.353553391  -0.353553391   0.000000000 ) 

    1    1
  0.09412476   0.00000000     0.08501417   0.00000000    -0.00000000   0.00000000
  0.08501417   0.00000000     0.09412476   0.00000000     0.00000000   0.00000000
  0.00000000   0.00000000    -0.00000000   0.00000000     0.06790076   0.00000000

     Dynamical  Matrix in cartesian axes

     q = (    0.000000000  -0.353553391   0.353553391 ) 

    1    1
  0.06790076   0.00000000     0.00000000   0.00000000    -0.00000000   0.00000000
  0.00000000   0.00000000     0.09412476   0.00000000    -0.08501417   0.00000000
  0.00000000   0.00000000    -0.08501417   0.00000000     0.09412476   0.00000000
