  3.000000000000000E-002  0.615800306143019        2.64382875176948     
          12

     Dynamical  Matrix in cartesian axes

     q = (    0.353553391   0.000000000   0.353553391 ) 

    1    1
  0.09699181   0.00000000     0.00000000   0.00000000     0.08833489   0.00000000
 -0.00000000   0.00000000     0.06705053   0.00000000     0.00000000   0.00000000
  0.08833489   0.00000000     0.00000000   0.00000000     0.09699181   0.00000000

     Dynamical  Matrix in cartesian axes

     q = (   -0.353553391   0.000000000   0.353553391 ) 

    1    1
  0.09699181   0.00000000    -0.00000000   0.00000000    -0.08833489   0.00000000
  0.00000000  -0.00000000     0.06705053  -0.00000000     0.00000000   0.00000000
 -0.08833489   0.00000000    -0.00000000   0.00000000     0.09699181   0.00000000

     Dynamical  Matrix in cartesian axes

     q = (   -0.353553391   0.000000000  -0.353553391 ) 

    1    1
  0.09699181   0.00000000     0.00000000   0.00000000     0.08833489   0.00000000
 -0.00000000   0.00000000     0.06705053   0.00000000     0.00000000   0.00000000
  0.08833489   0.00000000     0.00000000   0.00000000     0.09699181   0.00000000

     Dynamical  Matrix in cartesian axes

     q = (    0.353553391   0.000000000  -0.353553391 ) 

    1    1
  0.09699181   0.00000000     0.00000000   0.00000000    -0.08833489   0.00000000
  0.00000000   0.00000000     0.06705053   0.00000000     0.00000000   0.00000000
 -0.08833489   0.00000000     0.00000000  -0.00000000     0.09699181   0.00000000

     Dynamical  Matrix in cartesian axes

     q = (    0.000000000   0.353553391  -0.353553391 ) 

    1    1
  0.06705053   0.00000000     0.00000000   0.00000000     0.00000000   0.00000000
  0.00000000   0.00000000     0.09699181   0.00000000    -0.08833489   0.00000000
  0.00000000   0.00000000    -0.08833489   0.00000000     0.09699181   0.00000000

     Dynamical  Matrix in cartesian axes

     q = (   -0.353553391   0.353553391   0.000000000 ) 

    1    1
  0.09699181   0.00000000    -0.08833489   0.00000000     0.00000000   0.00000000
 -0.08833489   0.00000000     0.09699181   0.00000000     0.00000000   0.00000000
  0.00000000   0.00000000     0.00000000   0.00000000     0.06705053   0.00000000

     Dynamical  Matrix in cartesian axes

     q = (    0.000000000   0.353553391   0.353553391 ) 

    1    1
  0.06705053   0.00000000     0.00000000   0.00000000     0.00000000   0.00000000
  0.00000000   0.00000000     0.09699181   0.00000000     0.08833489   0.00000000
  0.00000000   0.00000000     0.08833489   0.00000000     0.09699181   0.00000000

     Dynamical  Matrix in cartesian axes

     q = (    0.000000000  -0.353553391  -0.353553391 ) 

    1    1
  0.06705053  -0.00000000     0.00000000  -0.00000000     0.00000000  -0.00000000
  0.00000000   0.00000000     0.09699181   0.00000000     0.08833489   0.00000000
  0.00000000   0.00000000     0.08833489   0.00000000     0.09699181   0.00000000

     Dynamical  Matrix in cartesian axes

     q = (    0.353553391   0.353553391   0.000000000 ) 

    1    1
  0.09699181   0.00000000     0.08833489   0.00000000     0.00000000   0.00000000
  0.08833489   0.00000000     0.09699181   0.00000000    -0.00000000   0.00000000
  0.00000000   0.00000000    -0.00000000   0.00000000     0.06705053   0.00000000

     Dynamical  Matrix in cartesian axes

     q = (    0.353553391  -0.353553391   0.000000000 ) 

    1    1
  0.09699181   0.00000000    -0.08833489   0.00000000     0.00000000   0.00000000
 -0.08833489   0.00000000     0.09699181   0.00000000     0.00000000   0.00000000
  0.00000000  -0.00000000     0.00000000   0.00000000     0.06705053  -0.00000000

     Dynamical  Matrix in cartesian axes

     q = (   -0.353553391  -0.353553391   0.000000000 ) 

    1    1
  0.09699181   0.00000000     0.08833489   0.00000000     0.00000000   0.00000000
  0.08833489   0.00000000     0.09699181   0.00000000     0.00000000   0.00000000
 -0.00000000   0.00000000    -0.00000000   0.00000000     0.06705053   0.00000000

     Dynamical  Matrix in cartesian axes

     q = (    0.000000000  -0.353553391   0.353553391 ) 

    1    1
  0.06705053   0.00000000     0.00000000   0.00000000     0.00000000   0.00000000
  0.00000000   0.00000000     0.09699181   0.00000000    -0.08833489   0.00000000
  0.00000000   0.00000000    -0.08833489   0.00000000     0.09699181   0.00000000
