  1.000000000000000E-002  0.615714029346228        2.62468491063350     
          24

     Dynamical  Matrix in cartesian axes

     q = (    0.530330086  -0.176776695   0.530330086 ) 

    1    1
  0.05723110   0.00000000    -0.03868506   0.00000000     0.02485684   0.00000000
 -0.03868506   0.00000000     0.13525378   0.00000000    -0.03868506   0.00000000
  0.02485684   0.00000000    -0.03868506   0.00000000     0.05723110   0.00000000

     Dynamical  Matrix in cartesian axes

     q = (    0.530330086  -0.176776695  -0.530330086 ) 

    1    1
  0.05723110   0.00000000    -0.03868506   0.00000000    -0.02485684   0.00000000
 -0.03868506   0.00000000     0.13525378   0.00000000     0.03868506   0.00000000
 -0.02485684   0.00000000     0.03868506   0.00000000     0.05723110   0.00000000

     Dynamical  Matrix in cartesian axes

     q = (   -0.530330086  -0.176776695  -0.530330086 ) 

    1    1
  0.05723110   0.00000000     0.03868506  -0.00000000     0.02485684   0.00000000
  0.03868506  -0.00000000     0.13525378   0.00000000     0.03868506  -0.00000000
  0.02485684   0.00000000     0.03868506  -0.00000000     0.05723110   0.00000000

     Dynamical  Matrix in cartesian axes

     q = (   -0.530330086  -0.176776695   0.530330086 ) 

    1    1
  0.05723110   0.00000000     0.03868506   0.00000000    -0.02485684   0.00000000
  0.03868506   0.00000000     0.13525378   0.00000000    -0.03868506   0.00000000
 -0.02485684   0.00000000    -0.03868506   0.00000000     0.05723110   0.00000000

     Dynamical  Matrix in cartesian axes

     q = (   -0.530330086   0.176776695  -0.530330086 ) 

    1    1
  0.05723110   0.00000000    -0.03868506   0.00000000     0.02485684   0.00000000
 -0.03868506   0.00000000     0.13525378   0.00000000    -0.03868506   0.00000000
  0.02485684   0.00000000    -0.03868506   0.00000000     0.05723110   0.00000000

     Dynamical  Matrix in cartesian axes

     q = (   -0.176776695   0.530330086  -0.530330086 ) 

    1    1
  0.13525378   0.00000000    -0.03868506   0.00000000     0.03868506  -0.00000000
 -0.03868506   0.00000000     0.05723110   0.00000000    -0.02485684  -0.00000000
  0.03868506  -0.00000000    -0.02485684  -0.00000000     0.05723110   0.00000000

     Dynamical  Matrix in cartesian axes

     q = (   -0.530330086   0.530330086  -0.176776695 ) 

    1    1
  0.05723110   0.00000000    -0.02485684   0.00000000     0.03868506   0.00000000
 -0.02485684   0.00000000     0.05723110   0.00000000    -0.03868506   0.00000000
  0.03868506   0.00000000    -0.03868506   0.00000000     0.13525378   0.00000000

     Dynamical  Matrix in cartesian axes

     q = (    0.530330086   0.176776695   0.530330086 ) 

    1    1
  0.05723110   0.00000000     0.03868506  -0.00000000     0.02485684   0.00000000
  0.03868506  -0.00000000     0.13525378   0.00000000     0.03868506  -0.00000000
  0.02485684   0.00000000     0.03868506  -0.00000000     0.05723110   0.00000000

     Dynamical  Matrix in cartesian axes

     q = (   -0.530330086   0.176776695   0.530330086 ) 

    1    1
  0.05723110   0.00000000    -0.03868506   0.00000000    -0.02485684   0.00000000
 -0.03868506   0.00000000     0.13525378   0.00000000     0.03868506   0.00000000
 -0.02485684   0.00000000     0.03868506   0.00000000     0.05723110   0.00000000

     Dynamical  Matrix in cartesian axes

     q = (    0.530330086   0.176776695  -0.530330086 ) 

    1    1
  0.05723110   0.00000000     0.03868506   0.00000000    -0.02485684   0.00000000
  0.03868506   0.00000000     0.13525378   0.00000000    -0.03868506   0.00000000
 -0.02485684   0.00000000    -0.03868506   0.00000000     0.05723110   0.00000000

     Dynamical  Matrix in cartesian axes

     q = (   -0.530330086   0.530330086   0.176776695 ) 

    1    1
  0.05723110   0.00000000    -0.02485684   0.00000000    -0.03868506   0.00000000
 -0.02485684   0.00000000     0.05723110   0.00000000     0.03868506   0.00000000
 -0.03868506   0.00000000     0.03868506   0.00000000     0.13525378   0.00000000

     Dynamical  Matrix in cartesian axes

     q = (   -0.176776695   0.530330086   0.530330086 ) 

    1    1
  0.13525378   0.00000000    -0.03868506   0.00000000    -0.03868506   0.00000000
 -0.03868506   0.00000000     0.05723110   0.00000000     0.02485684   0.00000000
 -0.03868506   0.00000000     0.02485684   0.00000000     0.05723110   0.00000000

     Dynamical  Matrix in cartesian axes

     q = (    0.176776695   0.530330086  -0.530330086 ) 

    1    1
  0.13525378   0.00000000     0.03868506  -0.00000000    -0.03868506   0.00000000
  0.03868506  -0.00000000     0.05723110   0.00000000    -0.02485684  -0.00000000
 -0.03868506   0.00000000    -0.02485684  -0.00000000     0.05723110   0.00000000

     Dynamical  Matrix in cartesian axes

     q = (   -0.176776695  -0.530330086  -0.530330086 ) 

    1    1
  0.13525378   0.00000000     0.03868506   0.00000000     0.03868506   0.00000000
  0.03868506   0.00000000     0.05723110   0.00000000     0.02485684  -0.00000000
  0.03868506   0.00000000     0.02485684  -0.00000000     0.05723110   0.00000000

     Dynamical  Matrix in cartesian axes

     q = (    0.530330086   0.530330086  -0.176776695 ) 

    1    1
  0.05723110   0.00000000     0.02485684   0.00000000    -0.03868506   0.00000000
  0.02485684   0.00000000     0.05723110   0.00000000    -0.03868506   0.00000000
 -0.03868506   0.00000000    -0.03868506   0.00000000     0.13525378   0.00000000

     Dynamical  Matrix in cartesian axes

     q = (    0.530330086  -0.530330086   0.176776695 ) 

    1    1
  0.05723110   0.00000000    -0.02485684   0.00000000     0.03868506   0.00000000
 -0.02485684   0.00000000     0.05723110   0.00000000    -0.03868506   0.00000000
  0.03868506   0.00000000    -0.03868506   0.00000000     0.13525378   0.00000000

     Dynamical  Matrix in cartesian axes

     q = (   -0.530330086  -0.530330086  -0.176776695 ) 

    1    1
  0.05723110   0.00000000     0.02485684   0.00000000     0.03868506  -0.00000000
  0.02485684   0.00000000     0.05723110   0.00000000     0.03868506  -0.00000000
  0.03868506  -0.00000000     0.03868506  -0.00000000     0.13525378   0.00000000

     Dynamical  Matrix in cartesian axes

     q = (    0.176776695  -0.530330086   0.530330086 ) 

    1    1
  0.13525378   0.00000000    -0.03868506   0.00000000     0.03868506  -0.00000000
 -0.03868506   0.00000000     0.05723110   0.00000000    -0.02485684  -0.00000000
  0.03868506  -0.00000000    -0.02485684  -0.00000000     0.05723110   0.00000000

     Dynamical  Matrix in cartesian axes

     q = (   -0.530330086  -0.530330086   0.176776695 ) 

    1    1
  0.05723110   0.00000000     0.02485684   0.00000000    -0.03868506   0.00000000
  0.02485684   0.00000000     0.05723110   0.00000000    -0.03868506   0.00000000
 -0.03868506   0.00000000    -0.03868506   0.00000000     0.13525378   0.00000000

     Dynamical  Matrix in cartesian axes

     q = (    0.176776695   0.530330086   0.530330086 ) 

    1    1
  0.13525378   0.00000000     0.03868506   0.00000000     0.03868506   0.00000000
  0.03868506   0.00000000     0.05723110   0.00000000     0.02485684  -0.00000000
  0.03868506   0.00000000     0.02485684  -0.00000000     0.05723110   0.00000000

     Dynamical  Matrix in cartesian axes

     q = (   -0.176776695  -0.530330086   0.530330086 ) 

    1    1
  0.13525378   0.00000000     0.03868506  -0.00000000    -0.03868506   0.00000000
  0.03868506  -0.00000000     0.05723110   0.00000000    -0.02485684  -0.00000000
 -0.03868506   0.00000000    -0.02485684  -0.00000000     0.05723110   0.00000000

     Dynamical  Matrix in cartesian axes

     q = (    0.530330086   0.530330086   0.176776695 ) 

    1    1
  0.05723110   0.00000000     0.02485684   0.00000000     0.03868506  -0.00000000
  0.02485684   0.00000000     0.05723110   0.00000000     0.03868506  -0.00000000
  0.03868506  -0.00000000     0.03868506  -0.00000000     0.13525378   0.00000000

     Dynamical  Matrix in cartesian axes

     q = (    0.176776695  -0.530330086  -0.530330086 ) 

    1    1
  0.13525378   0.00000000    -0.03868506   0.00000000    -0.03868506   0.00000000
 -0.03868506   0.00000000     0.05723110   0.00000000     0.02485684   0.00000000
 -0.03868506   0.00000000     0.02485684   0.00000000     0.05723110   0.00000000

     Dynamical  Matrix in cartesian axes

     q = (    0.530330086  -0.530330086  -0.176776695 ) 

    1    1
  0.05723110   0.00000000    -0.02485684   0.00000000    -0.03868506   0.00000000
 -0.02485684   0.00000000     0.05723110   0.00000000     0.03868506   0.00000000
 -0.03868506   0.00000000     0.03868506   0.00000000     0.13525378   0.00000000
