  5.000000000000000E-002  0.615248962404298        2.65306677751221     
           8

     Dynamical  Matrix in cartesian axes

     q = (   -0.176776695   0.176776695  -0.176776695 ) 

    1    1
  0.04933132  -0.00000000    -0.04006310  -0.00000000     0.04006310  -0.00000000
 -0.04006310  -0.00000000     0.04933132   0.00000000    -0.04006310   0.00000000
  0.04006310  -0.00000000    -0.04006310   0.00000000     0.04933132  -0.00000000

     Dynamical  Matrix in cartesian axes

     q = (    0.176776695  -0.176776695  -0.176776695 ) 

    1    1
  0.04933132  -0.00000000    -0.04006310  -0.00000000    -0.04006310  -0.00000000
 -0.04006310  -0.00000000     0.04933132  -0.00000000     0.04006310   0.00000000
 -0.04006310  -0.00000000     0.04006310   0.00000000     0.04933132  -0.00000000

     Dynamical  Matrix in cartesian axes

     q = (    0.176776695  -0.176776695   0.176776695 ) 

    1    1
  0.04933132  -0.00000000    -0.04006310   0.00000000     0.04006310  -0.00000000
 -0.04006310   0.00000000     0.04933132  -0.00000000    -0.04006310   0.00000000
  0.04006310  -0.00000000    -0.04006310   0.00000000     0.04933132  -0.00000000

     Dynamical  Matrix in cartesian axes

     q = (    0.176776695   0.176776695   0.176776695 ) 

    1    1
  0.04933132   0.00000000     0.04006310   0.00000000     0.04006310  -0.00000000
  0.04006310   0.00000000     0.04933132   0.00000000     0.04006310  -0.00000000
  0.04006310   0.00000000     0.04006310   0.00000000     0.04933132  -0.00000000

     Dynamical  Matrix in cartesian axes

     q = (   -0.176776695  -0.176776695  -0.176776695 ) 

    1    1
  0.04933132  -0.00000000     0.04006310  -0.00000000     0.04006310  -0.00000000
  0.04006310   0.00000000     0.04933132   0.00000000     0.04006310  -0.00000000
  0.04006310  -0.00000000     0.04006310  -0.00000000     0.04933132  -0.00000000

     Dynamical  Matrix in cartesian axes

     q = (   -0.176776695  -0.176776695   0.176776695 ) 

    1    1
  0.04933132  -0.00000000     0.04006310   0.00000000    -0.04006310  -0.00000000
  0.04006310  -0.00000000     0.04933132   0.00000000    -0.04006310  -0.00000000
 -0.04006310   0.00000000    -0.04006310  -0.00000000     0.04933132   0.00000000

     Dynamical  Matrix in cartesian axes

     q = (   -0.176776695   0.176776695   0.176776695 ) 

    1    1
  0.04933132  -0.00000000    -0.04006310  -0.00000000    -0.04006310   0.00000000
 -0.04006310   0.00000000     0.04933132   0.00000000     0.04006310  -0.00000000
 -0.04006310  -0.00000000     0.04006310  -0.00000000     0.04933132   0.00000000

     Dynamical  Matrix in cartesian axes

     q = (    0.176776695   0.176776695  -0.176776695 ) 

    1    1
  0.04933132   0.00000000     0.04006310  -0.00000000    -0.04006310  -0.00000000
  0.04006310  -0.00000000     0.04933132  -0.00000000    -0.04006310   0.00000000
 -0.04006310  -0.00000000    -0.04006310   0.00000000     0.04933132  -0.00000000
