  1.500000000000000E-002  0.615856783269880        2.64743867141258     
           8

     Dynamical  Matrix in cartesian axes

     q = (   -0.176776695   0.176776695  -0.176776695 ) 

    1    1
  0.04611936  -0.00000000    -0.03667230  -0.00000000     0.03667230  -0.00000000
 -0.03667230   0.00000000     0.04611936  -0.00000000    -0.03667230   0.00000000
  0.03667230  -0.00000000    -0.03667230   0.00000000     0.04611936  -0.00000000

     Dynamical  Matrix in cartesian axes

     q = (    0.176776695  -0.176776695  -0.176776695 ) 

    1    1
  0.04611936  -0.00000000    -0.03667230   0.00000000    -0.03667230   0.00000000
 -0.03667230   0.00000000     0.04611936  -0.00000000     0.03667230  -0.00000000
 -0.03667230   0.00000000     0.03667230  -0.00000000     0.04611936  -0.00000000

     Dynamical  Matrix in cartesian axes

     q = (    0.176776695  -0.176776695   0.176776695 ) 

    1    1
  0.04611936  -0.00000000    -0.03667230   0.00000000     0.03667230  -0.00000000
 -0.03667230   0.00000000     0.04611936  -0.00000000    -0.03667230   0.00000000
  0.03667230  -0.00000000    -0.03667230   0.00000000     0.04611936  -0.00000000

     Dynamical  Matrix in cartesian axes

     q = (    0.176776695   0.176776695   0.176776695 ) 

    1    1
  0.04611936  -0.00000000     0.03667230  -0.00000000     0.03667230  -0.00000000
  0.03667230  -0.00000000     0.04611936  -0.00000000     0.03667230  -0.00000000
  0.03667230  -0.00000000     0.03667230  -0.00000000     0.04611936  -0.00000000

     Dynamical  Matrix in cartesian axes

     q = (   -0.176776695  -0.176776695  -0.176776695 ) 

    1    1
  0.04611936  -0.00000000     0.03667230  -0.00000000     0.03667230  -0.00000000
  0.03667230  -0.00000000     0.04611936  -0.00000000     0.03667230  -0.00000000
  0.03667230  -0.00000000     0.03667230  -0.00000000     0.04611936  -0.00000000

     Dynamical  Matrix in cartesian axes

     q = (   -0.176776695  -0.176776695   0.176776695 ) 

    1    1
  0.04611936  -0.00000000     0.03667230  -0.00000000    -0.03667230   0.00000000
  0.03667230  -0.00000000     0.04611936  -0.00000000    -0.03667230   0.00000000
 -0.03667230   0.00000000    -0.03667230   0.00000000     0.04611936  -0.00000000

     Dynamical  Matrix in cartesian axes

     q = (   -0.176776695   0.176776695   0.176776695 ) 

    1    1
  0.04611936  -0.00000000    -0.03667230   0.00000000    -0.03667230   0.00000000
 -0.03667230   0.00000000     0.04611936   0.00000000     0.03667230  -0.00000000
 -0.03667230   0.00000000     0.03667230  -0.00000000     0.04611936  -0.00000000

     Dynamical  Matrix in cartesian axes

     q = (    0.176776695   0.176776695  -0.176776695 ) 

    1    1
  0.04611936  -0.00000000     0.03667230  -0.00000000    -0.03667230   0.00000000
  0.03667230  -0.00000000     0.04611936  -0.00000000    -0.03667230   0.00000000
 -0.03667230   0.00000000    -0.03667230   0.00000000     0.04611936  -0.00000000
