  2.500000000000000E-002  0.615887920210634        2.64352344053528     
           4

     Dynamical  Matrix in cartesian axes

     q = (    0.353553391  -0.353553391   0.353553391 ) 

    1    1
  0.08135613   0.00000000    -0.05969730   0.00000000     0.05969730   0.00000000
 -0.05969730   0.00000000     0.08135613   0.00000000    -0.05969730   0.00000000
  0.05969730   0.00000000    -0.05969730   0.00000000     0.08135613   0.00000000

     Dynamical  Matrix in cartesian axes

     q = (    0.353553391   0.353553391   0.353553391 ) 

    1    1
  0.08135613   0.00000000     0.05969730   0.00000000     0.05969730   0.00000000
  0.05969730   0.00000000     0.08135613   0.00000000     0.05969730   0.00000000
  0.05969730   0.00000000     0.05969730   0.00000000     0.08135613   0.00000000

     Dynamical  Matrix in cartesian axes

     q = (   -0.353553391   0.353553391   0.353553391 ) 

    1    1
  0.08135613   0.00000000    -0.05969730   0.00000000    -0.05969730   0.00000000
 -0.05969730   0.00000000     0.08135613   0.00000000     0.05969730   0.00000000
 -0.05969730   0.00000000     0.05969730   0.00000000     0.08135613   0.00000000

     Dynamical  Matrix in cartesian axes

     q = (    0.353553391   0.353553391  -0.353553391 ) 

    1    1
  0.08135613   0.00000000     0.05969730   0.00000000    -0.05969730   0.00000000
  0.05969730   0.00000000     0.08135613   0.00000000    -0.05969730   0.00000000
 -0.05969730   0.00000000    -0.05969730   0.00000000     0.08135613   0.00000000
