  3.500000000000000E-002  0.615675417629302        2.64582309521553     
          24

     Dynamical  Matrix in cartesian axes

     q = (    0.530330086  -0.176776695   0.530330086 ) 

    1    1
  0.06805638   0.00000000    -0.04960971   0.00000000     0.03199711   0.00000000
 -0.04960971   0.00000000     0.15810999  -0.00000000    -0.04960971   0.00000000
  0.03199711   0.00000000    -0.04960971   0.00000000     0.06805638   0.00000000

     Dynamical  Matrix in cartesian axes

     q = (    0.530330086  -0.176776695  -0.530330086 ) 

    1    1
  0.06805638   0.00000000    -0.04960971  -0.00000000    -0.03199711  -0.00000000
 -0.04960971  -0.00000000     0.15810999  -0.00000000     0.04960971   0.00000000
 -0.03199711  -0.00000000     0.04960971   0.00000000     0.06805638   0.00000000

     Dynamical  Matrix in cartesian axes

     q = (   -0.530330086  -0.176776695  -0.530330086 ) 

    1    1
  0.06805638   0.00000000     0.04960971   0.00000000     0.03199711   0.00000000
  0.04960971  -0.00000000     0.15810999  -0.00000000     0.04960971  -0.00000000
  0.03199711   0.00000000     0.04960971   0.00000000     0.06805638   0.00000000

     Dynamical  Matrix in cartesian axes

     q = (   -0.530330086  -0.176776695   0.530330086 ) 

    1    1
  0.06805638   0.00000000     0.04960971   0.00000000    -0.03199711  -0.00000000
  0.04960971  -0.00000000     0.15810999  -0.00000000    -0.04960971   0.00000000
 -0.03199711  -0.00000000    -0.04960971  -0.00000000     0.06805638   0.00000000

     Dynamical  Matrix in cartesian axes

     q = (   -0.530330086   0.176776695  -0.530330086 ) 

    1    1
  0.06805638   0.00000000    -0.04960971   0.00000000     0.03199711   0.00000000
 -0.04960971   0.00000000     0.15810999  -0.00000000    -0.04960971   0.00000000
  0.03199711   0.00000000    -0.04960971   0.00000000     0.06805638   0.00000000

     Dynamical  Matrix in cartesian axes

     q = (   -0.176776695   0.530330086  -0.530330086 ) 

    1    1
  0.15810999  -0.00000000    -0.04960971   0.00000000     0.04960971  -0.00000000
 -0.04960971  -0.00000000     0.06805638   0.00000000    -0.03199711  -0.00000000
  0.04960971   0.00000000    -0.03199711  -0.00000000     0.06805638   0.00000000

     Dynamical  Matrix in cartesian axes

     q = (   -0.530330086   0.530330086  -0.176776695 ) 

    1    1
  0.06805638   0.00000000    -0.03199711  -0.00000000     0.04960971   0.00000000
 -0.03199711  -0.00000000     0.06805638   0.00000000    -0.04960971  -0.00000000
  0.04960971  -0.00000000    -0.04960971   0.00000000     0.15810999  -0.00000000

     Dynamical  Matrix in cartesian axes

     q = (    0.530330086   0.176776695   0.530330086 ) 

    1    1
  0.06805638   0.00000000     0.04960971   0.00000000     0.03199711   0.00000000
  0.04960971  -0.00000000     0.15810999  -0.00000000     0.04960971  -0.00000000
  0.03199711   0.00000000     0.04960971   0.00000000     0.06805638   0.00000000

     Dynamical  Matrix in cartesian axes

     q = (   -0.530330086   0.176776695   0.530330086 ) 

    1    1
  0.06805638   0.00000000    -0.04960971  -0.00000000    -0.03199711  -0.00000000
 -0.04960971  -0.00000000     0.15810999  -0.00000000     0.04960971   0.00000000
 -0.03199711  -0.00000000     0.04960971   0.00000000     0.06805638   0.00000000

     Dynamical  Matrix in cartesian axes

     q = (    0.530330086   0.176776695  -0.530330086 ) 

    1    1
  0.06805638   0.00000000     0.04960971   0.00000000    -0.03199711  -0.00000000
  0.04960971  -0.00000000     0.15810999  -0.00000000    -0.04960971   0.00000000
 -0.03199711  -0.00000000    -0.04960971  -0.00000000     0.06805638   0.00000000

     Dynamical  Matrix in cartesian axes

     q = (   -0.530330086   0.530330086   0.176776695 ) 

    1    1
  0.06805638   0.00000000    -0.03199711  -0.00000000    -0.04960971  -0.00000000
 -0.03199711  -0.00000000     0.06805638   0.00000000     0.04960971   0.00000000
 -0.04960971   0.00000000     0.04960971   0.00000000     0.15810999  -0.00000000

     Dynamical  Matrix in cartesian axes

     q = (   -0.176776695   0.530330086   0.530330086 ) 

    1    1
  0.15810999  -0.00000000    -0.04960971  -0.00000000    -0.04960971   0.00000000
 -0.04960971  -0.00000000     0.06805638   0.00000000     0.03199711   0.00000000
 -0.04960971  -0.00000000     0.03199711   0.00000000     0.06805638   0.00000000

     Dynamical  Matrix in cartesian axes

     q = (    0.176776695   0.530330086  -0.530330086 ) 

    1    1
  0.15810999  -0.00000000     0.04960971  -0.00000000    -0.04960971   0.00000000
  0.04960971   0.00000000     0.06805638   0.00000000    -0.03199711  -0.00000000
 -0.04960971   0.00000000    -0.03199711  -0.00000000     0.06805638   0.00000000

     Dynamical  Matrix in cartesian axes

     q = (   -0.176776695  -0.530330086  -0.530330086 ) 

    1    1
  0.15810999  -0.00000000     0.04960971  -0.00000000     0.04960971  -0.00000000
  0.04960971   0.00000000     0.06805638   0.00000000     0.03199711   0.00000000
  0.04960971   0.00000000     0.03199711   0.00000000     0.06805638   0.00000000

     Dynamical  Matrix in cartesian axes

     q = (    0.530330086   0.530330086  -0.176776695 ) 

    1    1
  0.06805638   0.00000000     0.03199711   0.00000000    -0.04960971   0.00000000
  0.03199711   0.00000000     0.06805638   0.00000000    -0.04960971   0.00000000
 -0.04960971   0.00000000    -0.04960971   0.00000000     0.15810999  -0.00000000

     Dynamical  Matrix in cartesian axes

     q = (    0.530330086  -0.530330086   0.176776695 ) 

    1    1
  0.06805638   0.00000000    -0.03199711  -0.00000000     0.04960971   0.00000000
 -0.03199711  -0.00000000     0.06805638   0.00000000    -0.04960971  -0.00000000
  0.04960971  -0.00000000    -0.04960971   0.00000000     0.15810999  -0.00000000

     Dynamical  Matrix in cartesian axes

     q = (   -0.530330086  -0.530330086  -0.176776695 ) 

    1    1
  0.06805638   0.00000000     0.03199711   0.00000000     0.04960971   0.00000000
  0.03199711   0.00000000     0.06805638   0.00000000     0.04960971   0.00000000
  0.04960971  -0.00000000     0.04960971  -0.00000000     0.15810999  -0.00000000

     Dynamical  Matrix in cartesian axes

     q = (    0.176776695  -0.530330086   0.530330086 ) 

    1    1
  0.15810999  -0.00000000    -0.04960971   0.00000000     0.04960971  -0.00000000
 -0.04960971  -0.00000000     0.06805638   0.00000000    -0.03199711  -0.00000000
  0.04960971   0.00000000    -0.03199711  -0.00000000     0.06805638   0.00000000

     Dynamical  Matrix in cartesian axes

     q = (   -0.530330086  -0.530330086   0.176776695 ) 

    1    1
  0.06805638   0.00000000     0.03199711   0.00000000    -0.04960971   0.00000000
  0.03199711   0.00000000     0.06805638   0.00000000    -0.04960971   0.00000000
 -0.04960971   0.00000000    -0.04960971   0.00000000     0.15810999  -0.00000000

     Dynamical  Matrix in cartesian axes

     q = (    0.176776695   0.530330086   0.530330086 ) 

    1    1
  0.15810999  -0.00000000     0.04960971  -0.00000000     0.04960971  -0.00000000
  0.04960971   0.00000000     0.06805638   0.00000000     0.03199711   0.00000000
  0.04960971   0.00000000     0.03199711   0.00000000     0.06805638   0.00000000

     Dynamical  Matrix in cartesian axes

     q = (   -0.176776695  -0.530330086   0.530330086 ) 

    1    1
  0.15810999  -0.00000000     0.04960971  -0.00000000    -0.04960971   0.00000000
  0.04960971   0.00000000     0.06805638   0.00000000    -0.03199711  -0.00000000
 -0.04960971   0.00000000    -0.03199711  -0.00000000     0.06805638   0.00000000

     Dynamical  Matrix in cartesian axes

     q = (    0.530330086   0.530330086   0.176776695 ) 

    1    1
  0.06805638   0.00000000     0.03199711   0.00000000     0.04960971   0.00000000
  0.03199711   0.00000000     0.06805638   0.00000000     0.04960971   0.00000000
  0.04960971  -0.00000000     0.04960971  -0.00000000     0.15810999  -0.00000000

     Dynamical  Matrix in cartesian axes

     q = (    0.176776695  -0.530330086  -0.530330086 ) 

    1    1
  0.15810999  -0.00000000    -0.04960971  -0.00000000    -0.04960971   0.00000000
 -0.04960971  -0.00000000     0.06805638   0.00000000     0.03199711   0.00000000
 -0.04960971  -0.00000000     0.03199711   0.00000000     0.06805638   0.00000000

     Dynamical  Matrix in cartesian axes

     q = (    0.530330086  -0.530330086  -0.176776695 ) 

    1    1
  0.06805638   0.00000000    -0.03199711  -0.00000000    -0.04960971  -0.00000000
 -0.03199711  -0.00000000     0.06805638   0.00000000     0.04960971   0.00000000
 -0.04960971   0.00000000     0.04960971   0.00000000     0.15810999  -0.00000000
