 # Frequency[cm^-1] DOS PDOS
 -2.3034691847E-06  0.0000000000E+00  0.0000E+00
  8.3066303840E-01  4.7635569067E-08  4.7636E-08
  1.6613283803E+00  1.9054288319E-07  1.9054E-07
  2.4919937221E+00  4.2872194238E-07  4.2872E-07
  3.3226590640E+00  7.6217274663E-07  7.6217E-07
  4.1533244059E+00  1.1908952959E-06  1.1909E-06
  4.9839897477E+00  1.7148895903E-06  1.7149E-06
  5.8146550896E+00  2.3341556297E-06  2.3342E-06
  6.6453204315E+00  3.0486934142E-06  3.0487E-06
  7.4759857733E+00  3.8585029438E-06  3.8585E-06
  8.3066511152E+00  4.7635842184E-06  4.7636E-06
  9.1373164570E+00  5.7639372381E-06  5.7639E-06
  9.9679817989E+00  6.8595620028E-06  6.8596E-06
  1.0798647141E+01  8.0504585126E-06  8.0505E-06
  1.1629312483E+01  9.3366267675E-06  9.3366E-06
  1.2459977825E+01  1.0718066767E-05  1.0718E-05
  1.3290643166E+01  1.2194778512E-05  1.2195E-05
  1.4121308508E+01  1.3766762002E-05  1.3767E-05
  1.4951973850E+01  1.5434017238E-05  1.5434E-05
  1.5782639192E+01  1.7196544218E-05  1.7197E-05
  1.6613304534E+01  1.9054342943E-05  1.9054E-05
  1.7443969876E+01  2.1007413413E-05  2.1007E-05
  1.8274635218E+01  2.3055755629E-05  2.3056E-05
  1.9105300559E+01  2.5199369589E-05  2.5199E-05
  1.9935965901E+01  2.7438255294E-05  2.7438E-05
  2.0766631243E+01  2.9772412745E-05  2.9772E-05
  2.1597296585E+01  3.2201841941E-05  3.2202E-05
  2.2427961927E+01  3.4726542881E-05  3.4727E-05
  2.3258627269E+01  3.7346515567E-05  3.7347E-05
  2.4089292611E+01  4.0061759998E-05  4.0062E-05
  2.4919957952E+01  8.8940451590E-05  8.8940E-05
  2.5750623294E+01  1.3720326448E-04  1.3720E-04
  2.6581288636E+01  1.5508806845E-04  1.5509E-04
  2.7411953978E+01  1.4259486348E-04  1.4259E-04
  2.8242619320E+01  1.1584522585E-04  1.1585E-04
  2.9073284662E+01  1.2365058861E-04  1.2365E-04
  2.9903950004E+01  1.3165742596E-04  1.3166E-04
  3.0734615346E+01  1.3986573787E-04  1.3987E-04
  3.1565280687E+01  1.4827552436E-04  1.4828E-04
  3.2395946029E+01  1.5688678543E-04  1.5689E-04
  3.3226611371E+01  1.6569952107E-04  1.6570E-04
  3.4057276713E+01  1.7471373128E-04  1.7471E-04
  3.4887942055E+01  1.8392941607E-04  1.8393E-04
  3.5718607397E+01  1.9334657543E-04  1.9335E-04
  3.6549272739E+01  2.0296520937E-04  2.0297E-04
  3.7379938080E+01  2.1278531788E-04  2.1279E-04
  3.8210603422E+01  2.2280690096E-04  2.2281E-04
  3.9041268764E+01  2.3302995862E-04  2.3303E-04
  3.9871934106E+01  2.4570065642E-04  2.4570E-04
  4.0702599448E+01  2.6749528679E-04  2.6750E-04
  4.1533264790E+01  2.8804838703E-04  2.8805E-04
  4.2363930132E+01  3.0735995716E-04  3.0736E-04
  4.3194595474E+01  3.2542999716E-04  3.2543E-04
  4.4025260815E+01  3.4225850703E-04  3.4226E-04
  4.4855926157E+01  3.5784548679E-04  3.5785E-04
  4.5686591499E+01  3.7954759576E-04  3.7955E-04
  4.6517256841E+01  3.9708523604E-04  3.9709E-04
  4.7347922183E+01  4.0448741991E-04  4.0449E-04
  4.8178587525E+01  4.2008008410E-04  4.2008E-04
  4.9009252867E+01  4.3615761788E-04  4.3616E-04
  4.9839918208E+01  4.5064800866E-04  4.5065E-04
  5.0670583550E+01  4.6355125644E-04  4.6355E-04
  5.1501248892E+01  4.7486736124E-04  4.7487E-04
  5.2331914234E+01  4.8679066693E-04  4.8679E-04
  5.3162579576E+01  5.0427708435E-04  5.0428E-04
  5.3993244918E+01  5.2230997420E-04  5.2231E-04
  5.4823910260E+01  5.4088933649E-04  5.4089E-04
  5.5654575601E+01  5.6001404502E-04  5.6001E-04
  5.6485240943E+01  5.7958526550E-04  5.7959E-04
  5.7315906285E+01  5.9953919635E-04  5.9954E-04
  5.8146571627E+01  6.1987583758E-04  6.1988E-04
  5.8977236969E+01  6.4059518919E-04  6.4060E-04
  5.9807902311E+01  6.6248093266E-04  6.6248E-04
  6.0638567653E+01  6.8946733036E-04  6.8947E-04
  6.1469232995E+01  7.2050402672E-04  7.2050E-04
  6.2299898336E+01  7.4769177937E-04  7.4769E-04
  6.3130563678E+01  7.7142465943E-04  7.7142E-04
  6.3961229020E+01  7.9386412275E-04  7.9386E-04
  6.4791894362E+01  8.1630654893E-04  8.1631E-04
  6.5622559704E+01  8.3875193798E-04  8.3875E-04
  6.6453225046E+01  8.6116773759E-04  8.6117E-04
  6.7283890388E+01  8.8168462596E-04  8.8168E-04
  6.8114555729E+01  8.9988565270E-04  8.9989E-04
  6.8945221071E+01  9.2062671864E-04  9.2063E-04
  6.9775886413E+01  9.4541563334E-04  9.4542E-04
  7.0606551755E+01  9.7259265430E-04  9.7259E-04
  7.1437217097E+01  1.0009575125E-03  1.0010E-03
  7.2267882439E+01  1.0300335580E-03  1.0300E-03
  7.3098547781E+01  1.0600283926E-03  1.0600E-03
  7.3929213123E+01  1.0918186407E-03  1.0918E-03
  7.4759878464E+01  1.1241953608E-03  1.1242E-03
  7.5590543806E+01  1.1571585527E-03  1.1572E-03
  7.6421209148E+01  1.1903655915E-03  1.1904E-03
  7.7251874490E+01  1.2227564158E-03  1.2228E-03
  7.8082539832E+01  1.2542557930E-03  1.2543E-03
  7.8913205174E+01  1.2848637230E-03  1.2849E-03
  7.9743870516E+01  1.3302475438E-03  1.3302E-03
  8.0574535857E+01  1.3652090303E-03  1.3652E-03
  8.1405201199E+01  1.3982744894E-03  1.3983E-03
  8.2235866541E+01  1.4465193872E-03  1.4465E-03
  8.3066531883E+01  1.4841529911E-03  1.4842E-03
  8.3897197225E+01  1.5209355038E-03  1.5209E-03
  8.4727862567E+01  1.5577455697E-03  1.5577E-03
  8.5558527909E+01  1.5938812702E-03  1.5939E-03
  8.6389193250E+01  1.6285966290E-03  1.6286E-03
  8.7219858592E+01  1.6647081107E-03  1.6647E-03
  8.8050523934E+01  1.6967783422E-03  1.6968E-03
  8.8881189276E+01  1.7339853305E-03  1.7340E-03
  8.9711854618E+01  1.7761175995E-03  1.7761E-03
  9.0542519960E+01  1.8201499969E-03  1.8201E-03
  9.1373185302E+01  1.8657630953E-03  1.8658E-03
  9.2203850644E+01  1.9127308447E-03  1.9127E-03
  9.3034515985E+01  1.9602592002E-03  1.9603E-03
  9.3865181327E+01  2.0078363156E-03  2.0078E-03
  9.4695846669E+01  2.0556244804E-03  2.0556E-03
  9.5526512011E+01  2.1037855321E-03  2.1038E-03
  9.6357177353E+01  2.1523806509E-03  2.1524E-03
  9.7187842695E+01  2.2123725156E-03  2.2124E-03
  9.8018508037E+01  2.2670094282E-03  2.2670E-03
  9.8849173378E+01  2.3219018007E-03  2.3219E-03
  9.9679838720E+01  2.3778053381E-03  2.3778E-03
  1.0051050406E+02  2.4460320772E-03  2.4460E-03
  1.0134116940E+02  2.5103386775E-03  2.5103E-03
  1.0217183475E+02  2.5687965354E-03  2.5688E-03
  1.0300250009E+02  2.6276451666E-03  2.6276E-03
  1.0383316543E+02  2.6863176126E-03  2.6863E-03
  1.0466383077E+02  2.7479460253E-03  2.7479E-03
  1.0549449611E+02  2.8011173720E-03  2.8011E-03
  1.0632516146E+02  2.8645644891E-03  2.8646E-03
  1.0715582680E+02  2.9326306259E-03  2.9326E-03
  1.0798649214E+02  3.0035056206E-03  3.0035E-03
  1.0881715748E+02  3.0779827287E-03  3.0780E-03
  1.0964782282E+02  3.1496357224E-03  3.1496E-03
  1.1047848816E+02  3.2219023870E-03  3.2219E-03
  1.1130915351E+02  3.2960701207E-03  3.2961E-03
  1.1213981885E+02  3.3742097606E-03  3.3742E-03
  1.1297048419E+02  3.4581812100E-03  3.4582E-03
  1.1380114953E+02  3.5388368871E-03  3.5388E-03
  1.1463181487E+02  3.6212505209E-03  3.6213E-03
  1.1546248022E+02  3.7050687720E-03  3.7051E-03
  1.1629314556E+02  3.8067060349E-03  3.8067E-03
  1.1712381090E+02  3.9111750233E-03  3.9112E-03
  1.1795447624E+02  4.0089610811E-03  4.0090E-03
  1.1878514158E+02  4.1045251535E-03  4.1045E-03
  1.1961580693E+02  4.1974016650E-03  4.1974E-03
  1.2044647227E+02  4.2958950602E-03  4.2959E-03
  1.2127713761E+02  4.4085525075E-03  4.4086E-03
  1.2210780295E+02  4.5221672546E-03  4.5222E-03
  1.2293846829E+02  4.6306025504E-03  4.6306E-03
  1.2376913363E+02  4.7392693815E-03  4.7393E-03
  1.2459979898E+02  4.8489247973E-03  4.8489E-03
  1.2543046432E+02  4.9697456943E-03  4.9697E-03
  1.2626112966E+02  5.0891036534E-03  5.0891E-03
  1.2709179500E+02  5.2114758451E-03  5.2115E-03
  1.2792246034E+02  5.3368207047E-03  5.3368E-03
  1.2875312569E+02  5.4684848011E-03  5.4685E-03
  1.2958379103E+02  5.6373235615E-03  5.6373E-03
  1.3041445637E+02  5.8047311014E-03  5.8047E-03
  1.3124512171E+02  5.9547791903E-03  5.9548E-03
  1.3207578705E+02  6.1003274888E-03  6.1003E-03
  1.3290645239E+02  6.2769442694E-03  6.2769E-03
  1.3373711774E+02  6.4483079336E-03  6.4483E-03
  1.3456778308E+02  6.6169412977E-03  6.6169E-03
  1.3539844842E+02  6.7935147805E-03  6.7935E-03
  1.3622911376E+02  6.9747637606E-03  6.9748E-03
  1.3705977910E+02  7.1629770943E-03  7.1630E-03
  1.3789044445E+02  7.3585842785E-03  7.3586E-03
  1.3872110979E+02  7.5597192588E-03  7.5597E-03
  1.3955177513E+02  7.8786242497E-03  7.8786E-03
  1.4038244047E+02  8.1116378018E-03  8.1116E-03
  1.4121310581E+02  8.3418367730E-03  8.3418E-03
  1.4204377116E+02  8.6151977438E-03  8.6152E-03
  1.4287443650E+02  8.8953896624E-03  8.8954E-03
  1.4370510184E+02  9.1718500968E-03  9.1719E-03
  1.4453576718E+02  9.4594750793E-03  9.4595E-03
  1.4536643252E+02  9.7572039132E-03  9.7572E-03
  1.4619709786E+02  1.0138791853E-02  1.0139E-02
  1.4702776321E+02  1.0628892600E-02  1.0629E-02
  1.4785842855E+02  1.0956513508E-02  1.0957E-02
  1.4868909389E+02  1.1396921622E-02  1.1397E-02
  1.4951975923E+02  1.1893735424E-02  1.1894E-02
  1.5035042457E+02  1.2480476988E-02  1.2480E-02
  1.5118108992E+02  1.3170901242E-02  1.3171E-02
  1.5201175526E+02  1.4270823839E-02  1.4271E-02
  1.5284242060E+02  1.5526679069E-02  1.5527E-02
  1.5367308594E+02  1.6275237566E-02  1.6275E-02
  1.5450375128E+02  1.6460227849E-02  1.6460E-02
  1.5533441663E+02  1.6894311752E-02  1.6894E-02
  1.5616508197E+02  1.7082559687E-02  1.7083E-02
  1.5699574731E+02  1.6719496639E-02  1.6719E-02
  1.5782641265E+02  1.6835907925E-02  1.6836E-02
  1.5865707799E+02  1.7030502471E-02  1.7031E-02
  1.5948774333E+02  1.7197720374E-02  1.7198E-02
  1.6031840868E+02  1.7298731133E-02  1.7299E-02
  1.6114907402E+02  1.7364125070E-02  1.7364E-02
  1.6197973936E+02  1.7341577183E-02  1.7342E-02
  1.6281040470E+02  1.7386731286E-02  1.7387E-02
  1.6364107004E+02  1.7488135610E-02  1.7488E-02
  1.6447173539E+02  1.7633254248E-02  1.7633E-02
  1.6530240073E+02  1.7674628190E-02  1.7675E-02
  1.6613306607E+02  1.7717131647E-02  1.7717E-02
  1.6696373141E+02  1.7715441936E-02  1.7715E-02
  1.6779439675E+02  1.7690262043E-02  1.7690E-02
  1.6862506210E+02  1.7754369795E-02  1.7754E-02
  1.6945572744E+02  1.7792782518E-02  1.7793E-02
  1.7028639278E+02  1.7849120514E-02  1.7849E-02
  1.7111705812E+02  1.7954107615E-02  1.7954E-02
  1.7194772346E+02  1.8054024375E-02  1.8054E-02
  1.7277838880E+02  1.8146961995E-02  1.8147E-02
  1.7360905415E+02  1.8232477797E-02  1.8232E-02
  1.7443971949E+02  1.8293934388E-02  1.8294E-02
  1.7527038483E+02  1.8266887799E-02  1.8267E-02
  1.7610105017E+02  1.8361254439E-02  1.8361E-02
  1.7693171551E+02  1.8380521707E-02  1.8381E-02
  1.7776238086E+02  1.8417292120E-02  1.8417E-02
  1.7859304620E+02  1.8460368992E-02  1.8460E-02
  1.7942371154E+02  1.8532599455E-02  1.8533E-02
  1.8025437688E+02  1.8605491883E-02  1.8605E-02
  1.8108504222E+02  1.8675899663E-02  1.8676E-02
  1.8191570756E+02  1.8719469960E-02  1.8719E-02
  1.8274637291E+02  1.8757455141E-02  1.8757E-02
  1.8357703825E+02  1.8753163862E-02  1.8753E-02
  1.8440770359E+02  1.8824723473E-02  1.8825E-02
  1.8523836893E+02  1.8828447219E-02  1.8828E-02
  1.8606903427E+02  1.8875557479E-02  1.8876E-02
  1.8689969962E+02  1.8952446331E-02  1.8952E-02
  1.8773036496E+02  1.9027400889E-02  1.9027E-02
  1.8856103030E+02  1.9087594282E-02  1.9088E-02
  1.8939169564E+02  1.9140410497E-02  1.9140E-02
  1.9022236098E+02  1.9212457006E-02  1.9212E-02
  1.9105302633E+02  1.9267102828E-02  1.9267E-02
  1.9188369167E+02  1.9394176322E-02  1.9394E-02
  1.9271435701E+02  1.9396034174E-02  1.9396E-02
  1.9354502235E+02  1.9382963524E-02  1.9383E-02
  1.9437568769E+02  1.9447256639E-02  1.9447E-02
  1.9520635303E+02  1.9529536756E-02  1.9530E-02
  1.9603701838E+02  1.9588187601E-02  1.9588E-02
  1.9686768372E+02  1.9699718151E-02  1.9700E-02
  1.9769834906E+02  1.9753064255E-02  1.9753E-02
  1.9852901440E+02  1.9805704423E-02  1.9806E-02
  1.9935967974E+02  1.9962426712E-02  1.9962E-02
  2.0019034509E+02  1.9875462089E-02  1.9875E-02
  2.0102101043E+02  1.9925097317E-02  1.9925E-02
  2.0185167577E+02  1.9991097376E-02  1.9991E-02
  2.0268234111E+02  2.0057609427E-02  2.0058E-02
  2.0351300645E+02  2.0069645956E-02  2.0070E-02
  2.0434367180E+02  2.0217159728E-02  2.0217E-02
  2.0517433714E+02  2.0624130358E-02  2.0624E-02
  2.0600500248E+02  2.0398675419E-02  2.0399E-02
  2.0683566782E+02  2.0463217995E-02  2.0463E-02
  2.0766633316E+02  2.0529242486E-02  2.0529E-02
  2.0849699850E+02  2.0712201407E-02  2.0712E-02
  2.0932766385E+02  2.1282508019E-02  2.1283E-02
  2.1015832919E+02  2.0991346482E-02  2.0991E-02
  2.1098899453E+02  2.1004084746E-02  2.1004E-02
  2.1181965987E+02  2.0930274935E-02  2.0930E-02
  2.1265032521E+02  1.9178530359E-02  1.9179E-02
  2.1348099056E+02  1.7977792393E-02  1.7978E-02
  2.1431165590E+02  1.7236802114E-02  1.7237E-02
  2.1514232124E+02  1.6624008304E-02  1.6624E-02
  2.1597298658E+02  1.6234267940E-02  1.6234E-02
  2.1680365192E+02  1.5587018328E-02  1.5587E-02
  2.1763431727E+02  1.5170298971E-02  1.5170E-02
  2.1846498261E+02  1.4762539071E-02  1.4763E-02
  2.1929564795E+02  1.4471483035E-02  1.4471E-02
  2.2012631329E+02  1.4272032525E-02  1.4272E-02
  2.2095697863E+02  1.3870296155E-02  1.3870E-02
  2.2178764397E+02  1.3377703216E-02  1.3378E-02
  2.2261830932E+02  1.3002751656E-02  1.3003E-02
  2.2344897466E+02  1.2677865898E-02  1.2678E-02
  2.2427964000E+02  1.2549940603E-02  1.2550E-02
  2.2511030534E+02  1.2141284285E-02  1.2141E-02
  2.2594097068E+02  1.1860445759E-02  1.1860E-02
  2.2677163603E+02  1.1560795112E-02  1.1561E-02
  2.2760230137E+02  1.0852572985E-02  1.0853E-02
  2.2843296671E+02  1.0370659323E-02  1.0371E-02
  2.2926363205E+02  1.0200578600E-02  1.0201E-02
  2.3009429739E+02  1.0180128643E-02  1.0180E-02
  2.3092496274E+02  1.0175389853E-02  1.0175E-02
  2.3175562808E+02  1.0175364846E-02  1.0175E-02
  2.3258629342E+02  1.0168005743E-02  1.0168E-02
  2.3341695876E+02  1.0167954640E-02  1.0168E-02
  2.3424762410E+02  1.0175644118E-02  1.0176E-02
  2.3507828944E+02  1.0175803011E-02  1.0176E-02
  2.3590895479E+02  1.0197283824E-02  1.0197E-02
  2.3673962013E+02  1.0235724952E-02  1.0236E-02
  2.3757028547E+02  1.0274883868E-02  1.0275E-02
  2.3840095081E+02  1.0287989576E-02  1.0288E-02
  2.3923161615E+02  1.0286133494E-02  1.0286E-02
  2.4006228150E+02  1.0314472217E-02  1.0314E-02
  2.4089294684E+02  1.0330360200E-02  1.0330E-02
  2.4172361218E+02  1.0338730988E-02  1.0339E-02
  2.4255427752E+02  1.0341725094E-02  1.0342E-02
  2.4338494286E+02  1.0339840423E-02  1.0340E-02
  2.4421560820E+02  1.0324247972E-02  1.0324E-02
  2.4504627355E+02  1.0306867797E-02  1.0307E-02
  2.4587693889E+02  1.0308358141E-02  1.0308E-02
  2.4670760423E+02  1.0298359421E-02  1.0298E-02
  2.4753826957E+02  1.0303334946E-02  1.0303E-02
  2.4836893491E+02  1.0315463862E-02  1.0315E-02
  2.4919960026E+02  1.0316598895E-02  1.0317E-02
  2.5003026560E+02  1.0302267921E-02  1.0302E-02
  2.5086093094E+02  1.0300227409E-02  1.0300E-02
  2.5169159628E+02  1.0287348593E-02  1.0287E-02
  2.5252226162E+02  1.0284911592E-02  1.0285E-02
  2.5335292697E+02  1.0295586109E-02  1.0296E-02
  2.5418359231E+02  1.0281242147E-02  1.0281E-02
  2.5501425765E+02  1.0261419891E-02  1.0261E-02
  2.5584492299E+02  1.0239399218E-02  1.0239E-02
  2.5667558833E+02  1.0241665356E-02  1.0242E-02
  2.5750625367E+02  1.0255252497E-02  1.0255E-02
  2.5833691902E+02  1.0261452106E-02  1.0261E-02
  2.5916758436E+02  1.0232270287E-02  1.0232E-02
  2.5999824970E+02  1.0172432894E-02  1.0172E-02
  2.6082891504E+02  1.0110181885E-02  1.0110E-02
  2.6165958038E+02  1.0060701866E-02  1.0061E-02
  2.6249024573E+02  1.0010519318E-02  1.0011E-02
  2.6332091107E+02  9.9636926428E-03  9.9637E-03
  2.6415157641E+02  9.9533965414E-03  9.9534E-03
  2.6498224175E+02  1.0011342382E-02  1.0011E-02
  2.6581290709E+02  9.8787874268E-03  9.8788E-03
  2.6664357244E+02  9.9097693589E-03  9.9098E-03
  2.6747423778E+02  9.9257406069E-03  9.9257E-03
  2.6830490312E+02  9.8032625156E-03  9.8033E-03
  2.6913556846E+02  9.8680323762E-03  9.8680E-03
  2.6996623380E+02  9.7614061539E-03  9.7614E-03
  2.7079689914E+02  9.6743932345E-03  9.6744E-03
  2.7162756449E+02  9.6057588575E-03  9.6058E-03
  2.7245822983E+02  9.5468349257E-03  9.5468E-03
  2.7328889517E+02  9.4835379290E-03  9.4835E-03
  2.7411956051E+02  9.3259837499E-03  9.3260E-03
  2.7495022585E+02  9.0736672855E-03  9.0737E-03
  2.7578089120E+02  8.4228575737E-03  8.4229E-03
  2.7661155654E+02  7.6954834476E-03  7.6955E-03
  2.7744222188E+02  7.0317703213E-03  7.0318E-03
  2.7827288722E+02  6.4467797358E-03  6.4468E-03
  2.7910355256E+02  5.9900187713E-03  5.9900E-03
  2.7993421791E+02  5.7628186820E-03  5.7628E-03
  2.8076488325E+02  5.8735161628E-03  5.8735E-03
  2.8159554859E+02  6.0499941335E-03  6.0500E-03
  2.8242621393E+02  6.2966487267E-03  6.2966E-03
  2.8325687927E+02  6.5711611513E-03  6.5712E-03
  2.8408754461E+02  6.9342903973E-03  6.9343E-03
  2.8491820996E+02  7.4454908542E-03  7.4455E-03
  2.8574887530E+02  8.0580153458E-03  8.0580E-03
  2.8657954064E+02  8.7803299007E-03  8.7803E-03
  2.8741020598E+02  1.0064343323E-02  1.0064E-02
  2.8824087132E+02  1.1771419318E-02  1.1771E-02
  2.8907153667E+02  1.3207483832E-02  1.3207E-02
  2.8990220201E+02  1.4759931584E-02  1.4760E-02
  2.9073286735E+02  1.6474152939E-02  1.6474E-02
  2.9156353269E+02  1.8798570569E-02  1.8799E-02
  2.9239419803E+02  2.1305805840E-02  2.1306E-02
  2.9322486337E+02  2.3207597421E-02  2.3208E-02
  2.9405552872E+02  2.4202837593E-02  2.4203E-02
  2.9488619406E+02  2.4869655000E-02  2.4870E-02
  2.9571685940E+02  2.4838187237E-02  2.4838E-02
  2.9654752474E+02  2.4783354221E-02  2.4783E-02
  2.9737819008E+02  2.4986786848E-02  2.4987E-02
  2.9820885543E+02  2.5558393636E-02  2.5558E-02
  2.9903952077E+02  2.5971576280E-02  2.5972E-02
  2.9987018611E+02  2.6608430582E-02  2.6608E-02
  3.0070085145E+02  2.7200160241E-02  2.7200E-02
  3.0153151679E+02  2.7572443046E-02  2.7572E-02
  3.0236218214E+02  2.7640249795E-02  2.7640E-02
  3.0319284748E+02  2.8640720812E-02  2.8641E-02
  3.0402351282E+02  2.8663659877E-02  2.8664E-02
  3.0485417816E+02  2.8511683475E-02  2.8512E-02
  3.0568484350E+02  2.6949411153E-02  2.6949E-02
  3.0651550884E+02  2.3483034762E-02  2.3483E-02
  3.0734617419E+02  2.1463345641E-02  2.1463E-02
  3.0817683953E+02  2.0083007621E-02  2.0083E-02
  3.0900750487E+02  1.8899149063E-02  1.8899E-02
  3.0983817021E+02  1.7939630516E-02  1.7940E-02
  3.1066883555E+02  1.7010571745E-02  1.7011E-02
  3.1149950090E+02  1.6161483484E-02  1.6161E-02
  3.1233016624E+02  1.5492108664E-02  1.5492E-02
  3.1316083158E+02  1.4845990836E-02  1.4846E-02
  3.1399149692E+02  1.4153478092E-02  1.4153E-02
  3.1482216226E+02  1.3479856578E-02  1.3480E-02
  3.1565282761E+02  1.2875221633E-02  1.2875E-02
  3.1648349295E+02  1.2353356376E-02  1.2353E-02
  3.1731415829E+02  1.1668559588E-02  1.1669E-02
  3.1814482363E+02  1.1154704451E-02  1.1155E-02
  3.1897548897E+02  1.0618819570E-02  1.0619E-02
  3.1980615431E+02  9.9867634601E-03  9.9868E-03
  3.2063681966E+02  9.3965430649E-03  9.3965E-03
  3.2146748500E+02  8.8723475431E-03  8.8723E-03
  3.2229815034E+02  8.4687848023E-03  8.4688E-03
  3.2312881568E+02  7.8153041157E-03  7.8153E-03
  3.2395948102E+02  7.1818342934E-03  7.1818E-03
  3.2479014637E+02  6.2905424715E-03  6.2905E-03
  3.2562081171E+02  5.6453386542E-03  5.6453E-03
  3.2645147705E+02  5.3577700136E-03  5.3578E-03
  3.2728214239E+02  3.8356952896E-03  3.8357E-03
  3.2811280773E+02  2.9383319013E-03  2.9383E-03
  3.2894347308E+02  2.3237152501E-03  2.3237E-03
  3.2977413842E+02  1.9114097247E-03  1.9114E-03
  3.3060480376E+02  4.3987419517E-04  4.3987E-04
  3.3143546910E+02  0.0000000000E+00  0.0000E+00
