  4.000000000000000E-002  0.615534661096846        2.64833936444670     
   4   4   4
   1   1   1   1
   1   1   1   8.53271765625E-02
   2   1   1  -1.33152190625E-02
   3   1   1  -9.59440312500E-04
   4   1   1  -1.33152190625E-02
   1   2   1   8.79640406250E-03
   2   2   1   1.16725093750E-03
   3   2   1  -2.55116406250E-03
   4   2   1  -1.33152190625E-02
   1   3   1  -2.42337843750E-03
   2   3   1   1.16725093750E-03
   3   3   1  -9.59440312500E-04
   4   3   1   1.16725093750E-03
   1   4   1   8.79640406250E-03
   2   4   1  -1.33152190625E-02
   3   4   1  -2.55116406250E-03
   4   4   1   1.16725093750E-03
   1   1   2  -1.33152190625E-02
   2   1   2  -2.55116406250E-03
   3   1   2   1.16725093750E-03
   4   1   2   8.79640406250E-03
   1   2   2   1.16725093750E-03
   2   2   2  -2.54724218750E-03
   3   2   2   1.16725093750E-03
   4   2   2   9.33473437500E-04
   1   3   2   1.16725093750E-03
   2   3   2  -2.55116406250E-03
   3   3   2   7.51539687500E-04
   4   3   2   1.01997812500E-04
   1   4   2  -1.33152190625E-02
   2   4   2  -3.53138343750E-03
   3   4   2   7.51539687500E-04
   4   4   2   9.33473437500E-04
   1   1   3  -9.59440312500E-04
   2   1   3   1.16725093750E-03
   3   1   3  -2.42337843750E-03
   4   1   3   1.16725093750E-03
   1   2   3  -2.55116406250E-03
   2   2   3   1.16725093750E-03
   3   2   3   1.01997812500E-04
   4   2   3   7.51539687500E-04
   1   3   3  -9.59440312500E-04
   2   3   3   7.51539687500E-04
   3   3   3   2.21494062500E-04
   4   3   3   7.51539687500E-04
   1   4   3  -2.55116406250E-03
   2   4   3   7.51539687500E-04
   3   4   3   1.01997812500E-04
   4   4   3   1.16725093750E-03
   1   1   4  -1.33152190625E-02
   2   1   4   8.79640406250E-03
   3   1   4   1.16725093750E-03
   4   1   4  -2.55116406250E-03
   1   2   4  -1.33152190625E-02
   2   2   4   9.33473437500E-04
   3   2   4   7.51539687500E-04
   4   2   4  -3.53138343750E-03
   1   3   4   1.16725093750E-03
   2   3   4   1.01997812500E-04
   3   3   4   7.51539687500E-04
   4   3   4  -2.55116406250E-03
   1   4   4   1.16725093750E-03
   2   4   4   9.33473437500E-04
   3   4   4   1.16725093750E-03
   4   4   4  -2.54724218750E-03
   1   2   1   1
   1   1   1   4.33680868994E-19
   2   1   1  -2.16840434497E-19
   3   1   1   2.16840434497E-19
   4   1   1  -2.16840434497E-19
   1   2   1   2.16840434497E-19
   2   2   1   1.30382250000E-03
   3   2   1  -3.21585625000E-04
   4   2   1  -1.95804606250E-02
   1   3   1  -8.67361737988E-19
   2   3   1  -3.21585625000E-04
   3   3   1   3.72672125000E-03
   4   3   1  -3.21585625000E-04
   1   4   1   2.16840434497E-19
   2   4   1  -1.95804606250E-02
   3   4   1  -3.21585625000E-04
   4   4   1   1.30382250000E-03
   1   1   2   1.95804606250E-02
   2   1   2   3.21585625000E-04
   3   1   2  -1.30382250000E-03
   4   1   2  -2.16840434497E-19
   1   2   2   3.21585625000E-04
   2   2   2   0.00000000000E+00
   3   2   2  -3.21585625000E-04
   4   2   2   0.00000000000E+00
   1   3   2  -1.30382250000E-03
   2   3   2  -3.21585625000E-04
   3   3   2  -1.46088312500E-03
   4   3   2   2.16840434497E-19
   1   4   2   2.16840434497E-19
   2   4   2   0.00000000000E+00
   3   4   2   0.00000000000E+00
   4   4   2   0.00000000000E+00
   1   1   3  -3.72672125000E-03
   2   1   3   3.21585625000E-04
   3   1   3   2.16840434497E-19
   4   1   3   3.21585625000E-04
   1   2   3   3.21585625000E-04
   2   2   3   1.30382250000E-03
   3   2   3   0.00000000000E+00
   4   2   3   1.46088312500E-03
   1   3   3  -8.67361737988E-19
   2   3   3   2.16840434497E-19
   3   3   3  -2.16840434497E-19
   4   3   3   2.16840434497E-19
   1   4   3   3.21585625000E-04
   2   4   3   1.46088312500E-03
   3   4   3   0.00000000000E+00
   4   4   3   1.30382250000E-03
   1   1   4   1.95804606250E-02
   2   1   4  -2.16840434497E-19
   3   1   4  -1.30382250000E-03
   4   1   4   3.21585625000E-04
   1   2   4   2.16840434497E-19
   2   2   4   0.00000000000E+00
   3   2   4   0.00000000000E+00
   4   2   4   0.00000000000E+00
   1   3   4  -1.30382250000E-03
   2   3   4   2.16840434497E-19
   3   3   4  -1.46088312500E-03
   4   3   4  -3.21585625000E-04
   1   4   4   3.21585625000E-04
   2   4   4   0.00000000000E+00
   3   4   4  -3.21585625000E-04
   4   4   4   0.00000000000E+00
   1   3   1   1
   1   1   1  -1.30104260698E-18
   2   1   1   1.95804606250E-02
   3   1   1  -3.72672125000E-03
   4   1   1   1.95804606250E-02
   1   2   1  -2.16840434497E-19
   2   2   1   3.21585625000E-04
   3   2   1   3.21585625000E-04
   4   2   1   2.16840434497E-19
   1   3   1   8.67361737988E-19
   2   3   1  -1.30382250000E-03
   3   3   1  -2.16840434497E-19
   4   3   1  -1.30382250000E-03
   1   4   1  -2.16840434497E-19
   2   4   1   2.16840434497E-19
   3   4   1   3.21585625000E-04
   4   4   1   3.21585625000E-04
   1   1   2  -2.16840434497E-19
   2   1   2   3.21585625000E-04
   3   1   2   3.21585625000E-04
   4   1   2   2.16840434497E-19
   1   2   2   1.30382250000E-03
   2   2   2   0.00000000000E+00
   3   2   2   1.30382250000E-03
   4   2   2   0.00000000000E+00
   1   3   2  -3.21585625000E-04
   2   3   2  -3.21585625000E-04
   3   3   2   0.00000000000E+00
   4   3   2  -2.16840434497E-19
   1   4   2  -1.95804606250E-02
   2   4   2   0.00000000000E+00
   3   4   2   1.46088312500E-03
   4   4   2   0.00000000000E+00
   1   1   3   8.67361737988E-19
   2   1   3  -1.30382250000E-03
   3   1   3  -2.16840434497E-19
   4   1   3  -1.30382250000E-03
   1   2   3  -3.21585625000E-04
   2   2   3  -3.21585625000E-04
   3   2   3   0.00000000000E+00
   4   2   3  -2.16840434497E-19
   1   3   3   3.72672125000E-03
   2   3   3  -1.46088312500E-03
   3   3   3   2.16840434497E-19
   4   3   3  -1.46088312500E-03
   1   4   3  -3.21585625000E-04
   2   4   3  -2.16840434497E-19
   3   4   3   0.00000000000E+00
   4   4   3  -3.21585625000E-04
   1   1   4  -2.16840434497E-19
   2   1   4   2.16840434497E-19
   3   1   4   3.21585625000E-04
   4   1   4   3.21585625000E-04
   1   2   4  -1.95804606250E-02
   2   2   4   0.00000000000E+00
   3   2   4   1.46088312500E-03
   4   2   4   0.00000000000E+00
   1   3   4  -3.21585625000E-04
   2   3   4  -2.16840434497E-19
   3   3   4   0.00000000000E+00
   4   3   4  -3.21585625000E-04
   1   4   4   1.30382250000E-03
   2   4   4   0.00000000000E+00
   3   4   4   1.30382250000E-03
   4   4   4   0.00000000000E+00
   2   1   1   1
   1   1   1   4.33680868994E-19
   2   1   1  -2.16840434497E-19
   3   1   1   2.16840434497E-19
   4   1   1  -2.16840434497E-19
   1   2   1   2.16840434497E-19
   2   2   1   1.30382250000E-03
   3   2   1  -3.21585625000E-04
   4   2   1  -1.95804606250E-02
   1   3   1  -8.67361737988E-19
   2   3   1  -3.21585625000E-04
   3   3   1   3.72672125000E-03
   4   3   1  -3.21585625000E-04
   1   4   1   2.16840434497E-19
   2   4   1  -1.95804606250E-02
   3   4   1  -3.21585625000E-04
   4   4   1   1.30382250000E-03
   1   1   2   1.95804606250E-02
   2   1   2   3.21585625000E-04
   3   1   2  -1.30382250000E-03
   4   1   2  -2.16840434497E-19
   1   2   2   3.21585625000E-04
   2   2   2   0.00000000000E+00
   3   2   2  -3.21585625000E-04
   4   2   2   0.00000000000E+00
   1   3   2  -1.30382250000E-03
   2   3   2  -3.21585625000E-04
   3   3   2  -1.46088312500E-03
   4   3   2   2.16840434497E-19
   1   4   2   2.16840434497E-19
   2   4   2   0.00000000000E+00
   3   4   2   0.00000000000E+00
   4   4   2   0.00000000000E+00
   1   1   3  -3.72672125000E-03
   2   1   3   3.21585625000E-04
   3   1   3   2.16840434497E-19
   4   1   3   3.21585625000E-04
   1   2   3   3.21585625000E-04
   2   2   3   1.30382250000E-03
   3   2   3   0.00000000000E+00
   4   2   3   1.46088312500E-03
   1   3   3  -8.67361737988E-19
   2   3   3   2.16840434497E-19
   3   3   3  -2.16840434497E-19
   4   3   3   2.16840434497E-19
   1   4   3   3.21585625000E-04
   2   4   3   1.46088312500E-03
   3   4   3   0.00000000000E+00
   4   4   3   1.30382250000E-03
   1   1   4   1.95804606250E-02
   2   1   4  -2.16840434497E-19
   3   1   4  -1.30382250000E-03
   4   1   4   3.21585625000E-04
   1   2   4   2.16840434497E-19
   2   2   4   0.00000000000E+00
   3   2   4   0.00000000000E+00
   4   2   4   0.00000000000E+00
   1   3   4  -1.30382250000E-03
   2   3   4   2.16840434497E-19
   3   3   4  -1.46088312500E-03
   4   3   4  -3.21585625000E-04
   1   4   4   3.21585625000E-04
   2   4   4   0.00000000000E+00
   3   4   4  -3.21585625000E-04
   4   4   4   0.00000000000E+00
   2   2   1   1
   1   1   1   8.53271765625E-02
   2   1   1   8.79640406250E-03
   3   1   1  -2.42337843750E-03
   4   1   1   8.79640406250E-03
   1   2   1  -1.33152190625E-02
   2   2   1   1.16725093750E-03
   3   2   1   1.16725093750E-03
   4   2   1  -1.33152190625E-02
   1   3   1  -9.59440312500E-04
   2   3   1  -2.55116406250E-03
   3   3   1  -9.59440312500E-04
   4   3   1  -2.55116406250E-03
   1   4   1  -1.33152190625E-02
   2   4   1  -1.33152190625E-02
   3   4   1   1.16725093750E-03
   4   4   1   1.16725093750E-03
   1   1   2  -1.33152190625E-02
   2   1   2   1.16725093750E-03
   3   1   2   1.16725093750E-03
   4   1   2  -1.33152190625E-02
   1   2   2  -2.55116406250E-03
   2   2   2  -2.54724218750E-03
   3   2   2  -2.55116406250E-03
   4   2   2  -3.53138343750E-03
   1   3   2   1.16725093750E-03
   2   3   2   1.16725093750E-03
   3   3   2   7.51539687500E-04
   4   3   2   7.51539687500E-04
   1   4   2   8.79640406250E-03
   2   4   2   9.33473437500E-04
   3   4   2   1.01997812500E-04
   4   4   2   9.33473437500E-04
   1   1   3  -9.59440312500E-04
   2   1   3  -2.55116406250E-03
   3   1   3  -9.59440312500E-04
   4   1   3  -2.55116406250E-03
   1   2   3   1.16725093750E-03
   2   2   3   1.16725093750E-03
   3   2   3   7.51539687500E-04
   4   2   3   7.51539687500E-04
   1   3   3  -2.42337843750E-03
   2   3   3   1.01997812500E-04
   3   3   3   2.21494062500E-04
   4   3   3   1.01997812500E-04
   1   4   3   1.16725093750E-03
   2   4   3   7.51539687500E-04
   3   4   3   7.51539687500E-04
   4   4   3   1.16725093750E-03
   1   1   4  -1.33152190625E-02
   2   1   4  -1.33152190625E-02
   3   1   4   1.16725093750E-03
   4   1   4   1.16725093750E-03
   1   2   4   8.79640406250E-03
   2   2   4   9.33473437500E-04
   3   2   4   1.01997812500E-04
   4   2   4   9.33473437500E-04
   1   3   4   1.16725093750E-03
   2   3   4   7.51539687500E-04
   3   3   4   7.51539687500E-04
   4   3   4   1.16725093750E-03
   1   4   4  -2.55116406250E-03
   2   4   4  -3.53138343750E-03
   3   4   4  -2.55116406250E-03
   4   4   4  -2.54724218750E-03
   2   3   1   1
   1   1   1  -1.30104260698E-18
   2   1   1   2.16840434497E-19
   3   1   1  -2.16840434497E-19
   4   1   1   2.16840434497E-19
   1   2   1  -1.95804606250E-02
   2   2   1  -3.21585625000E-04
   3   2   1   1.30382250000E-03
   4   2   1   2.16840434497E-19
   1   3   1   3.72672125000E-03
   2   3   1  -3.21585625000E-04
   3   3   1  -2.16840434497E-19
   4   3   1  -3.21585625000E-04
   1   4   1  -1.95804606250E-02
   2   4   1   2.16840434497E-19
   3   4   1   1.30382250000E-03
   4   4   1  -3.21585625000E-04
   1   1   2  -2.16840434497E-19
   2   1   2  -1.30382250000E-03
   3   1   2   3.21585625000E-04
   4   1   2   1.95804606250E-02
   1   2   2  -3.21585625000E-04
   2   2   2   0.00000000000E+00
   3   2   2   3.21585625000E-04
   4   2   2   0.00000000000E+00
   1   3   2  -3.21585625000E-04
   2   3   2  -1.30382250000E-03
   3   3   2   0.00000000000E+00
   4   3   2  -1.46088312500E-03
   1   4   2  -2.16840434497E-19
   2   4   2   0.00000000000E+00
   3   4   2   0.00000000000E+00
   4   4   2   0.00000000000E+00
   1   1   3   8.67361737988E-19
   2   1   3   3.21585625000E-04
   3   1   3  -3.72672125000E-03
   4   1   3   3.21585625000E-04
   1   2   3   1.30382250000E-03
   2   2   3   3.21585625000E-04
   3   2   3   1.46088312500E-03
   4   2   3  -2.16840434497E-19
   1   3   3   8.67361737988E-19
   2   3   3  -2.16840434497E-19
   3   3   3   2.16840434497E-19
   4   3   3  -2.16840434497E-19
   1   4   3   1.30382250000E-03
   2   4   3  -2.16840434497E-19
   3   4   3   1.46088312500E-03
   4   4   3   3.21585625000E-04
   1   1   4  -2.16840434497E-19
   2   1   4   1.95804606250E-02
   3   1   4   3.21585625000E-04
   4   1   4  -1.30382250000E-03
   1   2   4  -2.16840434497E-19
   2   2   4   0.00000000000E+00
   3   2   4   0.00000000000E+00
   4   2   4   0.00000000000E+00
   1   3   4  -3.21585625000E-04
   2   3   4  -1.46088312500E-03
   3   3   4   0.00000000000E+00
   4   3   4  -1.30382250000E-03
   1   4   4  -3.21585625000E-04
   2   4   4   0.00000000000E+00
   3   4   4   3.21585625000E-04
   4   4   4   0.00000000000E+00
   3   1   1   1
   1   1   1  -1.30104260698E-18
   2   1   1   1.95804606250E-02
   3   1   1  -3.72672125000E-03
   4   1   1   1.95804606250E-02
   1   2   1  -2.16840434497E-19
   2   2   1   3.21585625000E-04
   3   2   1   3.21585625000E-04
   4   2   1   2.16840434497E-19
   1   3   1   8.67361737988E-19
   2   3   1  -1.30382250000E-03
   3   3   1  -2.16840434497E-19
   4   3   1  -1.30382250000E-03
   1   4   1  -2.16840434497E-19
   2   4   1   2.16840434497E-19
   3   4   1   3.21585625000E-04
   4   4   1   3.21585625000E-04
   1   1   2  -2.16840434497E-19
   2   1   2   3.21585625000E-04
   3   1   2   3.21585625000E-04
   4   1   2   2.16840434497E-19
   1   2   2   1.30382250000E-03
   2   2   2   0.00000000000E+00
   3   2   2   1.30382250000E-03
   4   2   2   0.00000000000E+00
   1   3   2  -3.21585625000E-04
   2   3   2  -3.21585625000E-04
   3   3   2   0.00000000000E+00
   4   3   2  -2.16840434497E-19
   1   4   2  -1.95804606250E-02
   2   4   2   0.00000000000E+00
   3   4   2   1.46088312500E-03
   4   4   2   0.00000000000E+00
   1   1   3   8.67361737988E-19
   2   1   3  -1.30382250000E-03
   3   1   3  -2.16840434497E-19
   4   1   3  -1.30382250000E-03
   1   2   3  -3.21585625000E-04
   2   2   3  -3.21585625000E-04
   3   2   3   0.00000000000E+00
   4   2   3  -2.16840434497E-19
   1   3   3   3.72672125000E-03
   2   3   3  -1.46088312500E-03
   3   3   3   2.16840434497E-19
   4   3   3  -1.46088312500E-03
   1   4   3  -3.21585625000E-04
   2   4   3  -2.16840434497E-19
   3   4   3   0.00000000000E+00
   4   4   3  -3.21585625000E-04
   1   1   4  -2.16840434497E-19
   2   1   4   2.16840434497E-19
   3   1   4   3.21585625000E-04
   4   1   4   3.21585625000E-04
   1   2   4  -1.95804606250E-02
   2   2   4   0.00000000000E+00
   3   2   4   1.46088312500E-03
   4   2   4   0.00000000000E+00
   1   3   4  -3.21585625000E-04
   2   3   4  -2.16840434497E-19
   3   3   4   0.00000000000E+00
   4   3   4  -3.21585625000E-04
   1   4   4   1.30382250000E-03
   2   4   4   0.00000000000E+00
   3   4   4   1.30382250000E-03
   4   4   4   0.00000000000E+00
   3   2   1   1
   1   1   1  -1.30104260698E-18
   2   1   1   2.16840434497E-19
   3   1   1  -2.16840434497E-19
   4   1   1   2.16840434497E-19
   1   2   1  -1.95804606250E-02
   2   2   1  -3.21585625000E-04
   3   2   1   1.30382250000E-03
   4   2   1   2.16840434497E-19
   1   3   1   3.72672125000E-03
   2   3   1  -3.21585625000E-04
   3   3   1  -2.16840434497E-19
   4   3   1  -3.21585625000E-04
   1   4   1  -1.95804606250E-02
   2   4   1   2.16840434497E-19
   3   4   1   1.30382250000E-03
   4   4   1  -3.21585625000E-04
   1   1   2  -2.16840434497E-19
   2   1   2  -1.30382250000E-03
   3   1   2   3.21585625000E-04
   4   1   2   1.95804606250E-02
   1   2   2  -3.21585625000E-04
   2   2   2   0.00000000000E+00
   3   2   2   3.21585625000E-04
   4   2   2   0.00000000000E+00
   1   3   2  -3.21585625000E-04
   2   3   2  -1.30382250000E-03
   3   3   2   0.00000000000E+00
   4   3   2  -1.46088312500E-03
   1   4   2  -2.16840434497E-19
   2   4   2   0.00000000000E+00
   3   4   2   0.00000000000E+00
   4   4   2   0.00000000000E+00
   1   1   3   8.67361737988E-19
   2   1   3   3.21585625000E-04
   3   1   3  -3.72672125000E-03
   4   1   3   3.21585625000E-04
   1   2   3   1.30382250000E-03
   2   2   3   3.21585625000E-04
   3   2   3   1.46088312500E-03
   4   2   3  -2.16840434497E-19
   1   3   3   8.67361737988E-19
   2   3   3  -2.16840434497E-19
   3   3   3   2.16840434497E-19
   4   3   3  -2.16840434497E-19
   1   4   3   1.30382250000E-03
   2   4   3  -2.16840434497E-19
   3   4   3   1.46088312500E-03
   4   4   3   3.21585625000E-04
   1   1   4  -2.16840434497E-19
   2   1   4   1.95804606250E-02
   3   1   4   3.21585625000E-04
   4   1   4  -1.30382250000E-03
   1   2   4  -2.16840434497E-19
   2   2   4   0.00000000000E+00
   3   2   4   0.00000000000E+00
   4   2   4   0.00000000000E+00
   1   3   4  -3.21585625000E-04
   2   3   4  -1.46088312500E-03
   3   3   4   0.00000000000E+00
   4   3   4  -1.30382250000E-03
   1   4   4  -3.21585625000E-04
   2   4   4   0.00000000000E+00
   3   4   4   3.21585625000E-04
   4   4   4   0.00000000000E+00
   3   3   1   1
   1   1   1   8.53271765625E-02
   2   1   1  -1.33152190625E-02
   3   1   1  -9.59440312500E-04
   4   1   1  -1.33152190625E-02
   1   2   1  -1.33152190625E-02
   2   2   1  -2.55116406250E-03
   3   2   1   1.16725093750E-03
   4   2   1   8.79640406250E-03
   1   3   1  -9.59440312500E-04
   2   3   1   1.16725093750E-03
   3   3   1  -2.42337843750E-03
   4   3   1   1.16725093750E-03
   1   4   1  -1.33152190625E-02
   2   4   1   8.79640406250E-03
   3   4   1   1.16725093750E-03
   4   4   1  -2.55116406250E-03
   1   1   2   8.79640406250E-03
   2   1   2   1.16725093750E-03
   3   1   2  -2.55116406250E-03
   4   1   2  -1.33152190625E-02
   1   2   2   1.16725093750E-03
   2   2   2  -2.54724218750E-03
   3   2   2   1.16725093750E-03
   4   2   2   9.33473437500E-04
   1   3   2  -2.55116406250E-03
   2   3   2   1.16725093750E-03
   3   3   2   1.01997812500E-04
   4   3   2   7.51539687500E-04
   1   4   2  -1.33152190625E-02
   2   4   2   9.33473437500E-04
   3   4   2   7.51539687500E-04
   4   4   2  -3.53138343750E-03
   1   1   3  -2.42337843750E-03
   2   1   3   1.16725093750E-03
   3   1   3  -9.59440312500E-04
   4   1   3   1.16725093750E-03
   1   2   3   1.16725093750E-03
   2   2   3  -2.55116406250E-03
   3   2   3   7.51539687500E-04
   4   2   3   1.01997812500E-04
   1   3   3  -9.59440312500E-04
   2   3   3   7.51539687500E-04
   3   3   3   2.21494062500E-04
   4   3   3   7.51539687500E-04
   1   4   3   1.16725093750E-03
   2   4   3   1.01997812500E-04
   3   4   3   7.51539687500E-04
   4   4   3  -2.55116406250E-03
   1   1   4   8.79640406250E-03
   2   1   4  -1.33152190625E-02
   3   1   4  -2.55116406250E-03
   4   1   4   1.16725093750E-03
   1   2   4  -1.33152190625E-02
   2   2   4  -3.53138343750E-03
   3   2   4   7.51539687500E-04
   4   2   4   9.33473437500E-04
   1   3   4  -2.55116406250E-03
   2   3   4   7.51539687500E-04
   3   3   4   1.01997812500E-04
   4   3   4   1.16725093750E-03
   1   4   4   1.16725093750E-03
   2   4   4   9.33473437500E-04
   3   4   4   1.16725093750E-03
   4   4   4  -2.54724218750E-03
