  3.500000000000000E-002  0.615675417629302        2.64582309521553     
   4   4   4
   1   1   1   1
   1   1   1   8.54022540625E-02
   2   1   1  -1.34982925000E-02
   3   1   1  -9.31290312500E-04
   4   1   1  -1.34982925000E-02
   1   2   1   8.56242156250E-03
   2   2   1   1.29896437500E-03
   3   2   1  -2.56478468750E-03
   4   2   1  -1.34982925000E-02
   1   3   1  -2.80111218750E-03
   2   3   1   1.29896437500E-03
   3   3   1  -9.31290312500E-04
   4   3   1   1.29896437500E-03
   1   4   1   8.56242156250E-03
   2   4   1  -1.34982925000E-02
   3   4   1  -2.56478468750E-03
   4   4   1   1.29896437500E-03
   1   1   2  -1.34982925000E-02
   2   1   2  -2.56478468750E-03
   3   1   2   1.29896437500E-03
   4   1   2   8.56242156250E-03
   1   2   2   1.29896437500E-03
   2   2   2  -2.44301843750E-03
   3   2   2   1.29896437500E-03
   4   2   2   1.01629093750E-03
   1   3   2   1.29896437500E-03
   2   3   2  -2.56478468750E-03
   3   3   2   6.75445000000E-04
   4   3   2   2.22756562500E-04
   1   4   2  -1.34982925000E-02
   2   4   2  -3.66988718750E-03
   3   4   2   6.75445000000E-04
   4   4   2   1.01629093750E-03
   1   1   3  -9.31290312500E-04
   2   1   3   1.29896437500E-03
   3   1   3  -2.80111218750E-03
   4   1   3   1.29896437500E-03
   1   2   3  -2.56478468750E-03
   2   2   3   1.29896437500E-03
   3   2   3   2.22756562500E-04
   4   2   3   6.75445000000E-04
   1   3   3  -9.31290312500E-04
   2   3   3   6.75445000000E-04
   3   3   3   6.66544062500E-04
   4   3   3   6.75445000000E-04
   1   4   3  -2.56478468750E-03
   2   4   3   6.75445000000E-04
   3   4   3   2.22756562500E-04
   4   4   3   1.29896437500E-03
   1   1   4  -1.34982925000E-02
   2   1   4   8.56242156250E-03
   3   1   4   1.29896437500E-03
   4   1   4  -2.56478468750E-03
   1   2   4  -1.34982925000E-02
   2   2   4   1.01629093750E-03
   3   2   4   6.75445000000E-04
   4   2   4  -3.66988718750E-03
   1   3   4   1.29896437500E-03
   2   3   4   2.22756562500E-04
   3   3   4   6.75445000000E-04
   4   3   4  -2.56478468750E-03
   1   4   4   1.29896437500E-03
   2   4   4   1.01629093750E-03
   3   4   4   1.29896437500E-03
   4   4   4  -2.44301843750E-03
   1   2   1   1
   1   1   1  -1.73472347598E-18
   2   1   1  -4.33680868994E-19
   3   1   1   0.00000000000E+00
   4   1   1  -4.33680868994E-19
   1   2   1   0.00000000000E+00
   2   2   1   1.43853500000E-03
   3   2   1  -2.37070000000E-04
   4   2   1  -1.96261587500E-02
   1   3   1   0.00000000000E+00
   2   3   1  -2.37070000000E-04
   3   3   1   3.92901000000E-03
   4   3   1  -2.37070000000E-04
   1   4   1   0.00000000000E+00
   2   4   1  -1.96261587500E-02
   3   4   1  -2.37070000000E-04
   4   4   1   1.43853500000E-03
   1   1   2   1.96261587500E-02
   2   1   2   2.37070000000E-04
   3   1   2  -1.43853500000E-03
   4   1   2  -4.33680868994E-19
   1   2   2   2.37070000000E-04
   2   2   2   0.00000000000E+00
   3   2   2  -2.37070000000E-04
   4   2   2   0.00000000000E+00
   1   3   2  -1.43853500000E-03
   2   3   2  -2.37070000000E-04
   3   3   2  -1.24968625000E-03
   4   3   2   4.33680868994E-19
   1   4   2   0.00000000000E+00
   2   4   2   0.00000000000E+00
   3   4   2   0.00000000000E+00
   4   4   2   0.00000000000E+00
   1   1   3  -3.92901000000E-03
   2   1   3   2.37070000000E-04
   3   1   3   0.00000000000E+00
   4   1   3   2.37070000000E-04
   1   2   3   2.37070000000E-04
   2   2   3   1.43853500000E-03
   3   2   3   0.00000000000E+00
   4   2   3   1.24968625000E-03
   1   3   3   0.00000000000E+00
   2   3   3   4.33680868994E-19
   3   3   3   0.00000000000E+00
   4   3   3   4.33680868994E-19
   1   4   3   2.37070000000E-04
   2   4   3   1.24968625000E-03
   3   4   3   0.00000000000E+00
   4   4   3   1.43853500000E-03
   1   1   4   1.96261587500E-02
   2   1   4  -4.33680868994E-19
   3   1   4  -1.43853500000E-03
   4   1   4   2.37070000000E-04
   1   2   4   0.00000000000E+00
   2   2   4   0.00000000000E+00
   3   2   4   0.00000000000E+00
   4   2   4   0.00000000000E+00
   1   3   4  -1.43853500000E-03
   2   3   4   4.33680868994E-19
   3   3   4  -1.24968625000E-03
   4   3   4  -2.37070000000E-04
   1   4   4   2.37070000000E-04
   2   4   4   0.00000000000E+00
   3   4   4  -2.37070000000E-04
   4   4   4   0.00000000000E+00
   1   3   1   1
   1   1   1   4.33680868994E-19
   2   1   1   1.96261587500E-02
   3   1   1  -3.92901000000E-03
   4   1   1   1.96261587500E-02
   1   2   1   4.33680868994E-19
   2   2   1   2.37070000000E-04
   3   2   1   2.37070000000E-04
   4   2   1   4.33680868994E-19
   1   3   1   4.33680868994E-19
   2   3   1  -1.43853500000E-03
   3   3   1   0.00000000000E+00
   4   3   1  -1.43853500000E-03
   1   4   1   4.33680868994E-19
   2   4   1   4.33680868994E-19
   3   4   1   2.37070000000E-04
   4   4   1   2.37070000000E-04
   1   1   2   0.00000000000E+00
   2   1   2   2.37070000000E-04
   3   1   2   2.37070000000E-04
   4   1   2   4.33680868994E-19
   1   2   2   1.43853500000E-03
   2   2   2   0.00000000000E+00
   3   2   2   1.43853500000E-03
   4   2   2   0.00000000000E+00
   1   3   2  -2.37070000000E-04
   2   3   2  -2.37070000000E-04
   3   3   2   0.00000000000E+00
   4   3   2  -4.33680868994E-19
   1   4   2  -1.96261587500E-02
   2   4   2   0.00000000000E+00
   3   4   2   1.24968625000E-03
   4   4   2   0.00000000000E+00
   1   1   3   4.33680868994E-19
   2   1   3  -1.43853500000E-03
   3   1   3   0.00000000000E+00
   4   1   3  -1.43853500000E-03
   1   2   3  -2.37070000000E-04
   2   2   3  -2.37070000000E-04
   3   2   3   0.00000000000E+00
   4   2   3  -4.33680868994E-19
   1   3   3   3.92901000000E-03
   2   3   3  -1.24968625000E-03
   3   3   3   0.00000000000E+00
   4   3   3  -1.24968625000E-03
   1   4   3  -2.37070000000E-04
   2   4   3  -4.33680868994E-19
   3   4   3   0.00000000000E+00
   4   4   3  -2.37070000000E-04
   1   1   4   0.00000000000E+00
   2   1   4   4.33680868994E-19
   3   1   4   2.37070000000E-04
   4   1   4   2.37070000000E-04
   1   2   4  -1.96261587500E-02
   2   2   4   0.00000000000E+00
   3   2   4   1.24968625000E-03
   4   2   4   0.00000000000E+00
   1   3   4  -2.37070000000E-04
   2   3   4  -4.33680868994E-19
   3   3   4   0.00000000000E+00
   4   3   4  -2.37070000000E-04
   1   4   4   1.43853500000E-03
   2   4   4   0.00000000000E+00
   3   4   4   1.43853500000E-03
   4   4   4   0.00000000000E+00
   2   1   1   1
   1   1   1  -1.73472347598E-18
   2   1   1  -4.33680868994E-19
   3   1   1   0.00000000000E+00
   4   1   1  -4.33680868994E-19
   1   2   1   0.00000000000E+00
   2   2   1   1.43853500000E-03
   3   2   1  -2.37070000000E-04
   4   2   1  -1.96261587500E-02
   1   3   1   0.00000000000E+00
   2   3   1  -2.37070000000E-04
   3   3   1   3.92901000000E-03
   4   3   1  -2.37070000000E-04
   1   4   1   0.00000000000E+00
   2   4   1  -1.96261587500E-02
   3   4   1  -2.37070000000E-04
   4   4   1   1.43853500000E-03
   1   1   2   1.96261587500E-02
   2   1   2   2.37070000000E-04
   3   1   2  -1.43853500000E-03
   4   1   2  -4.33680868994E-19
   1   2   2   2.37070000000E-04
   2   2   2   0.00000000000E+00
   3   2   2  -2.37070000000E-04
   4   2   2   0.00000000000E+00
   1   3   2  -1.43853500000E-03
   2   3   2  -2.37070000000E-04
   3   3   2  -1.24968625000E-03
   4   3   2   4.33680868994E-19
   1   4   2   0.00000000000E+00
   2   4   2   0.00000000000E+00
   3   4   2   0.00000000000E+00
   4   4   2   0.00000000000E+00
   1   1   3  -3.92901000000E-03
   2   1   3   2.37070000000E-04
   3   1   3   0.00000000000E+00
   4   1   3   2.37070000000E-04
   1   2   3   2.37070000000E-04
   2   2   3   1.43853500000E-03
   3   2   3   0.00000000000E+00
   4   2   3   1.24968625000E-03
   1   3   3   0.00000000000E+00
   2   3   3   4.33680868994E-19
   3   3   3   0.00000000000E+00
   4   3   3   4.33680868994E-19
   1   4   3   2.37070000000E-04
   2   4   3   1.24968625000E-03
   3   4   3   0.00000000000E+00
   4   4   3   1.43853500000E-03
   1   1   4   1.96261587500E-02
   2   1   4  -4.33680868994E-19
   3   1   4  -1.43853500000E-03
   4   1   4   2.37070000000E-04
   1   2   4   0.00000000000E+00
   2   2   4   0.00000000000E+00
   3   2   4   0.00000000000E+00
   4   2   4   0.00000000000E+00
   1   3   4  -1.43853500000E-03
   2   3   4   4.33680868994E-19
   3   3   4  -1.24968625000E-03
   4   3   4  -2.37070000000E-04
   1   4   4   2.37070000000E-04
   2   4   4   0.00000000000E+00
   3   4   4  -2.37070000000E-04
   4   4   4   0.00000000000E+00
   2   2   1   1
   1   1   1   8.54022540625E-02
   2   1   1   8.56242156250E-03
   3   1   1  -2.80111218750E-03
   4   1   1   8.56242156250E-03
   1   2   1  -1.34982925000E-02
   2   2   1   1.29896437500E-03
   3   2   1   1.29896437500E-03
   4   2   1  -1.34982925000E-02
   1   3   1  -9.31290312500E-04
   2   3   1  -2.56478468750E-03
   3   3   1  -9.31290312500E-04
   4   3   1  -2.56478468750E-03
   1   4   1  -1.34982925000E-02
   2   4   1  -1.34982925000E-02
   3   4   1   1.29896437500E-03
   4   4   1   1.29896437500E-03
   1   1   2  -1.34982925000E-02
   2   1   2   1.29896437500E-03
   3   1   2   1.29896437500E-03
   4   1   2  -1.34982925000E-02
   1   2   2  -2.56478468750E-03
   2   2   2  -2.44301843750E-03
   3   2   2  -2.56478468750E-03
   4   2   2  -3.66988718750E-03
   1   3   2   1.29896437500E-03
   2   3   2   1.29896437500E-03
   3   3   2   6.75445000000E-04
   4   3   2   6.75445000000E-04
   1   4   2   8.56242156250E-03
   2   4   2   1.01629093750E-03
   3   4   2   2.22756562500E-04
   4   4   2   1.01629093750E-03
   1   1   3  -9.31290312500E-04
   2   1   3  -2.56478468750E-03
   3   1   3  -9.31290312500E-04
   4   1   3  -2.56478468750E-03
   1   2   3   1.29896437500E-03
   2   2   3   1.29896437500E-03
   3   2   3   6.75445000000E-04
   4   2   3   6.75445000000E-04
   1   3   3  -2.80111218750E-03
   2   3   3   2.22756562500E-04
   3   3   3   6.66544062500E-04
   4   3   3   2.22756562500E-04
   1   4   3   1.29896437500E-03
   2   4   3   6.75445000000E-04
   3   4   3   6.75445000000E-04
   4   4   3   1.29896437500E-03
   1   1   4  -1.34982925000E-02
   2   1   4  -1.34982925000E-02
   3   1   4   1.29896437500E-03
   4   1   4   1.29896437500E-03
   1   2   4   8.56242156250E-03
   2   2   4   1.01629093750E-03
   3   2   4   2.22756562500E-04
   4   2   4   1.01629093750E-03
   1   3   4   1.29896437500E-03
   2   3   4   6.75445000000E-04
   3   3   4   6.75445000000E-04
   4   3   4   1.29896437500E-03
   1   4   4  -2.56478468750E-03
   2   4   4  -3.66988718750E-03
   3   4   4  -2.56478468750E-03
   4   4   4  -2.44301843750E-03
   2   3   1   1
   1   1   1   4.33680868994E-19
   2   1   1   4.33680868994E-19
   3   1   1   0.00000000000E+00
   4   1   1   4.33680868994E-19
   1   2   1  -1.96261587500E-02
   2   2   1  -2.37070000000E-04
   3   2   1   1.43853500000E-03
   4   2   1   4.33680868994E-19
   1   3   1   3.92901000000E-03
   2   3   1  -2.37070000000E-04
   3   3   1   0.00000000000E+00
   4   3   1  -2.37070000000E-04
   1   4   1  -1.96261587500E-02
   2   4   1   4.33680868994E-19
   3   4   1   1.43853500000E-03
   4   4   1  -2.37070000000E-04
   1   1   2   0.00000000000E+00
   2   1   2  -1.43853500000E-03
   3   1   2   2.37070000000E-04
   4   1   2   1.96261587500E-02
   1   2   2  -2.37070000000E-04
   2   2   2   0.00000000000E+00
   3   2   2   2.37070000000E-04
   4   2   2   0.00000000000E+00
   1   3   2  -2.37070000000E-04
   2   3   2  -1.43853500000E-03
   3   3   2   0.00000000000E+00
   4   3   2  -1.24968625000E-03
   1   4   2   4.33680868994E-19
   2   4   2   0.00000000000E+00
   3   4   2   0.00000000000E+00
   4   4   2   0.00000000000E+00
   1   1   3   4.33680868994E-19
   2   1   3   2.37070000000E-04
   3   1   3  -3.92901000000E-03
   4   1   3   2.37070000000E-04
   1   2   3   1.43853500000E-03
   2   2   3   2.37070000000E-04
   3   2   3   1.24968625000E-03
   4   2   3  -4.33680868994E-19
   1   3   3   4.33680868994E-19
   2   3   3  -4.33680868994E-19
   3   3   3   0.00000000000E+00
   4   3   3  -4.33680868994E-19
   1   4   3   1.43853500000E-03
   2   4   3  -4.33680868994E-19
   3   4   3   1.24968625000E-03
   4   4   3   2.37070000000E-04
   1   1   4   0.00000000000E+00
   2   1   4   1.96261587500E-02
   3   1   4   2.37070000000E-04
   4   1   4  -1.43853500000E-03
   1   2   4   4.33680868994E-19
   2   2   4   0.00000000000E+00
   3   2   4   0.00000000000E+00
   4   2   4   0.00000000000E+00
   1   3   4  -2.37070000000E-04
   2   3   4  -1.24968625000E-03
   3   3   4   0.00000000000E+00
   4   3   4  -1.43853500000E-03
   1   4   4  -2.37070000000E-04
   2   4   4   0.00000000000E+00
   3   4   4   2.37070000000E-04
   4   4   4   0.00000000000E+00
   3   1   1   1
   1   1   1   4.33680868994E-19
   2   1   1   1.96261587500E-02
   3   1   1  -3.92901000000E-03
   4   1   1   1.96261587500E-02
   1   2   1   4.33680868994E-19
   2   2   1   2.37070000000E-04
   3   2   1   2.37070000000E-04
   4   2   1   4.33680868994E-19
   1   3   1   4.33680868994E-19
   2   3   1  -1.43853500000E-03
   3   3   1   0.00000000000E+00
   4   3   1  -1.43853500000E-03
   1   4   1   4.33680868994E-19
   2   4   1   4.33680868994E-19
   3   4   1   2.37070000000E-04
   4   4   1   2.37070000000E-04
   1   1   2   0.00000000000E+00
   2   1   2   2.37070000000E-04
   3   1   2   2.37070000000E-04
   4   1   2   4.33680868994E-19
   1   2   2   1.43853500000E-03
   2   2   2   0.00000000000E+00
   3   2   2   1.43853500000E-03
   4   2   2   0.00000000000E+00
   1   3   2  -2.37070000000E-04
   2   3   2  -2.37070000000E-04
   3   3   2   0.00000000000E+00
   4   3   2  -4.33680868994E-19
   1   4   2  -1.96261587500E-02
   2   4   2   0.00000000000E+00
   3   4   2   1.24968625000E-03
   4   4   2   0.00000000000E+00
   1   1   3   4.33680868994E-19
   2   1   3  -1.43853500000E-03
   3   1   3   0.00000000000E+00
   4   1   3  -1.43853500000E-03
   1   2   3  -2.37070000000E-04
   2   2   3  -2.37070000000E-04
   3   2   3   0.00000000000E+00
   4   2   3  -4.33680868994E-19
   1   3   3   3.92901000000E-03
   2   3   3  -1.24968625000E-03
   3   3   3   0.00000000000E+00
   4   3   3  -1.24968625000E-03
   1   4   3  -2.37070000000E-04
   2   4   3  -4.33680868994E-19
   3   4   3   0.00000000000E+00
   4   4   3  -2.37070000000E-04
   1   1   4   0.00000000000E+00
   2   1   4   4.33680868994E-19
   3   1   4   2.37070000000E-04
   4   1   4   2.37070000000E-04
   1   2   4  -1.96261587500E-02
   2   2   4   0.00000000000E+00
   3   2   4   1.24968625000E-03
   4   2   4   0.00000000000E+00
   1   3   4  -2.37070000000E-04
   2   3   4  -4.33680868994E-19
   3   3   4   0.00000000000E+00
   4   3   4  -2.37070000000E-04
   1   4   4   1.43853500000E-03
   2   4   4   0.00000000000E+00
   3   4   4   1.43853500000E-03
   4   4   4   0.00000000000E+00
   3   2   1   1
   1   1   1   4.33680868994E-19
   2   1   1   4.33680868994E-19
   3   1   1   0.00000000000E+00
   4   1   1   4.33680868994E-19
   1   2   1  -1.96261587500E-02
   2   2   1  -2.37070000000E-04
   3   2   1   1.43853500000E-03
   4   2   1   4.33680868994E-19
   1   3   1   3.92901000000E-03
   2   3   1  -2.37070000000E-04
   3   3   1   0.00000000000E+00
   4   3   1  -2.37070000000E-04
   1   4   1  -1.96261587500E-02
   2   4   1   4.33680868994E-19
   3   4   1   1.43853500000E-03
   4   4   1  -2.37070000000E-04
   1   1   2   0.00000000000E+00
   2   1   2  -1.43853500000E-03
   3   1   2   2.37070000000E-04
   4   1   2   1.96261587500E-02
   1   2   2  -2.37070000000E-04
   2   2   2   0.00000000000E+00
   3   2   2   2.37070000000E-04
   4   2   2   0.00000000000E+00
   1   3   2  -2.37070000000E-04
   2   3   2  -1.43853500000E-03
   3   3   2   0.00000000000E+00
   4   3   2  -1.24968625000E-03
   1   4   2   4.33680868994E-19
   2   4   2   0.00000000000E+00
   3   4   2   0.00000000000E+00
   4   4   2   0.00000000000E+00
   1   1   3   4.33680868994E-19
   2   1   3   2.37070000000E-04
   3   1   3  -3.92901000000E-03
   4   1   3   2.37070000000E-04
   1   2   3   1.43853500000E-03
   2   2   3   2.37070000000E-04
   3   2   3   1.24968625000E-03
   4   2   3  -4.33680868994E-19
   1   3   3   4.33680868994E-19
   2   3   3  -4.33680868994E-19
   3   3   3   0.00000000000E+00
   4   3   3  -4.33680868994E-19
   1   4   3   1.43853500000E-03
   2   4   3  -4.33680868994E-19
   3   4   3   1.24968625000E-03
   4   4   3   2.37070000000E-04
   1   1   4   0.00000000000E+00
   2   1   4   1.96261587500E-02
   3   1   4   2.37070000000E-04
   4   1   4  -1.43853500000E-03
   1   2   4   4.33680868994E-19
   2   2   4   0.00000000000E+00
   3   2   4   0.00000000000E+00
   4   2   4   0.00000000000E+00
   1   3   4  -2.37070000000E-04
   2   3   4  -1.24968625000E-03
   3   3   4   0.00000000000E+00
   4   3   4  -1.43853500000E-03
   1   4   4  -2.37070000000E-04
   2   4   4   0.00000000000E+00
   3   4   4   2.37070000000E-04
   4   4   4   0.00000000000E+00
   3   3   1   1
   1   1   1   8.54022540625E-02
   2   1   1  -1.34982925000E-02
   3   1   1  -9.31290312500E-04
   4   1   1  -1.34982925000E-02
   1   2   1  -1.34982925000E-02
   2   2   1  -2.56478468750E-03
   3   2   1   1.29896437500E-03
   4   2   1   8.56242156250E-03
   1   3   1  -9.31290312500E-04
   2   3   1   1.29896437500E-03
   3   3   1  -2.80111218750E-03
   4   3   1   1.29896437500E-03
   1   4   1  -1.34982925000E-02
   2   4   1   8.56242156250E-03
   3   4   1   1.29896437500E-03
   4   4   1  -2.56478468750E-03
   1   1   2   8.56242156250E-03
   2   1   2   1.29896437500E-03
   3   1   2  -2.56478468750E-03
   4   1   2  -1.34982925000E-02
   1   2   2   1.29896437500E-03
   2   2   2  -2.44301843750E-03
   3   2   2   1.29896437500E-03
   4   2   2   1.01629093750E-03
   1   3   2  -2.56478468750E-03
   2   3   2   1.29896437500E-03
   3   3   2   2.22756562500E-04
   4   3   2   6.75445000000E-04
   1   4   2  -1.34982925000E-02
   2   4   2   1.01629093750E-03
   3   4   2   6.75445000000E-04
   4   4   2  -3.66988718750E-03
   1   1   3  -2.80111218750E-03
   2   1   3   1.29896437500E-03
   3   1   3  -9.31290312500E-04
   4   1   3   1.29896437500E-03
   1   2   3   1.29896437500E-03
   2   2   3  -2.56478468750E-03
   3   2   3   6.75445000000E-04
   4   2   3   2.22756562500E-04
   1   3   3  -9.31290312500E-04
   2   3   3   6.75445000000E-04
   3   3   3   6.66544062500E-04
   4   3   3   6.75445000000E-04
   1   4   3   1.29896437500E-03
   2   4   3   2.22756562500E-04
   3   4   3   6.75445000000E-04
   4   4   3  -2.56478468750E-03
   1   1   4   8.56242156250E-03
   2   1   4  -1.34982925000E-02
   3   1   4  -2.56478468750E-03
   4   1   4   1.29896437500E-03
   1   2   4  -1.34982925000E-02
   2   2   4  -3.66988718750E-03
   3   2   4   6.75445000000E-04
   4   2   4   1.01629093750E-03
   1   3   4  -2.56478468750E-03
   2   3   4   6.75445000000E-04
   3   3   4   2.22756562500E-04
   4   3   4   1.29896437500E-03
   1   4   4   1.29896437500E-03
   2   4   4   1.01629093750E-03
   3   4   4   1.29896437500E-03
   4   4   4  -2.44301843750E-03
