  4.500000000000000E-002  0.615390715069446        2.65082696351927     
   4   4   4
   1   1   1   1
   1   1   1   8.53891196875E-02
   2   1   1  -1.31624834375E-02
   3   1   1  -1.00814031250E-03
   4   1   1  -1.31624834375E-02
   1   2   1   9.04974218750E-03
   2   2   1   1.06528531250E-03
   3   2   1  -2.55037281250E-03
   4   2   1  -1.31624834375E-02
   1   3   1  -2.16382531250E-03
   2   3   1   1.06528531250E-03
   3   3   1  -1.00814031250E-03
   4   3   1   1.06528531250E-03
   1   4   1   9.04974218750E-03
   2   4   1  -1.31624834375E-02
   3   4   1  -2.55037281250E-03
   4   4   1   1.06528531250E-03
   1   1   2  -1.31624834375E-02
   2   1   2  -2.55037281250E-03
   3   1   2   1.06528531250E-03
   4   1   2   9.04974218750E-03
   1   2   2   1.06528531250E-03
   2   2   2  -2.61262531250E-03
   3   2   2   1.06528531250E-03
   4   2   2   9.10999687500E-04
   1   3   2   1.06528531250E-03
   2   3   2  -2.55037281250E-03
   3   3   2   7.80436562500E-04
   4   3   2  -8.62031250000E-06
   1   4   2  -1.31624834375E-02
   2   4   2  -3.42708781250E-03
   3   4   2   7.80436562500E-04
   4   4   2   9.10999687500E-04
   1   1   3  -1.00814031250E-03
   2   1   3   1.06528531250E-03
   3   1   3  -2.16382531250E-03
   4   1   3   1.06528531250E-03
   1   2   3  -2.55037281250E-03
   2   2   3   1.06528531250E-03
   3   2   3  -8.62031250000E-06
   4   2   3   7.80436562500E-04
   1   3   3  -1.00814031250E-03
   2   3   3   7.80436562500E-04
   3   3   3  -8.11453125000E-05
   4   3   3   7.80436562500E-04
   1   4   3  -2.55037281250E-03
   2   4   3   7.80436562500E-04
   3   4   3  -8.62031250000E-06
   4   4   3   1.06528531250E-03
   1   1   4  -1.31624834375E-02
   2   1   4   9.04974218750E-03
   3   1   4   1.06528531250E-03
   4   1   4  -2.55037281250E-03
   1   2   4  -1.31624834375E-02
   2   2   4   9.10999687500E-04
   3   2   4   7.80436562500E-04
   4   2   4  -3.42708781250E-03
   1   3   4   1.06528531250E-03
   2   3   4  -8.62031250000E-06
   3   3   4   7.80436562500E-04
   4   3   4  -2.55037281250E-03
   1   4   4   1.06528531250E-03
   2   4   4   9.10999687500E-04
   3   4   4   1.06528531250E-03
   4   4   4  -2.61262531250E-03
   1   2   1   1
   1   1   1   8.67361737988E-19
   2   1   1   0.00000000000E+00
   3   1   1   0.00000000000E+00
   4   1   1   0.00000000000E+00
   1   2   1   0.00000000000E+00
   2   2   1   1.22185875000E-03
   3   2   1  -4.14978125000E-04
   4   2   1  -1.95619418750E-02
   1   3   1   0.00000000000E+00
   2   3   1  -4.14978125000E-04
   3   3   1   3.50772125000E-03
   4   3   1  -4.14978125000E-04
   1   4   1   0.00000000000E+00
   2   4   1  -1.95619418750E-02
   3   4   1  -4.14978125000E-04
   4   4   1   1.22185875000E-03
   1   1   2   1.95619418750E-02
   2   1   2   4.14978125000E-04
   3   1   2  -1.22185875000E-03
   4   1   2   0.00000000000E+00
   1   2   2   4.14978125000E-04
   2   2   2   0.00000000000E+00
   3   2   2  -4.14978125000E-04
   4   2   2   0.00000000000E+00
   1   3   2  -1.22185875000E-03
   2   3   2  -4.14978125000E-04
   3   3   2  -1.62162187500E-03
   4   3   2   0.00000000000E+00
   1   4   2   0.00000000000E+00
   2   4   2   0.00000000000E+00
   3   4   2   0.00000000000E+00
   4   4   2   0.00000000000E+00
   1   1   3  -3.50772125000E-03
   2   1   3   4.14978125000E-04
   3   1   3   0.00000000000E+00
   4   1   3   4.14978125000E-04
   1   2   3   4.14978125000E-04
   2   2   3   1.22185875000E-03
   3   2   3   0.00000000000E+00
   4   2   3   1.62162187500E-03
   1   3   3   0.00000000000E+00
   2   3   3   0.00000000000E+00
   3   3   3   0.00000000000E+00
   4   3   3   0.00000000000E+00
   1   4   3   4.14978125000E-04
   2   4   3   1.62162187500E-03
   3   4   3   0.00000000000E+00
   4   4   3   1.22185875000E-03
   1   1   4   1.95619418750E-02
   2   1   4   0.00000000000E+00
   3   1   4  -1.22185875000E-03
   4   1   4   4.14978125000E-04
   1   2   4   0.00000000000E+00
   2   2   4   0.00000000000E+00
   3   2   4   0.00000000000E+00
   4   2   4   0.00000000000E+00
   1   3   4  -1.22185875000E-03
   2   3   4   0.00000000000E+00
   3   3   4  -1.62162187500E-03
   4   3   4  -4.14978125000E-04
   1   4   4   4.14978125000E-04
   2   4   4   0.00000000000E+00
   3   4   4  -4.14978125000E-04
   4   4   4   0.00000000000E+00
   1   3   1   1
   1   1   1  -8.67361737988E-19
   2   1   1   1.95619418750E-02
   3   1   1  -3.50772125000E-03
   4   1   1   1.95619418750E-02
   1   2   1   0.00000000000E+00
   2   2   1   4.14978125000E-04
   3   2   1   4.14978125000E-04
   4   2   1   0.00000000000E+00
   1   3   1   0.00000000000E+00
   2   3   1  -1.22185875000E-03
   3   3   1   0.00000000000E+00
   4   3   1  -1.22185875000E-03
   1   4   1   0.00000000000E+00
   2   4   1   0.00000000000E+00
   3   4   1   4.14978125000E-04
   4   4   1   4.14978125000E-04
   1   1   2   0.00000000000E+00
   2   1   2   4.14978125000E-04
   3   1   2   4.14978125000E-04
   4   1   2   0.00000000000E+00
   1   2   2   1.22185875000E-03
   2   2   2   0.00000000000E+00
   3   2   2   1.22185875000E-03
   4   2   2   0.00000000000E+00
   1   3   2  -4.14978125000E-04
   2   3   2  -4.14978125000E-04
   3   3   2   0.00000000000E+00
   4   3   2   0.00000000000E+00
   1   4   2  -1.95619418750E-02
   2   4   2   0.00000000000E+00
   3   4   2   1.62162187500E-03
   4   4   2   0.00000000000E+00
   1   1   3   0.00000000000E+00
   2   1   3  -1.22185875000E-03
   3   1   3   0.00000000000E+00
   4   1   3  -1.22185875000E-03
   1   2   3  -4.14978125000E-04
   2   2   3  -4.14978125000E-04
   3   2   3   0.00000000000E+00
   4   2   3   0.00000000000E+00
   1   3   3   3.50772125000E-03
   2   3   3  -1.62162187500E-03
   3   3   3   0.00000000000E+00
   4   3   3  -1.62162187500E-03
   1   4   3  -4.14978125000E-04
   2   4   3   0.00000000000E+00
   3   4   3   0.00000000000E+00
   4   4   3  -4.14978125000E-04
   1   1   4   0.00000000000E+00
   2   1   4   0.00000000000E+00
   3   1   4   4.14978125000E-04
   4   1   4   4.14978125000E-04
   1   2   4  -1.95619418750E-02
   2   2   4   0.00000000000E+00
   3   2   4   1.62162187500E-03
   4   2   4   0.00000000000E+00
   1   3   4  -4.14978125000E-04
   2   3   4   0.00000000000E+00
   3   3   4   0.00000000000E+00
   4   3   4  -4.14978125000E-04
   1   4   4   1.22185875000E-03
   2   4   4   0.00000000000E+00
   3   4   4   1.22185875000E-03
   4   4   4   0.00000000000E+00
   2   1   1   1
   1   1   1   8.67361737988E-19
   2   1   1   0.00000000000E+00
   3   1   1   0.00000000000E+00
   4   1   1   0.00000000000E+00
   1   2   1   0.00000000000E+00
   2   2   1   1.22185875000E-03
   3   2   1  -4.14978125000E-04
   4   2   1  -1.95619418750E-02
   1   3   1   0.00000000000E+00
   2   3   1  -4.14978125000E-04
   3   3   1   3.50772125000E-03
   4   3   1  -4.14978125000E-04
   1   4   1   0.00000000000E+00
   2   4   1  -1.95619418750E-02
   3   4   1  -4.14978125000E-04
   4   4   1   1.22185875000E-03
   1   1   2   1.95619418750E-02
   2   1   2   4.14978125000E-04
   3   1   2  -1.22185875000E-03
   4   1   2   0.00000000000E+00
   1   2   2   4.14978125000E-04
   2   2   2   0.00000000000E+00
   3   2   2  -4.14978125000E-04
   4   2   2   0.00000000000E+00
   1   3   2  -1.22185875000E-03
   2   3   2  -4.14978125000E-04
   3   3   2  -1.62162187500E-03
   4   3   2   0.00000000000E+00
   1   4   2   0.00000000000E+00
   2   4   2   0.00000000000E+00
   3   4   2   0.00000000000E+00
   4   4   2   0.00000000000E+00
   1   1   3  -3.50772125000E-03
   2   1   3   4.14978125000E-04
   3   1   3   0.00000000000E+00
   4   1   3   4.14978125000E-04
   1   2   3   4.14978125000E-04
   2   2   3   1.22185875000E-03
   3   2   3   0.00000000000E+00
   4   2   3   1.62162187500E-03
   1   3   3   0.00000000000E+00
   2   3   3   0.00000000000E+00
   3   3   3   0.00000000000E+00
   4   3   3   0.00000000000E+00
   1   4   3   4.14978125000E-04
   2   4   3   1.62162187500E-03
   3   4   3   0.00000000000E+00
   4   4   3   1.22185875000E-03
   1   1   4   1.95619418750E-02
   2   1   4   0.00000000000E+00
   3   1   4  -1.22185875000E-03
   4   1   4   4.14978125000E-04
   1   2   4   0.00000000000E+00
   2   2   4   0.00000000000E+00
   3   2   4   0.00000000000E+00
   4   2   4   0.00000000000E+00
   1   3   4  -1.22185875000E-03
   2   3   4   0.00000000000E+00
   3   3   4  -1.62162187500E-03
   4   3   4  -4.14978125000E-04
   1   4   4   4.14978125000E-04
   2   4   4   0.00000000000E+00
   3   4   4  -4.14978125000E-04
   4   4   4   0.00000000000E+00
   2   2   1   1
   1   1   1   8.53891196875E-02
   2   1   1   9.04974218750E-03
   3   1   1  -2.16382531250E-03
   4   1   1   9.04974218750E-03
   1   2   1  -1.31624834375E-02
   2   2   1   1.06528531250E-03
   3   2   1   1.06528531250E-03
   4   2   1  -1.31624834375E-02
   1   3   1  -1.00814031250E-03
   2   3   1  -2.55037281250E-03
   3   3   1  -1.00814031250E-03
   4   3   1  -2.55037281250E-03
   1   4   1  -1.31624834375E-02
   2   4   1  -1.31624834375E-02
   3   4   1   1.06528531250E-03
   4   4   1   1.06528531250E-03
   1   1   2  -1.31624834375E-02
   2   1   2   1.06528531250E-03
   3   1   2   1.06528531250E-03
   4   1   2  -1.31624834375E-02
   1   2   2  -2.55037281250E-03
   2   2   2  -2.61262531250E-03
   3   2   2  -2.55037281250E-03
   4   2   2  -3.42708781250E-03
   1   3   2   1.06528531250E-03
   2   3   2   1.06528531250E-03
   3   3   2   7.80436562500E-04
   4   3   2   7.80436562500E-04
   1   4   2   9.04974218750E-03
   2   4   2   9.10999687500E-04
   3   4   2  -8.62031250000E-06
   4   4   2   9.10999687500E-04
   1   1   3  -1.00814031250E-03
   2   1   3  -2.55037281250E-03
   3   1   3  -1.00814031250E-03
   4   1   3  -2.55037281250E-03
   1   2   3   1.06528531250E-03
   2   2   3   1.06528531250E-03
   3   2   3   7.80436562500E-04
   4   2   3   7.80436562500E-04
   1   3   3  -2.16382531250E-03
   2   3   3  -8.62031250000E-06
   3   3   3  -8.11453125000E-05
   4   3   3  -8.62031250000E-06
   1   4   3   1.06528531250E-03
   2   4   3   7.80436562500E-04
   3   4   3   7.80436562500E-04
   4   4   3   1.06528531250E-03
   1   1   4  -1.31624834375E-02
   2   1   4  -1.31624834375E-02
   3   1   4   1.06528531250E-03
   4   1   4   1.06528531250E-03
   1   2   4   9.04974218750E-03
   2   2   4   9.10999687500E-04
   3   2   4  -8.62031250000E-06
   4   2   4   9.10999687500E-04
   1   3   4   1.06528531250E-03
   2   3   4   7.80436562500E-04
   3   3   4   7.80436562500E-04
   4   3   4   1.06528531250E-03
   1   4   4  -2.55037281250E-03
   2   4   4  -3.42708781250E-03
   3   4   4  -2.55037281250E-03
   4   4   4  -2.61262531250E-03
   2   3   1   1
   1   1   1  -8.67361737988E-19
   2   1   1   0.00000000000E+00
   3   1   1   0.00000000000E+00
   4   1   1   0.00000000000E+00
   1   2   1  -1.95619418750E-02
   2   2   1  -4.14978125000E-04
   3   2   1   1.22185875000E-03
   4   2   1   0.00000000000E+00
   1   3   1   3.50772125000E-03
   2   3   1  -4.14978125000E-04
   3   3   1   0.00000000000E+00
   4   3   1  -4.14978125000E-04
   1   4   1  -1.95619418750E-02
   2   4   1   0.00000000000E+00
   3   4   1   1.22185875000E-03
   4   4   1  -4.14978125000E-04
   1   1   2   0.00000000000E+00
   2   1   2  -1.22185875000E-03
   3   1   2   4.14978125000E-04
   4   1   2   1.95619418750E-02
   1   2   2  -4.14978125000E-04
   2   2   2   0.00000000000E+00
   3   2   2   4.14978125000E-04
   4   2   2   0.00000000000E+00
   1   3   2  -4.14978125000E-04
   2   3   2  -1.22185875000E-03
   3   3   2   0.00000000000E+00
   4   3   2  -1.62162187500E-03
   1   4   2   0.00000000000E+00
   2   4   2   0.00000000000E+00
   3   4   2   0.00000000000E+00
   4   4   2   0.00000000000E+00
   1   1   3   0.00000000000E+00
   2   1   3   4.14978125000E-04
   3   1   3  -3.50772125000E-03
   4   1   3   4.14978125000E-04
   1   2   3   1.22185875000E-03
   2   2   3   4.14978125000E-04
   3   2   3   1.62162187500E-03
   4   2   3   0.00000000000E+00
   1   3   3   0.00000000000E+00
   2   3   3   0.00000000000E+00
   3   3   3   0.00000000000E+00
   4   3   3   0.00000000000E+00
   1   4   3   1.22185875000E-03
   2   4   3   0.00000000000E+00
   3   4   3   1.62162187500E-03
   4   4   3   4.14978125000E-04
   1   1   4   0.00000000000E+00
   2   1   4   1.95619418750E-02
   3   1   4   4.14978125000E-04
   4   1   4  -1.22185875000E-03
   1   2   4   0.00000000000E+00
   2   2   4   0.00000000000E+00
   3   2   4   0.00000000000E+00
   4   2   4   0.00000000000E+00
   1   3   4  -4.14978125000E-04
   2   3   4  -1.62162187500E-03
   3   3   4   0.00000000000E+00
   4   3   4  -1.22185875000E-03
   1   4   4  -4.14978125000E-04
   2   4   4   0.00000000000E+00
   3   4   4   4.14978125000E-04
   4   4   4   0.00000000000E+00
   3   1   1   1
   1   1   1  -8.67361737988E-19
   2   1   1   1.95619418750E-02
   3   1   1  -3.50772125000E-03
   4   1   1   1.95619418750E-02
   1   2   1   0.00000000000E+00
   2   2   1   4.14978125000E-04
   3   2   1   4.14978125000E-04
   4   2   1   0.00000000000E+00
   1   3   1   0.00000000000E+00
   2   3   1  -1.22185875000E-03
   3   3   1   0.00000000000E+00
   4   3   1  -1.22185875000E-03
   1   4   1   0.00000000000E+00
   2   4   1   0.00000000000E+00
   3   4   1   4.14978125000E-04
   4   4   1   4.14978125000E-04
   1   1   2   0.00000000000E+00
   2   1   2   4.14978125000E-04
   3   1   2   4.14978125000E-04
   4   1   2   0.00000000000E+00
   1   2   2   1.22185875000E-03
   2   2   2   0.00000000000E+00
   3   2   2   1.22185875000E-03
   4   2   2   0.00000000000E+00
   1   3   2  -4.14978125000E-04
   2   3   2  -4.14978125000E-04
   3   3   2   0.00000000000E+00
   4   3   2   0.00000000000E+00
   1   4   2  -1.95619418750E-02
   2   4   2   0.00000000000E+00
   3   4   2   1.62162187500E-03
   4   4   2   0.00000000000E+00
   1   1   3   0.00000000000E+00
   2   1   3  -1.22185875000E-03
   3   1   3   0.00000000000E+00
   4   1   3  -1.22185875000E-03
   1   2   3  -4.14978125000E-04
   2   2   3  -4.14978125000E-04
   3   2   3   0.00000000000E+00
   4   2   3   0.00000000000E+00
   1   3   3   3.50772125000E-03
   2   3   3  -1.62162187500E-03
   3   3   3   0.00000000000E+00
   4   3   3  -1.62162187500E-03
   1   4   3  -4.14978125000E-04
   2   4   3   0.00000000000E+00
   3   4   3   0.00000000000E+00
   4   4   3  -4.14978125000E-04
   1   1   4   0.00000000000E+00
   2   1   4   0.00000000000E+00
   3   1   4   4.14978125000E-04
   4   1   4   4.14978125000E-04
   1   2   4  -1.95619418750E-02
   2   2   4   0.00000000000E+00
   3   2   4   1.62162187500E-03
   4   2   4   0.00000000000E+00
   1   3   4  -4.14978125000E-04
   2   3   4   0.00000000000E+00
   3   3   4   0.00000000000E+00
   4   3   4  -4.14978125000E-04
   1   4   4   1.22185875000E-03
   2   4   4   0.00000000000E+00
   3   4   4   1.22185875000E-03
   4   4   4   0.00000000000E+00
   3   2   1   1
   1   1   1  -8.67361737988E-19
   2   1   1   0.00000000000E+00
   3   1   1   0.00000000000E+00
   4   1   1   0.00000000000E+00
   1   2   1  -1.95619418750E-02
   2   2   1  -4.14978125000E-04
   3   2   1   1.22185875000E-03
   4   2   1   0.00000000000E+00
   1   3   1   3.50772125000E-03
   2   3   1  -4.14978125000E-04
   3   3   1   0.00000000000E+00
   4   3   1  -4.14978125000E-04
   1   4   1  -1.95619418750E-02
   2   4   1   0.00000000000E+00
   3   4   1   1.22185875000E-03
   4   4   1  -4.14978125000E-04
   1   1   2   0.00000000000E+00
   2   1   2  -1.22185875000E-03
   3   1   2   4.14978125000E-04
   4   1   2   1.95619418750E-02
   1   2   2  -4.14978125000E-04
   2   2   2   0.00000000000E+00
   3   2   2   4.14978125000E-04
   4   2   2   0.00000000000E+00
   1   3   2  -4.14978125000E-04
   2   3   2  -1.22185875000E-03
   3   3   2   0.00000000000E+00
   4   3   2  -1.62162187500E-03
   1   4   2   0.00000000000E+00
   2   4   2   0.00000000000E+00
   3   4   2   0.00000000000E+00
   4   4   2   0.00000000000E+00
   1   1   3   0.00000000000E+00
   2   1   3   4.14978125000E-04
   3   1   3  -3.50772125000E-03
   4   1   3   4.14978125000E-04
   1   2   3   1.22185875000E-03
   2   2   3   4.14978125000E-04
   3   2   3   1.62162187500E-03
   4   2   3   0.00000000000E+00
   1   3   3   0.00000000000E+00
   2   3   3   0.00000000000E+00
   3   3   3   0.00000000000E+00
   4   3   3   0.00000000000E+00
   1   4   3   1.22185875000E-03
   2   4   3   0.00000000000E+00
   3   4   3   1.62162187500E-03
   4   4   3   4.14978125000E-04
   1   1   4   0.00000000000E+00
   2   1   4   1.95619418750E-02
   3   1   4   4.14978125000E-04
   4   1   4  -1.22185875000E-03
   1   2   4   0.00000000000E+00
   2   2   4   0.00000000000E+00
   3   2   4   0.00000000000E+00
   4   2   4   0.00000000000E+00
   1   3   4  -4.14978125000E-04
   2   3   4  -1.62162187500E-03
   3   3   4   0.00000000000E+00
   4   3   4  -1.22185875000E-03
   1   4   4  -4.14978125000E-04
   2   4   4   0.00000000000E+00
   3   4   4   4.14978125000E-04
   4   4   4   0.00000000000E+00
   3   3   1   1
   1   1   1   8.53891196875E-02
   2   1   1  -1.31624834375E-02
   3   1   1  -1.00814031250E-03
   4   1   1  -1.31624834375E-02
   1   2   1  -1.31624834375E-02
   2   2   1  -2.55037281250E-03
   3   2   1   1.06528531250E-03
   4   2   1   9.04974218750E-03
   1   3   1  -1.00814031250E-03
   2   3   1   1.06528531250E-03
   3   3   1  -2.16382531250E-03
   4   3   1   1.06528531250E-03
   1   4   1  -1.31624834375E-02
   2   4   1   9.04974218750E-03
   3   4   1   1.06528531250E-03
   4   4   1  -2.55037281250E-03
   1   1   2   9.04974218750E-03
   2   1   2   1.06528531250E-03
   3   1   2  -2.55037281250E-03
   4   1   2  -1.31624834375E-02
   1   2   2   1.06528531250E-03
   2   2   2  -2.61262531250E-03
   3   2   2   1.06528531250E-03
   4   2   2   9.10999687500E-04
   1   3   2  -2.55037281250E-03
   2   3   2   1.06528531250E-03
   3   3   2  -8.62031250000E-06
   4   3   2   7.80436562500E-04
   1   4   2  -1.31624834375E-02
   2   4   2   9.10999687500E-04
   3   4   2   7.80436562500E-04
   4   4   2  -3.42708781250E-03
   1   1   3  -2.16382531250E-03
   2   1   3   1.06528531250E-03
   3   1   3  -1.00814031250E-03
   4   1   3   1.06528531250E-03
   1   2   3   1.06528531250E-03
   2   2   3  -2.55037281250E-03
   3   2   3   7.80436562500E-04
   4   2   3  -8.62031250000E-06
   1   3   3  -1.00814031250E-03
   2   3   3   7.80436562500E-04
   3   3   3  -8.11453125000E-05
   4   3   3   7.80436562500E-04
   1   4   3   1.06528531250E-03
   2   4   3  -8.62031250000E-06
   3   4   3   7.80436562500E-04
   4   4   3  -2.55037281250E-03
   1   1   4   9.04974218750E-03
   2   1   4  -1.31624834375E-02
   3   1   4  -2.55037281250E-03
   4   1   4   1.06528531250E-03
   1   2   4  -1.31624834375E-02
   2   2   4  -3.42708781250E-03
   3   2   4   7.80436562500E-04
   4   2   4   9.10999687500E-04
   1   3   4  -2.55037281250E-03
   2   3   4   7.80436562500E-04
   3   3   4  -8.62031250000E-06
   4   3   4   1.06528531250E-03
   1   4   4   1.06528531250E-03
   2   4   4   9.10999687500E-04
   3   4   4   1.06528531250E-03
   4   4   4  -2.61262531250E-03
