  5.000000000000000E-003  0.615451160909904        2.51816144520724     
   4   4   4
   1   1   1   1
   1   1   1   9.78844800000E-02
   2   1   1  -1.42562512500E-02
   3   1   1  -4.44487375000E-03
   4   1   1  -1.42562512500E-02
   1   2   1   4.29905312500E-03
   2   2   1   4.46601875000E-03
   3   2   1  -5.85123937500E-03
   4   2   1  -1.42562512500E-02
   1   3   1  -1.42944000000E-02
   2   3   1   4.46601875000E-03
   3   3   1  -4.44487375000E-03
   4   3   1   4.46601875000E-03
   1   4   1   4.29905312500E-03
   2   4   1  -1.42562512500E-02
   3   4   1  -5.85123937500E-03
   4   4   1   4.46601875000E-03
   1   1   2  -1.42562512500E-02
   2   1   2  -5.85123937500E-03
   3   1   2   4.46601875000E-03
   4   1   2   4.29905312500E-03
   1   2   2   4.46601875000E-03
   2   2   2   1.16002131250E-02
   3   2   2   4.46601875000E-03
   4   2   2   3.96756062500E-03
   1   3   2   4.46601875000E-03
   2   3   2  -5.85123937500E-03
   3   3   2  -5.61792500000E-04
   4   3   2  -3.00579312500E-03
   1   4   2  -1.42562512500E-02
   2   4   2  -4.30364312500E-03
   3   4   2  -5.61792500000E-04
   4   4   2   3.96756062500E-03
   1   1   3  -4.44487375000E-03
   2   1   3   4.46601875000E-03
   3   1   3  -1.42944000000E-02
   4   1   3   4.46601875000E-03
   1   2   3  -5.85123937500E-03
   2   2   3   4.46601875000E-03
   3   2   3  -3.00579312500E-03
   4   2   3  -5.61792500000E-04
   1   3   3  -4.44487375000E-03
   2   3   3  -5.61792500000E-04
   3   3   3   6.74535750000E-03
   4   3   3  -5.61792500000E-04
   1   4   3  -5.85123937500E-03
   2   4   3  -5.61792500000E-04
   3   4   3  -3.00579312500E-03
   4   4   3   4.46601875000E-03
   1   1   4  -1.42562512500E-02
   2   1   4   4.29905312500E-03
   3   1   4   4.46601875000E-03
   4   1   4  -5.85123937500E-03
   1   2   4  -1.42562512500E-02
   2   2   4   3.96756062500E-03
   3   2   4  -5.61792500000E-04
   4   2   4  -4.30364312500E-03
   1   3   4   4.46601875000E-03
   2   3   4  -3.00579312500E-03
   3   3   4  -5.61792500000E-04
   4   3   4  -5.85123937500E-03
   1   4   4   4.46601875000E-03
   2   4   4   3.96756062500E-03
   3   4   4   4.46601875000E-03
   4   4   4   1.16002131250E-02
   1   2   1   1
   1   1   1   8.67361737988E-19
   2   1   1   0.00000000000E+00
   3   1   1   0.00000000000E+00
   4   1   1   0.00000000000E+00
   1   2   1   0.00000000000E+00
   2   2   1   9.35802812500E-03
   3   2   1   1.85518750000E-05
   4   2   1  -2.36832625000E-02
   1   3   1   0.00000000000E+00
   2   3   1   1.85518750000E-05
   3   3   1   4.00167125000E-03
   4   3   1   1.85518750000E-05
   1   4   1   0.00000000000E+00
   2   4   1  -2.36832625000E-02
   3   4   1   1.85518750000E-05
   4   4   1   9.35802812500E-03
   1   1   2   2.36832625000E-02
   2   1   2  -1.85518750000E-05
   3   1   2  -9.35802812500E-03
   4   1   2   0.00000000000E+00
   1   2   2  -1.85518750000E-05
   2   2   2   0.00000000000E+00
   3   2   2   1.85518750000E-05
   4   2   2   0.00000000000E+00
   1   3   2  -9.35802812500E-03
   2   3   2   1.85518750000E-05
   3   3   2  -2.35859625000E-03
   4   3   2   0.00000000000E+00
   1   4   2   0.00000000000E+00
   2   4   2   0.00000000000E+00
   3   4   2   0.00000000000E+00
   4   4   2   0.00000000000E+00
   1   1   3  -4.00167125000E-03
   2   1   3  -1.85518750000E-05
   3   1   3   0.00000000000E+00
   4   1   3  -1.85518750000E-05
   1   2   3  -1.85518750000E-05
   2   2   3   9.35802812500E-03
   3   2   3   0.00000000000E+00
   4   2   3   2.35859625000E-03
   1   3   3   0.00000000000E+00
   2   3   3   0.00000000000E+00
   3   3   3   0.00000000000E+00
   4   3   3   0.00000000000E+00
   1   4   3  -1.85518750000E-05
   2   4   3   2.35859625000E-03
   3   4   3   0.00000000000E+00
   4   4   3   9.35802812500E-03
   1   1   4   2.36832625000E-02
   2   1   4   0.00000000000E+00
   3   1   4  -9.35802812500E-03
   4   1   4  -1.85518750000E-05
   1   2   4   0.00000000000E+00
   2   2   4   0.00000000000E+00
   3   2   4   0.00000000000E+00
   4   2   4   0.00000000000E+00
   1   3   4  -9.35802812500E-03
   2   3   4   0.00000000000E+00
   3   3   4  -2.35859625000E-03
   4   3   4   1.85518750000E-05
   1   4   4  -1.85518750000E-05
   2   4   4   0.00000000000E+00
   3   4   4   1.85518750000E-05
   4   4   4   0.00000000000E+00
   1   3   1   1
   1   1   1  -8.67361737988E-19
   2   1   1   2.36832625000E-02
   3   1   1  -4.00167125000E-03
   4   1   1   2.36832625000E-02
   1   2   1   0.00000000000E+00
   2   2   1  -1.85518750000E-05
   3   2   1  -1.85518750000E-05
   4   2   1   0.00000000000E+00
   1   3   1   0.00000000000E+00
   2   3   1  -9.35802812500E-03
   3   3   1   0.00000000000E+00
   4   3   1  -9.35802812500E-03
   1   4   1   0.00000000000E+00
   2   4   1   0.00000000000E+00
   3   4   1  -1.85518750000E-05
   4   4   1  -1.85518750000E-05
   1   1   2   0.00000000000E+00
   2   1   2  -1.85518750000E-05
   3   1   2  -1.85518750000E-05
   4   1   2   0.00000000000E+00
   1   2   2   9.35802812500E-03
   2   2   2   0.00000000000E+00
   3   2   2   9.35802812500E-03
   4   2   2   0.00000000000E+00
   1   3   2   1.85518750000E-05
   2   3   2   1.85518750000E-05
   3   3   2   0.00000000000E+00
   4   3   2   0.00000000000E+00
   1   4   2  -2.36832625000E-02
   2   4   2   0.00000000000E+00
   3   4   2   2.35859625000E-03
   4   4   2   0.00000000000E+00
   1   1   3   0.00000000000E+00
   2   1   3  -9.35802812500E-03
   3   1   3   0.00000000000E+00
   4   1   3  -9.35802812500E-03
   1   2   3   1.85518750000E-05
   2   2   3   1.85518750000E-05
   3   2   3   0.00000000000E+00
   4   2   3   0.00000000000E+00
   1   3   3   4.00167125000E-03
   2   3   3  -2.35859625000E-03
   3   3   3   0.00000000000E+00
   4   3   3  -2.35859625000E-03
   1   4   3   1.85518750000E-05
   2   4   3   0.00000000000E+00
   3   4   3   0.00000000000E+00
   4   4   3   1.85518750000E-05
   1   1   4   0.00000000000E+00
   2   1   4   0.00000000000E+00
   3   1   4  -1.85518750000E-05
   4   1   4  -1.85518750000E-05
   1   2   4  -2.36832625000E-02
   2   2   4   0.00000000000E+00
   3   2   4   2.35859625000E-03
   4   2   4   0.00000000000E+00
   1   3   4   1.85518750000E-05
   2   3   4   0.00000000000E+00
   3   3   4   0.00000000000E+00
   4   3   4   1.85518750000E-05
   1   4   4   9.35802812500E-03
   2   4   4   0.00000000000E+00
   3   4   4   9.35802812500E-03
   4   4   4   0.00000000000E+00
   2   1   1   1
   1   1   1   8.67361737988E-19
   2   1   1   0.00000000000E+00
   3   1   1   0.00000000000E+00
   4   1   1   0.00000000000E+00
   1   2   1   0.00000000000E+00
   2   2   1   9.35802812500E-03
   3   2   1   1.85518750000E-05
   4   2   1  -2.36832625000E-02
   1   3   1   0.00000000000E+00
   2   3   1   1.85518750000E-05
   3   3   1   4.00167125000E-03
   4   3   1   1.85518750000E-05
   1   4   1   0.00000000000E+00
   2   4   1  -2.36832625000E-02
   3   4   1   1.85518750000E-05
   4   4   1   9.35802812500E-03
   1   1   2   2.36832625000E-02
   2   1   2  -1.85518750000E-05
   3   1   2  -9.35802812500E-03
   4   1   2   0.00000000000E+00
   1   2   2  -1.85518750000E-05
   2   2   2   0.00000000000E+00
   3   2   2   1.85518750000E-05
   4   2   2   0.00000000000E+00
   1   3   2  -9.35802812500E-03
   2   3   2   1.85518750000E-05
   3   3   2  -2.35859625000E-03
   4   3   2   0.00000000000E+00
   1   4   2   0.00000000000E+00
   2   4   2   0.00000000000E+00
   3   4   2   0.00000000000E+00
   4   4   2   0.00000000000E+00
   1   1   3  -4.00167125000E-03
   2   1   3  -1.85518750000E-05
   3   1   3   0.00000000000E+00
   4   1   3  -1.85518750000E-05
   1   2   3  -1.85518750000E-05
   2   2   3   9.35802812500E-03
   3   2   3   0.00000000000E+00
   4   2   3   2.35859625000E-03
   1   3   3   0.00000000000E+00
   2   3   3   0.00000000000E+00
   3   3   3   0.00000000000E+00
   4   3   3   0.00000000000E+00
   1   4   3  -1.85518750000E-05
   2   4   3   2.35859625000E-03
   3   4   3   0.00000000000E+00
   4   4   3   9.35802812500E-03
   1   1   4   2.36832625000E-02
   2   1   4   0.00000000000E+00
   3   1   4  -9.35802812500E-03
   4   1   4  -1.85518750000E-05
   1   2   4   0.00000000000E+00
   2   2   4   0.00000000000E+00
   3   2   4   0.00000000000E+00
   4   2   4   0.00000000000E+00
   1   3   4  -9.35802812500E-03
   2   3   4   0.00000000000E+00
   3   3   4  -2.35859625000E-03
   4   3   4   1.85518750000E-05
   1   4   4  -1.85518750000E-05
   2   4   4   0.00000000000E+00
   3   4   4   1.85518750000E-05
   4   4   4   0.00000000000E+00
   2   2   1   1
   1   1   1   9.78844800000E-02
   2   1   1   4.29905312500E-03
   3   1   1  -1.42944000000E-02
   4   1   1   4.29905312500E-03
   1   2   1  -1.42562512500E-02
   2   2   1   4.46601875000E-03
   3   2   1   4.46601875000E-03
   4   2   1  -1.42562512500E-02
   1   3   1  -4.44487375000E-03
   2   3   1  -5.85123937500E-03
   3   3   1  -4.44487375000E-03
   4   3   1  -5.85123937500E-03
   1   4   1  -1.42562512500E-02
   2   4   1  -1.42562512500E-02
   3   4   1   4.46601875000E-03
   4   4   1   4.46601875000E-03
   1   1   2  -1.42562512500E-02
   2   1   2   4.46601875000E-03
   3   1   2   4.46601875000E-03
   4   1   2  -1.42562512500E-02
   1   2   2  -5.85123937500E-03
   2   2   2   1.16002131250E-02
   3   2   2  -5.85123937500E-03
   4   2   2  -4.30364312500E-03
   1   3   2   4.46601875000E-03
   2   3   2   4.46601875000E-03
   3   3   2  -5.61792500000E-04
   4   3   2  -5.61792500000E-04
   1   4   2   4.29905312500E-03
   2   4   2   3.96756062500E-03
   3   4   2  -3.00579312500E-03
   4   4   2   3.96756062500E-03
   1   1   3  -4.44487375000E-03
   2   1   3  -5.85123937500E-03
   3   1   3  -4.44487375000E-03
   4   1   3  -5.85123937500E-03
   1   2   3   4.46601875000E-03
   2   2   3   4.46601875000E-03
   3   2   3  -5.61792500000E-04
   4   2   3  -5.61792500000E-04
   1   3   3  -1.42944000000E-02
   2   3   3  -3.00579312500E-03
   3   3   3   6.74535750000E-03
   4   3   3  -3.00579312500E-03
   1   4   3   4.46601875000E-03
   2   4   3  -5.61792500000E-04
   3   4   3  -5.61792500000E-04
   4   4   3   4.46601875000E-03
   1   1   4  -1.42562512500E-02
   2   1   4  -1.42562512500E-02
   3   1   4   4.46601875000E-03
   4   1   4   4.46601875000E-03
   1   2   4   4.29905312500E-03
   2   2   4   3.96756062500E-03
   3   2   4  -3.00579312500E-03
   4   2   4   3.96756062500E-03
   1   3   4   4.46601875000E-03
   2   3   4  -5.61792500000E-04
   3   3   4  -5.61792500000E-04
   4   3   4   4.46601875000E-03
   1   4   4  -5.85123937500E-03
   2   4   4  -4.30364312500E-03
   3   4   4  -5.85123937500E-03
   4   4   4   1.16002131250E-02
   2   3   1   1
   1   1   1  -8.67361737988E-19
   2   1   1   0.00000000000E+00
   3   1   1   0.00000000000E+00
   4   1   1   0.00000000000E+00
   1   2   1  -2.36832625000E-02
   2   2   1   1.85518750000E-05
   3   2   1   9.35802812500E-03
   4   2   1   0.00000000000E+00
   1   3   1   4.00167125000E-03
   2   3   1   1.85518750000E-05
   3   3   1   0.00000000000E+00
   4   3   1   1.85518750000E-05
   1   4   1  -2.36832625000E-02
   2   4   1   0.00000000000E+00
   3   4   1   9.35802812500E-03
   4   4   1   1.85518750000E-05
   1   1   2   0.00000000000E+00
   2   1   2  -9.35802812500E-03
   3   1   2  -1.85518750000E-05
   4   1   2   2.36832625000E-02
   1   2   2   1.85518750000E-05
   2   2   2   0.00000000000E+00
   3   2   2  -1.85518750000E-05
   4   2   2   0.00000000000E+00
   1   3   2   1.85518750000E-05
   2   3   2  -9.35802812500E-03
   3   3   2   0.00000000000E+00
   4   3   2  -2.35859625000E-03
   1   4   2   0.00000000000E+00
   2   4   2   0.00000000000E+00
   3   4   2   0.00000000000E+00
   4   4   2   0.00000000000E+00
   1   1   3   0.00000000000E+00
   2   1   3  -1.85518750000E-05
   3   1   3  -4.00167125000E-03
   4   1   3  -1.85518750000E-05
   1   2   3   9.35802812500E-03
   2   2   3  -1.85518750000E-05
   3   2   3   2.35859625000E-03
   4   2   3   0.00000000000E+00
   1   3   3   0.00000000000E+00
   2   3   3   0.00000000000E+00
   3   3   3   0.00000000000E+00
   4   3   3   0.00000000000E+00
   1   4   3   9.35802812500E-03
   2   4   3   0.00000000000E+00
   3   4   3   2.35859625000E-03
   4   4   3  -1.85518750000E-05
   1   1   4   0.00000000000E+00
   2   1   4   2.36832625000E-02
   3   1   4  -1.85518750000E-05
   4   1   4  -9.35802812500E-03
   1   2   4   0.00000000000E+00
   2   2   4   0.00000000000E+00
   3   2   4   0.00000000000E+00
   4   2   4   0.00000000000E+00
   1   3   4   1.85518750000E-05
   2   3   4  -2.35859625000E-03
   3   3   4   0.00000000000E+00
   4   3   4  -9.35802812500E-03
   1   4   4   1.85518750000E-05
   2   4   4   0.00000000000E+00
   3   4   4  -1.85518750000E-05
   4   4   4   0.00000000000E+00
   3   1   1   1
   1   1   1  -8.67361737988E-19
   2   1   1   2.36832625000E-02
   3   1   1  -4.00167125000E-03
   4   1   1   2.36832625000E-02
   1   2   1   0.00000000000E+00
   2   2   1  -1.85518750000E-05
   3   2   1  -1.85518750000E-05
   4   2   1   0.00000000000E+00
   1   3   1   0.00000000000E+00
   2   3   1  -9.35802812500E-03
   3   3   1   0.00000000000E+00
   4   3   1  -9.35802812500E-03
   1   4   1   0.00000000000E+00
   2   4   1   0.00000000000E+00
   3   4   1  -1.85518750000E-05
   4   4   1  -1.85518750000E-05
   1   1   2   0.00000000000E+00
   2   1   2  -1.85518750000E-05
   3   1   2  -1.85518750000E-05
   4   1   2   0.00000000000E+00
   1   2   2   9.35802812500E-03
   2   2   2   0.00000000000E+00
   3   2   2   9.35802812500E-03
   4   2   2   0.00000000000E+00
   1   3   2   1.85518750000E-05
   2   3   2   1.85518750000E-05
   3   3   2   0.00000000000E+00
   4   3   2   0.00000000000E+00
   1   4   2  -2.36832625000E-02
   2   4   2   0.00000000000E+00
   3   4   2   2.35859625000E-03
   4   4   2   0.00000000000E+00
   1   1   3   0.00000000000E+00
   2   1   3  -9.35802812500E-03
   3   1   3   0.00000000000E+00
   4   1   3  -9.35802812500E-03
   1   2   3   1.85518750000E-05
   2   2   3   1.85518750000E-05
   3   2   3   0.00000000000E+00
   4   2   3   0.00000000000E+00
   1   3   3   4.00167125000E-03
   2   3   3  -2.35859625000E-03
   3   3   3   0.00000000000E+00
   4   3   3  -2.35859625000E-03
   1   4   3   1.85518750000E-05
   2   4   3   0.00000000000E+00
   3   4   3   0.00000000000E+00
   4   4   3   1.85518750000E-05
   1   1   4   0.00000000000E+00
   2   1   4   0.00000000000E+00
   3   1   4  -1.85518750000E-05
   4   1   4  -1.85518750000E-05
   1   2   4  -2.36832625000E-02
   2   2   4   0.00000000000E+00
   3   2   4   2.35859625000E-03
   4   2   4   0.00000000000E+00
   1   3   4   1.85518750000E-05
   2   3   4   0.00000000000E+00
   3   3   4   0.00000000000E+00
   4   3   4   1.85518750000E-05
   1   4   4   9.35802812500E-03
   2   4   4   0.00000000000E+00
   3   4   4   9.35802812500E-03
   4   4   4   0.00000000000E+00
   3   2   1   1
   1   1   1  -8.67361737988E-19
   2   1   1   0.00000000000E+00
   3   1   1   0.00000000000E+00
   4   1   1   0.00000000000E+00
   1   2   1  -2.36832625000E-02
   2   2   1   1.85518750000E-05
   3   2   1   9.35802812500E-03
   4   2   1   0.00000000000E+00
   1   3   1   4.00167125000E-03
   2   3   1   1.85518750000E-05
   3   3   1   0.00000000000E+00
   4   3   1   1.85518750000E-05
   1   4   1  -2.36832625000E-02
   2   4   1   0.00000000000E+00
   3   4   1   9.35802812500E-03
   4   4   1   1.85518750000E-05
   1   1   2   0.00000000000E+00
   2   1   2  -9.35802812500E-03
   3   1   2  -1.85518750000E-05
   4   1   2   2.36832625000E-02
   1   2   2   1.85518750000E-05
   2   2   2   0.00000000000E+00
   3   2   2  -1.85518750000E-05
   4   2   2   0.00000000000E+00
   1   3   2   1.85518750000E-05
   2   3   2  -9.35802812500E-03
   3   3   2   0.00000000000E+00
   4   3   2  -2.35859625000E-03
   1   4   2   0.00000000000E+00
   2   4   2   0.00000000000E+00
   3   4   2   0.00000000000E+00
   4   4   2   0.00000000000E+00
   1   1   3   0.00000000000E+00
   2   1   3  -1.85518750000E-05
   3   1   3  -4.00167125000E-03
   4   1   3  -1.85518750000E-05
   1   2   3   9.35802812500E-03
   2   2   3  -1.85518750000E-05
   3   2   3   2.35859625000E-03
   4   2   3   0.00000000000E+00
   1   3   3   0.00000000000E+00
   2   3   3   0.00000000000E+00
   3   3   3   0.00000000000E+00
   4   3   3   0.00000000000E+00
   1   4   3   9.35802812500E-03
   2   4   3   0.00000000000E+00
   3   4   3   2.35859625000E-03
   4   4   3  -1.85518750000E-05
   1   1   4   0.00000000000E+00
   2   1   4   2.36832625000E-02
   3   1   4  -1.85518750000E-05
   4   1   4  -9.35802812500E-03
   1   2   4   0.00000000000E+00
   2   2   4   0.00000000000E+00
   3   2   4   0.00000000000E+00
   4   2   4   0.00000000000E+00
   1   3   4   1.85518750000E-05
   2   3   4  -2.35859625000E-03
   3   3   4   0.00000000000E+00
   4   3   4  -9.35802812500E-03
   1   4   4   1.85518750000E-05
   2   4   4   0.00000000000E+00
   3   4   4  -1.85518750000E-05
   4   4   4   0.00000000000E+00
   3   3   1   1
   1   1   1   9.78844800000E-02
   2   1   1  -1.42562512500E-02
   3   1   1  -4.44487375000E-03
   4   1   1  -1.42562512500E-02
   1   2   1  -1.42562512500E-02
   2   2   1  -5.85123937500E-03
   3   2   1   4.46601875000E-03
   4   2   1   4.29905312500E-03
   1   3   1  -4.44487375000E-03
   2   3   1   4.46601875000E-03
   3   3   1  -1.42944000000E-02
   4   3   1   4.46601875000E-03
   1   4   1  -1.42562512500E-02
   2   4   1   4.29905312500E-03
   3   4   1   4.46601875000E-03
   4   4   1  -5.85123937500E-03
   1   1   2   4.29905312500E-03
   2   1   2   4.46601875000E-03
   3   1   2  -5.85123937500E-03
   4   1   2  -1.42562512500E-02
   1   2   2   4.46601875000E-03
   2   2   2   1.16002131250E-02
   3   2   2   4.46601875000E-03
   4   2   2   3.96756062500E-03
   1   3   2  -5.85123937500E-03
   2   3   2   4.46601875000E-03
   3   3   2  -3.00579312500E-03
   4   3   2  -5.61792500000E-04
   1   4   2  -1.42562512500E-02
   2   4   2   3.96756062500E-03
   3   4   2  -5.61792500000E-04
   4   4   2  -4.30364312500E-03
   1   1   3  -1.42944000000E-02
   2   1   3   4.46601875000E-03
   3   1   3  -4.44487375000E-03
   4   1   3   4.46601875000E-03
   1   2   3   4.46601875000E-03
   2   2   3  -5.85123937500E-03
   3   2   3  -5.61792500000E-04
   4   2   3  -3.00579312500E-03
   1   3   3  -4.44487375000E-03
   2   3   3  -5.61792500000E-04
   3   3   3   6.74535750000E-03
   4   3   3  -5.61792500000E-04
   1   4   3   4.46601875000E-03
   2   4   3  -3.00579312500E-03
   3   4   3  -5.61792500000E-04
   4   4   3  -5.85123937500E-03
   1   1   4   4.29905312500E-03
   2   1   4  -1.42562512500E-02
   3   1   4  -5.85123937500E-03
   4   1   4   4.46601875000E-03
   1   2   4  -1.42562512500E-02
   2   2   4  -4.30364312500E-03
   3   2   4  -5.61792500000E-04
   4   2   4   3.96756062500E-03
   1   3   4  -5.85123937500E-03
   2   3   4  -5.61792500000E-04
   3   3   4  -3.00579312500E-03
   4   3   4   4.46601875000E-03
   1   4   4   4.46601875000E-03
   2   4   4   3.96756062500E-03
   3   4   4   4.46601875000E-03
   4   4   4   1.16002131250E-02
