  5.000000000000000E-002  0.615248962404298        2.65306677751221     
   4   4   4
   1   1   1   1
   1   1   1   8.55216310937E-02
   2   1   1  -1.30388889062E-02
   3   1   1  -1.06940703125E-03
   4   1   1  -1.30388889062E-02
   1   2   1   9.30897734375E-03
   2   2   1   9.81866718750E-04
   3   2   1  -2.55354515625E-03
   4   2   1  -1.30388889063E-02
   1   3   1  -1.97206765625E-03
   2   3   1   9.81866718750E-04
   3   3   1  -1.06940703125E-03
   4   3   1   9.81866718750E-04
   1   4   1   9.30897734375E-03
   2   4   1  -1.30388889063E-02
   3   4   1  -2.55354515625E-03
   4   4   1   9.81866718750E-04
   1   1   2  -1.30388889062E-02
   2   1   2  -2.55354515625E-03
   3   1   2   9.81866718750E-04
   4   1   2   9.30897734375E-03
   1   2   2   9.81866718750E-04
   2   2   2  -2.64744640625E-03
   3   2   2   9.81866718750E-04
   4   2   2   9.26334218750E-04
   1   3   2   9.81866718750E-04
   2   3   2  -2.55354515625E-03
   3   3   2   7.89821093750E-04
   4   3   2  -1.01837656250E-04
   1   4   2  -1.30388889062E-02
   2   4   2  -3.34979265625E-03
   3   4   2   7.89821093750E-04
   4   4   2   9.26334218750E-04
   1   1   3  -1.06940703125E-03
   2   1   3   9.81866718750E-04
   3   1   3  -1.97206765625E-03
   4   1   3   9.81866718750E-04
   1   2   3  -2.55354515625E-03
   2   2   3   9.81866718750E-04
   3   2   3  -1.01837656250E-04
   4   2   3   7.89821093750E-04
   1   3   3  -1.06940703125E-03
   2   3   3   7.89821093750E-04
   3   3   3  -3.02898906250E-04
   4   3   3   7.89821093750E-04
   1   4   3  -2.55354515625E-03
   2   4   3   7.89821093750E-04
   3   4   3  -1.01837656250E-04
   4   4   3   9.81866718750E-04
   1   1   4  -1.30388889062E-02
   2   1   4   9.30897734375E-03
   3   1   4   9.81866718750E-04
   4   1   4  -2.55354515625E-03
   1   2   4  -1.30388889062E-02
   2   2   4   9.26334218750E-04
   3   2   4   7.89821093750E-04
   4   2   4  -3.34979265625E-03
   1   3   4   9.81866718750E-04
   2   3   4  -1.01837656250E-04
   3   3   4   7.89821093750E-04
   4   3   4  -2.55354515625E-03
   1   4   4   9.81866718750E-04
   2   4   4   9.26334218750E-04
   3   4   4   9.81866718750E-04
   4   4   4  -2.64744640625E-03
   1   2   1   1
   1   1   1   0.00000000000E+00
   2   1   1   0.00000000000E+00
   3   1   1   0.00000000000E+00
   4   1   1   0.00000000000E+00
   1   2   1   0.00000000000E+00
   2   2   1   1.17012812500E-03
   3   2   1  -5.05030625000E-04
   4   2   1  -1.95601962500E-02
   1   3   1   0.00000000000E+00
   2   3   1  -5.05030625000E-04
   3   3   1   3.29567875000E-03
   4   3   1  -5.05030625000E-04
   1   4   1   0.00000000000E+00
   2   4   1  -1.95601962500E-02
   3   4   1  -5.05030625000E-04
   4   4   1   1.17012812500E-03
   1   1   2   1.95601962500E-02
   2   1   2   5.05030625000E-04
   3   1   2  -1.17012812500E-03
   4   1   2   0.00000000000E+00
   1   2   2   5.05030625000E-04
   2   2   2   0.00000000000E+00
   3   2   2  -5.05030625000E-04
   4   2   2   0.00000000000E+00
   1   3   2  -1.17012812500E-03
   2   3   2  -5.05030625000E-04
   3   3   2  -1.74691000000E-03
   4   3   2   0.00000000000E+00
   1   4   2   0.00000000000E+00
   2   4   2   0.00000000000E+00
   3   4   2   0.00000000000E+00
   4   4   2   0.00000000000E+00
   1   1   3  -3.29567875000E-03
   2   1   3   5.05030625000E-04
   3   1   3   0.00000000000E+00
   4   1   3   5.05030625000E-04
   1   2   3   5.05030625000E-04
   2   2   3   1.17012812500E-03
   3   2   3   0.00000000000E+00
   4   2   3   1.74691000000E-03
   1   3   3   0.00000000000E+00
   2   3   3   0.00000000000E+00
   3   3   3   0.00000000000E+00
   4   3   3   0.00000000000E+00
   1   4   3   5.05030625000E-04
   2   4   3   1.74691000000E-03
   3   4   3   0.00000000000E+00
   4   4   3   1.17012812500E-03
   1   1   4   1.95601962500E-02
   2   1   4   0.00000000000E+00
   3   1   4  -1.17012812500E-03
   4   1   4   5.05030625000E-04
   1   2   4   0.00000000000E+00
   2   2   4   0.00000000000E+00
   3   2   4   0.00000000000E+00
   4   2   4   0.00000000000E+00
   1   3   4  -1.17012812500E-03
   2   3   4   0.00000000000E+00
   3   3   4  -1.74691000000E-03
   4   3   4  -5.05030625000E-04
   1   4   4   5.05030625000E-04
   2   4   4   0.00000000000E+00
   3   4   4  -5.05030625000E-04
   4   4   4   0.00000000000E+00
   1   3   1   1
   1   1   1   0.00000000000E+00
   2   1   1   1.95601962500E-02
   3   1   1  -3.29567875000E-03
   4   1   1   1.95601962500E-02
   1   2   1   0.00000000000E+00
   2   2   1   5.05030625000E-04
   3   2   1   5.05030625000E-04
   4   2   1   0.00000000000E+00
   1   3   1   0.00000000000E+00
   2   3   1  -1.17012812500E-03
   3   3   1   0.00000000000E+00
   4   3   1  -1.17012812500E-03
   1   4   1   0.00000000000E+00
   2   4   1   0.00000000000E+00
   3   4   1   5.05030625000E-04
   4   4   1   5.05030625000E-04
   1   1   2   0.00000000000E+00
   2   1   2   5.05030625000E-04
   3   1   2   5.05030625000E-04
   4   1   2   0.00000000000E+00
   1   2   2   1.17012812500E-03
   2   2   2   0.00000000000E+00
   3   2   2   1.17012812500E-03
   4   2   2   0.00000000000E+00
   1   3   2  -5.05030625000E-04
   2   3   2  -5.05030625000E-04
   3   3   2   0.00000000000E+00
   4   3   2   0.00000000000E+00
   1   4   2  -1.95601962500E-02
   2   4   2   0.00000000000E+00
   3   4   2   1.74691000000E-03
   4   4   2   0.00000000000E+00
   1   1   3   0.00000000000E+00
   2   1   3  -1.17012812500E-03
   3   1   3   0.00000000000E+00
   4   1   3  -1.17012812500E-03
   1   2   3  -5.05030625000E-04
   2   2   3  -5.05030625000E-04
   3   2   3   0.00000000000E+00
   4   2   3   0.00000000000E+00
   1   3   3   3.29567875000E-03
   2   3   3  -1.74691000000E-03
   3   3   3   0.00000000000E+00
   4   3   3  -1.74691000000E-03
   1   4   3  -5.05030625000E-04
   2   4   3   0.00000000000E+00
   3   4   3   0.00000000000E+00
   4   4   3  -5.05030625000E-04
   1   1   4   0.00000000000E+00
   2   1   4   0.00000000000E+00
   3   1   4   5.05030625000E-04
   4   1   4   5.05030625000E-04
   1   2   4  -1.95601962500E-02
   2   2   4   0.00000000000E+00
   3   2   4   1.74691000000E-03
   4   2   4   0.00000000000E+00
   1   3   4  -5.05030625000E-04
   2   3   4   0.00000000000E+00
   3   3   4   0.00000000000E+00
   4   3   4  -5.05030625000E-04
   1   4   4   1.17012812500E-03
   2   4   4   0.00000000000E+00
   3   4   4   1.17012812500E-03
   4   4   4   0.00000000000E+00
   2   1   1   1
   1   1   1   0.00000000000E+00
   2   1   1   0.00000000000E+00
   3   1   1   0.00000000000E+00
   4   1   1   0.00000000000E+00
   1   2   1   0.00000000000E+00
   2   2   1   1.17012812500E-03
   3   2   1  -5.05030625000E-04
   4   2   1  -1.95601962500E-02
   1   3   1   0.00000000000E+00
   2   3   1  -5.05030625000E-04
   3   3   1   3.29567875000E-03
   4   3   1  -5.05030625000E-04
   1   4   1   0.00000000000E+00
   2   4   1  -1.95601962500E-02
   3   4   1  -5.05030625000E-04
   4   4   1   1.17012812500E-03
   1   1   2   1.95601962500E-02
   2   1   2   5.05030625000E-04
   3   1   2  -1.17012812500E-03
   4   1   2   0.00000000000E+00
   1   2   2   5.05030625000E-04
   2   2   2   0.00000000000E+00
   3   2   2  -5.05030625000E-04
   4   2   2   0.00000000000E+00
   1   3   2  -1.17012812500E-03
   2   3   2  -5.05030625000E-04
   3   3   2  -1.74691000000E-03
   4   3   2   0.00000000000E+00
   1   4   2   0.00000000000E+00
   2   4   2   0.00000000000E+00
   3   4   2   0.00000000000E+00
   4   4   2   0.00000000000E+00
   1   1   3  -3.29567875000E-03
   2   1   3   5.05030625000E-04
   3   1   3   0.00000000000E+00
   4   1   3   5.05030625000E-04
   1   2   3   5.05030625000E-04
   2   2   3   1.17012812500E-03
   3   2   3   0.00000000000E+00
   4   2   3   1.74691000000E-03
   1   3   3   0.00000000000E+00
   2   3   3   0.00000000000E+00
   3   3   3   0.00000000000E+00
   4   3   3   0.00000000000E+00
   1   4   3   5.05030625000E-04
   2   4   3   1.74691000000E-03
   3   4   3   0.00000000000E+00
   4   4   3   1.17012812500E-03
   1   1   4   1.95601962500E-02
   2   1   4   0.00000000000E+00
   3   1   4  -1.17012812500E-03
   4   1   4   5.05030625000E-04
   1   2   4   0.00000000000E+00
   2   2   4   0.00000000000E+00
   3   2   4   0.00000000000E+00
   4   2   4   0.00000000000E+00
   1   3   4  -1.17012812500E-03
   2   3   4   0.00000000000E+00
   3   3   4  -1.74691000000E-03
   4   3   4  -5.05030625000E-04
   1   4   4   5.05030625000E-04
   2   4   4   0.00000000000E+00
   3   4   4  -5.05030625000E-04
   4   4   4   0.00000000000E+00
   2   2   1   1
   1   1   1   8.55216310937E-02
   2   1   1   9.30897734375E-03
   3   1   1  -1.97206765625E-03
   4   1   1   9.30897734375E-03
   1   2   1  -1.30388889062E-02
   2   2   1   9.81866718750E-04
   3   2   1   9.81866718750E-04
   4   2   1  -1.30388889063E-02
   1   3   1  -1.06940703125E-03
   2   3   1  -2.55354515625E-03
   3   3   1  -1.06940703125E-03
   4   3   1  -2.55354515625E-03
   1   4   1  -1.30388889062E-02
   2   4   1  -1.30388889063E-02
   3   4   1   9.81866718750E-04
   4   4   1   9.81866718750E-04
   1   1   2  -1.30388889062E-02
   2   1   2   9.81866718750E-04
   3   1   2   9.81866718750E-04
   4   1   2  -1.30388889062E-02
   1   2   2  -2.55354515625E-03
   2   2   2  -2.64744640625E-03
   3   2   2  -2.55354515625E-03
   4   2   2  -3.34979265625E-03
   1   3   2   9.81866718750E-04
   2   3   2   9.81866718750E-04
   3   3   2   7.89821093750E-04
   4   3   2   7.89821093750E-04
   1   4   2   9.30897734375E-03
   2   4   2   9.26334218750E-04
   3   4   2  -1.01837656250E-04
   4   4   2   9.26334218750E-04
   1   1   3  -1.06940703125E-03
   2   1   3  -2.55354515625E-03
   3   1   3  -1.06940703125E-03
   4   1   3  -2.55354515625E-03
   1   2   3   9.81866718750E-04
   2   2   3   9.81866718750E-04
   3   2   3   7.89821093750E-04
   4   2   3   7.89821093750E-04
   1   3   3  -1.97206765625E-03
   2   3   3  -1.01837656250E-04
   3   3   3  -3.02898906250E-04
   4   3   3  -1.01837656250E-04
   1   4   3   9.81866718750E-04
   2   4   3   7.89821093750E-04
   3   4   3   7.89821093750E-04
   4   4   3   9.81866718750E-04
   1   1   4  -1.30388889062E-02
   2   1   4  -1.30388889062E-02
   3   1   4   9.81866718750E-04
   4   1   4   9.81866718750E-04
   1   2   4   9.30897734375E-03
   2   2   4   9.26334218750E-04
   3   2   4  -1.01837656250E-04
   4   2   4   9.26334218750E-04
   1   3   4   9.81866718750E-04
   2   3   4   7.89821093750E-04
   3   3   4   7.89821093750E-04
   4   3   4   9.81866718750E-04
   1   4   4  -2.55354515625E-03
   2   4   4  -3.34979265625E-03
   3   4   4  -2.55354515625E-03
   4   4   4  -2.64744640625E-03
   2   3   1   1
   1   1   1   0.00000000000E+00
   2   1   1   0.00000000000E+00
   3   1   1   0.00000000000E+00
   4   1   1   0.00000000000E+00
   1   2   1  -1.95601962500E-02
   2   2   1  -5.05030625000E-04
   3   2   1   1.17012812500E-03
   4   2   1   0.00000000000E+00
   1   3   1   3.29567875000E-03
   2   3   1  -5.05030625000E-04
   3   3   1   0.00000000000E+00
   4   3   1  -5.05030625000E-04
   1   4   1  -1.95601962500E-02
   2   4   1   0.00000000000E+00
   3   4   1   1.17012812500E-03
   4   4   1  -5.05030625000E-04
   1   1   2   0.00000000000E+00
   2   1   2  -1.17012812500E-03
   3   1   2   5.05030625000E-04
   4   1   2   1.95601962500E-02
   1   2   2  -5.05030625000E-04
   2   2   2   0.00000000000E+00
   3   2   2   5.05030625000E-04
   4   2   2   0.00000000000E+00
   1   3   2  -5.05030625000E-04
   2   3   2  -1.17012812500E-03
   3   3   2   0.00000000000E+00
   4   3   2  -1.74691000000E-03
   1   4   2   0.00000000000E+00
   2   4   2   0.00000000000E+00
   3   4   2   0.00000000000E+00
   4   4   2   0.00000000000E+00
   1   1   3   0.00000000000E+00
   2   1   3   5.05030625000E-04
   3   1   3  -3.29567875000E-03
   4   1   3   5.05030625000E-04
   1   2   3   1.17012812500E-03
   2   2   3   5.05030625000E-04
   3   2   3   1.74691000000E-03
   4   2   3   0.00000000000E+00
   1   3   3   0.00000000000E+00
   2   3   3   0.00000000000E+00
   3   3   3   0.00000000000E+00
   4   3   3   0.00000000000E+00
   1   4   3   1.17012812500E-03
   2   4   3   0.00000000000E+00
   3   4   3   1.74691000000E-03
   4   4   3   5.05030625000E-04
   1   1   4   0.00000000000E+00
   2   1   4   1.95601962500E-02
   3   1   4   5.05030625000E-04
   4   1   4  -1.17012812500E-03
   1   2   4   0.00000000000E+00
   2   2   4   0.00000000000E+00
   3   2   4   0.00000000000E+00
   4   2   4   0.00000000000E+00
   1   3   4  -5.05030625000E-04
   2   3   4  -1.74691000000E-03
   3   3   4   0.00000000000E+00
   4   3   4  -1.17012812500E-03
   1   4   4  -5.05030625000E-04
   2   4   4   0.00000000000E+00
   3   4   4   5.05030625000E-04
   4   4   4   0.00000000000E+00
   3   1   1   1
   1   1   1   0.00000000000E+00
   2   1   1   1.95601962500E-02
   3   1   1  -3.29567875000E-03
   4   1   1   1.95601962500E-02
   1   2   1   0.00000000000E+00
   2   2   1   5.05030625000E-04
   3   2   1   5.05030625000E-04
   4   2   1   0.00000000000E+00
   1   3   1   0.00000000000E+00
   2   3   1  -1.17012812500E-03
   3   3   1   0.00000000000E+00
   4   3   1  -1.17012812500E-03
   1   4   1   0.00000000000E+00
   2   4   1   0.00000000000E+00
   3   4   1   5.05030625000E-04
   4   4   1   5.05030625000E-04
   1   1   2   0.00000000000E+00
   2   1   2   5.05030625000E-04
   3   1   2   5.05030625000E-04
   4   1   2   0.00000000000E+00
   1   2   2   1.17012812500E-03
   2   2   2   0.00000000000E+00
   3   2   2   1.17012812500E-03
   4   2   2   0.00000000000E+00
   1   3   2  -5.05030625000E-04
   2   3   2  -5.05030625000E-04
   3   3   2   0.00000000000E+00
   4   3   2   0.00000000000E+00
   1   4   2  -1.95601962500E-02
   2   4   2   0.00000000000E+00
   3   4   2   1.74691000000E-03
   4   4   2   0.00000000000E+00
   1   1   3   0.00000000000E+00
   2   1   3  -1.17012812500E-03
   3   1   3   0.00000000000E+00
   4   1   3  -1.17012812500E-03
   1   2   3  -5.05030625000E-04
   2   2   3  -5.05030625000E-04
   3   2   3   0.00000000000E+00
   4   2   3   0.00000000000E+00
   1   3   3   3.29567875000E-03
   2   3   3  -1.74691000000E-03
   3   3   3   0.00000000000E+00
   4   3   3  -1.74691000000E-03
   1   4   3  -5.05030625000E-04
   2   4   3   0.00000000000E+00
   3   4   3   0.00000000000E+00
   4   4   3  -5.05030625000E-04
   1   1   4   0.00000000000E+00
   2   1   4   0.00000000000E+00
   3   1   4   5.05030625000E-04
   4   1   4   5.05030625000E-04
   1   2   4  -1.95601962500E-02
   2   2   4   0.00000000000E+00
   3   2   4   1.74691000000E-03
   4   2   4   0.00000000000E+00
   1   3   4  -5.05030625000E-04
   2   3   4   0.00000000000E+00
   3   3   4   0.00000000000E+00
   4   3   4  -5.05030625000E-04
   1   4   4   1.17012812500E-03
   2   4   4   0.00000000000E+00
   3   4   4   1.17012812500E-03
   4   4   4   0.00000000000E+00
   3   2   1   1
   1   1   1   0.00000000000E+00
   2   1   1   0.00000000000E+00
   3   1   1   0.00000000000E+00
   4   1   1   0.00000000000E+00
   1   2   1  -1.95601962500E-02
   2   2   1  -5.05030625000E-04
   3   2   1   1.17012812500E-03
   4   2   1   0.00000000000E+00
   1   3   1   3.29567875000E-03
   2   3   1  -5.05030625000E-04
   3   3   1   0.00000000000E+00
   4   3   1  -5.05030625000E-04
   1   4   1  -1.95601962500E-02
   2   4   1   0.00000000000E+00
   3   4   1   1.17012812500E-03
   4   4   1  -5.05030625000E-04
   1   1   2   0.00000000000E+00
   2   1   2  -1.17012812500E-03
   3   1   2   5.05030625000E-04
   4   1   2   1.95601962500E-02
   1   2   2  -5.05030625000E-04
   2   2   2   0.00000000000E+00
   3   2   2   5.05030625000E-04
   4   2   2   0.00000000000E+00
   1   3   2  -5.05030625000E-04
   2   3   2  -1.17012812500E-03
   3   3   2   0.00000000000E+00
   4   3   2  -1.74691000000E-03
   1   4   2   0.00000000000E+00
   2   4   2   0.00000000000E+00
   3   4   2   0.00000000000E+00
   4   4   2   0.00000000000E+00
   1   1   3   0.00000000000E+00
   2   1   3   5.05030625000E-04
   3   1   3  -3.29567875000E-03
   4   1   3   5.05030625000E-04
   1   2   3   1.17012812500E-03
   2   2   3   5.05030625000E-04
   3   2   3   1.74691000000E-03
   4   2   3   0.00000000000E+00
   1   3   3   0.00000000000E+00
   2   3   3   0.00000000000E+00
   3   3   3   0.00000000000E+00
   4   3   3   0.00000000000E+00
   1   4   3   1.17012812500E-03
   2   4   3   0.00000000000E+00
   3   4   3   1.74691000000E-03
   4   4   3   5.05030625000E-04
   1   1   4   0.00000000000E+00
   2   1   4   1.95601962500E-02
   3   1   4   5.05030625000E-04
   4   1   4  -1.17012812500E-03
   1   2   4   0.00000000000E+00
   2   2   4   0.00000000000E+00
   3   2   4   0.00000000000E+00
   4   2   4   0.00000000000E+00
   1   3   4  -5.05030625000E-04
   2   3   4  -1.74691000000E-03
   3   3   4   0.00000000000E+00
   4   3   4  -1.17012812500E-03
   1   4   4  -5.05030625000E-04
   2   4   4   0.00000000000E+00
   3   4   4   5.05030625000E-04
   4   4   4   0.00000000000E+00
   3   3   1   1
   1   1   1   8.55216310937E-02
   2   1   1  -1.30388889062E-02
   3   1   1  -1.06940703125E-03
   4   1   1  -1.30388889062E-02
   1   2   1  -1.30388889062E-02
   2   2   1  -2.55354515625E-03
   3   2   1   9.81866718750E-04
   4   2   1   9.30897734375E-03
   1   3   1  -1.06940703125E-03
   2   3   1   9.81866718750E-04
   3   3   1  -1.97206765625E-03
   4   3   1   9.81866718750E-04
   1   4   1  -1.30388889062E-02
   2   4   1   9.30897734375E-03
   3   4   1   9.81866718750E-04
   4   4   1  -2.55354515625E-03
   1   1   2   9.30897734375E-03
   2   1   2   9.81866718750E-04
   3   1   2  -2.55354515625E-03
   4   1   2  -1.30388889062E-02
   1   2   2   9.81866718750E-04
   2   2   2  -2.64744640625E-03
   3   2   2   9.81866718750E-04
   4   2   2   9.26334218750E-04
   1   3   2  -2.55354515625E-03
   2   3   2   9.81866718750E-04
   3   3   2  -1.01837656250E-04
   4   3   2   7.89821093750E-04
   1   4   2  -1.30388889062E-02
   2   4   2   9.26334218750E-04
   3   4   2   7.89821093750E-04
   4   4   2  -3.34979265625E-03
   1   1   3  -1.97206765625E-03
   2   1   3   9.81866718750E-04
   3   1   3  -1.06940703125E-03
   4   1   3   9.81866718750E-04
   1   2   3   9.81866718750E-04
   2   2   3  -2.55354515625E-03
   3   2   3   7.89821093750E-04
   4   2   3  -1.01837656250E-04
   1   3   3  -1.06940703125E-03
   2   3   3   7.89821093750E-04
   3   3   3  -3.02898906250E-04
   4   3   3   7.89821093750E-04
   1   4   3   9.81866718750E-04
   2   4   3  -1.01837656250E-04
   3   4   3   7.89821093750E-04
   4   4   3  -2.55354515625E-03
   1   1   4   9.30897734375E-03
   2   1   4  -1.30388889062E-02
   3   1   4  -2.55354515625E-03
   4   1   4   9.81866718750E-04
   1   2   4  -1.30388889062E-02
   2   2   4  -3.34979265625E-03
   3   2   4   7.89821093750E-04
   4   2   4   9.26334218750E-04
   1   3   4  -2.55354515625E-03
   2   3   4   7.89821093750E-04
   3   3   4  -1.01837656250E-04
   4   3   4   9.81866718750E-04
   1   4   4   9.81866718750E-04
   2   4   4   9.26334218750E-04
   3   4   4   9.81866718750E-04
   4   4   4  -2.64744640625E-03
