  4.000000000000000E-002  0.615534661096846        2.64833936444670     
           6

     Dynamical  Matrix in cartesian axes

     q = (   -0.353553391  -0.707106781   0.000000000 ) 

    1    1
  0.04442790   0.00000000     0.00000000   0.00000000    -0.00000000   0.00000000
  0.00000000   0.00000000     0.14801987  -0.00000000     0.00000000   0.00000000
 -0.00000000   0.00000000     0.00000000   0.00000000     0.14801987  -0.00000000

     Dynamical  Matrix in cartesian axes

     q = (    0.000000000   0.707106781   0.353553391 ) 

    1    1
  0.14801987  -0.00000000    -0.00000000  -0.00000000    -0.00000000   0.00000000
 -0.00000000  -0.00000000     0.14801987  -0.00000000    -0.00000000  -0.00000000
 -0.00000000   0.00000000    -0.00000000  -0.00000000     0.04442790   0.00000000

     Dynamical  Matrix in cartesian axes

     q = (    0.000000000  -0.707106781  -0.353553391 ) 

    1    1
  0.14801987  -0.00000000     0.00000000   0.00000000    -0.00000000   0.00000000
  0.00000000  -0.00000000     0.14801987  -0.00000000     0.00000000  -0.00000000
  0.00000000   0.00000000     0.00000000  -0.00000000     0.04442790   0.00000000

     Dynamical  Matrix in cartesian axes

     q = (    0.353553391   0.707106781   0.000000000 ) 

    1    1
  0.04442790   0.00000000     0.00000000   0.00000000    -0.00000000   0.00000000
  0.00000000   0.00000000     0.14801987  -0.00000000     0.00000000   0.00000000
 -0.00000000   0.00000000     0.00000000   0.00000000     0.14801987  -0.00000000

     Dynamical  Matrix in cartesian axes

     q = (   -0.707106781  -0.353553391   0.000000000 ) 

    1    1
  0.14801987  -0.00000000     0.00000000   0.00000000     0.00000000   0.00000000
  0.00000000   0.00000000     0.04442790   0.00000000     0.00000000  -0.00000000
  0.00000000  -0.00000000     0.00000000  -0.00000000     0.14801987  -0.00000000

     Dynamical  Matrix in cartesian axes

     q = (    0.000000000  -0.353553391  -0.707106781 ) 

    1    1
  0.14801987  -0.00000000    -0.00000000  -0.00000000     0.00000000  -0.00000000
 -0.00000000   0.00000000     0.04442790   0.00000000    -0.00000000   0.00000000
  0.00000000  -0.00000000    -0.00000000  -0.00000000     0.14801987  -0.00000000
