  1.000000000000000E-002  0.615714029346228        2.62468491063350     
           3

     Dynamical  Matrix in cartesian axes

     q = (    0.000000000  -0.707106781   0.000000000 ) 

    1    1
  0.07642665   0.00000000     0.00000000   0.00000000     0.00000000   0.00000000
 -0.00000000   0.00000000     0.16035988   0.00000000     0.00000000   0.00000000
  0.00000000   0.00000000     0.00000000   0.00000000     0.07642665   0.00000000

     Dynamical  Matrix in cartesian axes

     q = (   -0.707106781   0.000000000   0.000000000 ) 

    1    1
  0.16035988   0.00000000    -0.00000000   0.00000000     0.00000000   0.00000000
  0.00000000   0.00000000     0.07642665   0.00000000     0.00000000   0.00000000
  0.00000000   0.00000000     0.00000000   0.00000000     0.07642665   0.00000000

     Dynamical  Matrix in cartesian axes

     q = (    0.000000000   0.000000000  -0.707106781 ) 

    1    1
  0.07642665   0.00000000     0.00000000   0.00000000    -0.00000000   0.00000000
  0.00000000   0.00000000     0.07642665   0.00000000     0.00000000   0.00000000
  0.00000000   0.00000000     0.00000000   0.00000000     0.16035988   0.00000000
