  1.000000000000000E-002  0.615714029346228        2.62468491063350     
           8

     Dynamical  Matrix in cartesian axes

     q = (   -0.176776695   0.176776695  -0.176776695 ) 

    1    1
  0.05010969   0.00000000    -0.04010384   0.00000000     0.04010384   0.00000000
 -0.04010384   0.00000000     0.05010969   0.00000000    -0.04010384  -0.00000000
  0.04010384   0.00000000    -0.04010384  -0.00000000     0.05010969   0.00000000

     Dynamical  Matrix in cartesian axes

     q = (    0.176776695  -0.176776695  -0.176776695 ) 

    1    1
  0.05010969  -0.00000000    -0.04010384  -0.00000000    -0.04010384  -0.00000000
 -0.04010384  -0.00000000     0.05010969  -0.00000000     0.04010384   0.00000000
 -0.04010384  -0.00000000     0.04010384   0.00000000     0.05010969  -0.00000000

     Dynamical  Matrix in cartesian axes

     q = (    0.176776695  -0.176776695   0.176776695 ) 

    1    1
  0.05010969  -0.00000000    -0.04010384   0.00000000     0.04010384  -0.00000000
 -0.04010384   0.00000000     0.05010969  -0.00000000    -0.04010384   0.00000000
  0.04010384   0.00000000    -0.04010384  -0.00000000     0.05010969   0.00000000

     Dynamical  Matrix in cartesian axes

     q = (    0.176776695   0.176776695   0.176776695 ) 

    1    1
  0.05010969   0.00000000     0.04010384   0.00000000     0.04010384   0.00000000
  0.04010384  -0.00000000     0.05010969  -0.00000000     0.04010384  -0.00000000
  0.04010384   0.00000000     0.04010384   0.00000000     0.05010969   0.00000000

     Dynamical  Matrix in cartesian axes

     q = (   -0.176776695  -0.176776695  -0.176776695 ) 

    1    1
  0.05010969   0.00000000     0.04010384   0.00000000     0.04010384   0.00000000
  0.04010384  -0.00000000     0.05010969  -0.00000000     0.04010384  -0.00000000
  0.04010384   0.00000000     0.04010384  -0.00000000     0.05010969   0.00000000

     Dynamical  Matrix in cartesian axes

     q = (   -0.176776695  -0.176776695   0.176776695 ) 

    1    1
  0.05010969   0.00000000     0.04010384   0.00000000    -0.04010384  -0.00000000
  0.04010384   0.00000000     0.05010969   0.00000000    -0.04010384  -0.00000000
 -0.04010384   0.00000000    -0.04010384   0.00000000     0.05010969  -0.00000000

     Dynamical  Matrix in cartesian axes

     q = (   -0.176776695   0.176776695   0.176776695 ) 

    1    1
  0.05010969  -0.00000000    -0.04010384  -0.00000000    -0.04010384  -0.00000000
 -0.04010384   0.00000000     0.05010969  -0.00000000     0.04010384   0.00000000
 -0.04010384   0.00000000     0.04010384  -0.00000000     0.05010969   0.00000000

     Dynamical  Matrix in cartesian axes

     q = (    0.176776695   0.176776695  -0.176776695 ) 

    1    1
  0.05010969  -0.00000000     0.04010384   0.00000000    -0.04010384  -0.00000000
  0.04010384   0.00000000     0.05010969   0.00000000    -0.04010384  -0.00000000
 -0.04010384   0.00000000    -0.04010384  -0.00000000     0.05010969   0.00000000
