  4.500000000000000E-002  0.615390715069446        2.65082696351927     
           8

     Dynamical  Matrix in cartesian axes

     q = (   -0.176776695   0.176776695  -0.176776695 ) 

    1    1
  0.04781531  -0.00000000    -0.03867151  -0.00000000     0.03867151   0.00000000
 -0.03867151  -0.00000000     0.04781531  -0.00000000    -0.03867151   0.00000000
  0.03867151   0.00000000    -0.03867151   0.00000000     0.04781531  -0.00000000

     Dynamical  Matrix in cartesian axes

     q = (    0.176776695  -0.176776695  -0.176776695 ) 

    1    1
  0.04781531   0.00000000    -0.03867151   0.00000000    -0.03867151   0.00000000
 -0.03867151  -0.00000000     0.04781531   0.00000000     0.03867151  -0.00000000
 -0.03867151   0.00000000     0.03867151   0.00000000     0.04781531   0.00000000

     Dynamical  Matrix in cartesian axes

     q = (    0.176776695  -0.176776695   0.176776695 ) 

    1    1
  0.04781531   0.00000000    -0.03867151  -0.00000000     0.03867151   0.00000000
 -0.03867151  -0.00000000     0.04781531   0.00000000    -0.03867151  -0.00000000
  0.03867151   0.00000000    -0.03867151  -0.00000000     0.04781531   0.00000000

     Dynamical  Matrix in cartesian axes

     q = (    0.176776695   0.176776695   0.176776695 ) 

    1    1
  0.04781531   0.00000000     0.03867151   0.00000000     0.03867151   0.00000000
  0.03867151   0.00000000     0.04781531   0.00000000     0.03867151   0.00000000
  0.03867151  -0.00000000     0.03867151  -0.00000000     0.04781531  -0.00000000

     Dynamical  Matrix in cartesian axes

     q = (   -0.176776695  -0.176776695  -0.176776695 ) 

    1    1
  0.04781531   0.00000000     0.03867151   0.00000000     0.03867151   0.00000000
  0.03867151   0.00000000     0.04781531  -0.00000000     0.03867151   0.00000000
  0.03867151   0.00000000     0.03867151   0.00000000     0.04781531   0.00000000

     Dynamical  Matrix in cartesian axes

     q = (   -0.176776695  -0.176776695   0.176776695 ) 

    1    1
  0.04781531  -0.00000000     0.03867151  -0.00000000    -0.03867151   0.00000000
  0.03867151   0.00000000     0.04781531   0.00000000    -0.03867151  -0.00000000
 -0.03867151  -0.00000000    -0.03867151  -0.00000000     0.04781531   0.00000000

     Dynamical  Matrix in cartesian axes

     q = (   -0.176776695   0.176776695   0.176776695 ) 

    1    1
  0.04781531   0.00000000    -0.03867151  -0.00000000    -0.03867151   0.00000000
 -0.03867151  -0.00000000     0.04781531   0.00000000     0.03867151  -0.00000000
 -0.03867151   0.00000000     0.03867151  -0.00000000     0.04781531   0.00000000

     Dynamical  Matrix in cartesian axes

     q = (    0.176776695   0.176776695  -0.176776695 ) 

    1    1
  0.04781531   0.00000000     0.03867151   0.00000000    -0.03867151  -0.00000000
  0.03867151   0.00000000     0.04781531   0.00000000    -0.03867151  -0.00000000
 -0.03867151   0.00000000    -0.03867151   0.00000000     0.04781531  -0.00000000
