  3.500000000000000E-002  0.615675417629302        2.64582309521553     
           6

     Dynamical  Matrix in cartesian axes

     q = (    0.000000000   0.353553391   0.000000000 ) 

    1    1
  0.02753418   0.00000000     0.00000000   0.00000000     0.00000000   0.00000000
  0.00000000   0.00000000     0.15614170   0.00000000    -0.00000000   0.00000000
  0.00000000   0.00000000     0.00000000   0.00000000     0.02753418   0.00000000

     Dynamical  Matrix in cartesian axes

     q = (    0.000000000  -0.353553391   0.000000000 ) 

    1    1
  0.02753418   0.00000000     0.00000000   0.00000000     0.00000000   0.00000000
  0.00000000   0.00000000     0.15614170   0.00000000    -0.00000000   0.00000000
  0.00000000   0.00000000     0.00000000   0.00000000     0.02753418   0.00000000

     Dynamical  Matrix in cartesian axes

     q = (    0.353553391   0.000000000   0.000000000 ) 

    1    1
  0.15614170   0.00000000    -0.00000000   0.00000000     0.00000000   0.00000000
  0.00000000   0.00000000     0.02753418   0.00000000     0.00000000   0.00000000
  0.00000000   0.00000000    -0.00000000   0.00000000     0.02753418   0.00000000

     Dynamical  Matrix in cartesian axes

     q = (    0.000000000   0.000000000   0.353553391 ) 

    1    1
  0.02753418   0.00000000     0.00000000   0.00000000    -0.00000000   0.00000000
  0.00000000   0.00000000     0.02753418   0.00000000     0.00000000   0.00000000
 -0.00000000   0.00000000     0.00000000   0.00000000     0.15614170   0.00000000

     Dynamical  Matrix in cartesian axes

     q = (    0.000000000   0.000000000  -0.353553391 ) 

    1    1
  0.02753418   0.00000000     0.00000000   0.00000000    -0.00000000   0.00000000
  0.00000000   0.00000000     0.02753418   0.00000000     0.00000000   0.00000000
 -0.00000000   0.00000000     0.00000000   0.00000000     0.15614170   0.00000000

     Dynamical  Matrix in cartesian axes

     q = (   -0.353553391   0.000000000   0.000000000 ) 

    1    1
  0.15614170   0.00000000    -0.00000000  -0.00000000     0.00000000   0.00000000
  0.00000000   0.00000000     0.02753418   0.00000000     0.00000000   0.00000000
  0.00000000  -0.00000000    -0.00000000  -0.00000000     0.02753418   0.00000000
