  2.000000000000000E-002  0.615912330263392        2.64609657376066     
          12

     Dynamical  Matrix in cartesian axes

     q = (    0.353553391   0.000000000   0.353553391 ) 

    1    1
  0.10840927  -0.00000000    -0.00000000  -0.00000000     0.10131164  -0.00000000
  0.00000000   0.00000000     0.06520807   0.00000000     0.00000000   0.00000000
  0.10131164  -0.00000000    -0.00000000  -0.00000000     0.10840927  -0.00000000

     Dynamical  Matrix in cartesian axes

     q = (   -0.353553391   0.000000000   0.353553391 ) 

    1    1
  0.10840927   0.00000000     0.00000000  -0.00000000    -0.10131164  -0.00000000
  0.00000000  -0.00000000     0.06520807  -0.00000000     0.00000000   0.00000000
 -0.10131164   0.00000000     0.00000000   0.00000000     0.10840927  -0.00000000

     Dynamical  Matrix in cartesian axes

     q = (   -0.353553391   0.000000000  -0.353553391 ) 

    1    1
  0.10840927   0.00000000    -0.00000000   0.00000000     0.10131164   0.00000000
  0.00000000   0.00000000     0.06520807   0.00000000     0.00000000   0.00000000
  0.10131164   0.00000000    -0.00000000   0.00000000     0.10840927   0.00000000

     Dynamical  Matrix in cartesian axes

     q = (    0.353553391   0.000000000  -0.353553391 ) 

    1    1
  0.10840927   0.00000000     0.00000000  -0.00000000    -0.10131164   0.00000000
  0.00000000   0.00000000     0.06520807  -0.00000000     0.00000000   0.00000000
 -0.10131164  -0.00000000     0.00000000   0.00000000     0.10840927  -0.00000000

     Dynamical  Matrix in cartesian axes

     q = (    0.000000000   0.353553391  -0.353553391 ) 

    1    1
  0.06520807   0.00000000    -0.00000000   0.00000000     0.00000000  -0.00000000
 -0.00000000  -0.00000000     0.10840927   0.00000000    -0.10131164   0.00000000
  0.00000000   0.00000000    -0.10131164   0.00000000     0.10840927   0.00000000

     Dynamical  Matrix in cartesian axes

     q = (   -0.353553391   0.353553391   0.000000000 ) 

    1    1
  0.10840927   0.00000000    -0.10131164   0.00000000    -0.00000000  -0.00000000
 -0.10131164   0.00000000     0.10840927   0.00000000    -0.00000000   0.00000000
 -0.00000000   0.00000000     0.00000000   0.00000000     0.06520807  -0.00000000

     Dynamical  Matrix in cartesian axes

     q = (    0.000000000   0.353553391   0.353553391 ) 

    1    1
  0.06520807  -0.00000000    -0.00000000   0.00000000    -0.00000000   0.00000000
  0.00000000  -0.00000000     0.10840927   0.00000000     0.10131164   0.00000000
 -0.00000000  -0.00000000     0.10131164   0.00000000     0.10840927   0.00000000

     Dynamical  Matrix in cartesian axes

     q = (    0.000000000  -0.353553391  -0.353553391 ) 

    1    1
  0.06520807  -0.00000000    -0.00000000   0.00000000    -0.00000000   0.00000000
  0.00000000  -0.00000000     0.10840927  -0.00000000     0.10131164  -0.00000000
  0.00000000  -0.00000000     0.10131164   0.00000000     0.10840927   0.00000000

     Dynamical  Matrix in cartesian axes

     q = (    0.353553391   0.353553391   0.000000000 ) 

    1    1
  0.10840927   0.00000000     0.10131164   0.00000000    -0.00000000   0.00000000
  0.10131164   0.00000000     0.10840927   0.00000000     0.00000000   0.00000000
 -0.00000000   0.00000000    -0.00000000   0.00000000     0.06520807   0.00000000

     Dynamical  Matrix in cartesian axes

     q = (    0.353553391  -0.353553391   0.000000000 ) 

    1    1
  0.10840927  -0.00000000    -0.10131164   0.00000000     0.00000000  -0.00000000
 -0.10131164  -0.00000000     0.10840927   0.00000000     0.00000000   0.00000000
 -0.00000000   0.00000000     0.00000000  -0.00000000     0.06520807  -0.00000000

     Dynamical  Matrix in cartesian axes

     q = (   -0.353553391  -0.353553391   0.000000000 ) 

    1    1
  0.10840927   0.00000000     0.10131164   0.00000000    -0.00000000   0.00000000
  0.10131164   0.00000000     0.10840927   0.00000000    -0.00000000   0.00000000
  0.00000000   0.00000000     0.00000000   0.00000000     0.06520807   0.00000000

     Dynamical  Matrix in cartesian axes

     q = (    0.000000000  -0.353553391   0.353553391 ) 

    1    1
  0.06520807   0.00000000     0.00000000   0.00000000    -0.00000000   0.00000000
  0.00000000   0.00000000     0.10840927   0.00000000    -0.10131164   0.00000000
 -0.00000000   0.00000000    -0.10131164   0.00000000     0.10840927   0.00000000
