  2.000000000000000E-002  0.615912330263392        2.64609657376066     
           8

     Dynamical  Matrix in cartesian axes

     q = (   -0.176776695   0.176776695  -0.176776695 ) 

    1    1
  0.04406255  -0.00000000    -0.03493028   0.00000000     0.03493028  -0.00000000
 -0.03493028   0.00000000     0.04406255  -0.00000000    -0.03493028   0.00000000
  0.03493028  -0.00000000    -0.03493028  -0.00000000     0.04406255  -0.00000000

     Dynamical  Matrix in cartesian axes

     q = (    0.176776695  -0.176776695  -0.176776695 ) 

    1    1
  0.04406255  -0.00000000    -0.03493028   0.00000000    -0.03493028   0.00000000
 -0.03493028   0.00000000     0.04406255  -0.00000000     0.03493028  -0.00000000
 -0.03493028   0.00000000     0.03493028  -0.00000000     0.04406255  -0.00000000

     Dynamical  Matrix in cartesian axes

     q = (    0.176776695  -0.176776695   0.176776695 ) 

    1    1
  0.04406255  -0.00000000    -0.03493028   0.00000000     0.03493028  -0.00000000
 -0.03493028   0.00000000     0.04406255  -0.00000000    -0.03493028   0.00000000
  0.03493028  -0.00000000    -0.03493028   0.00000000     0.04406255  -0.00000000

     Dynamical  Matrix in cartesian axes

     q = (    0.176776695   0.176776695   0.176776695 ) 

    1    1
  0.04406255  -0.00000000     0.03493028  -0.00000000     0.03493028  -0.00000000
  0.03493028  -0.00000000     0.04406255  -0.00000000     0.03493028  -0.00000000
  0.03493028  -0.00000000     0.03493028  -0.00000000     0.04406255  -0.00000000

     Dynamical  Matrix in cartesian axes

     q = (   -0.176776695  -0.176776695  -0.176776695 ) 

    1    1
  0.04406255  -0.00000000     0.03493028  -0.00000000     0.03493028  -0.00000000
  0.03493028  -0.00000000     0.04406255  -0.00000000     0.03493028  -0.00000000
  0.03493028  -0.00000000     0.03493028  -0.00000000     0.04406255  -0.00000000

     Dynamical  Matrix in cartesian axes

     q = (   -0.176776695  -0.176776695   0.176776695 ) 

    1    1
  0.04406255  -0.00000000     0.03493028  -0.00000000    -0.03493028   0.00000000
  0.03493028  -0.00000000     0.04406255  -0.00000000    -0.03493028   0.00000000
 -0.03493028   0.00000000    -0.03493028   0.00000000     0.04406255  -0.00000000

     Dynamical  Matrix in cartesian axes

     q = (   -0.176776695   0.176776695   0.176776695 ) 

    1    1
  0.04406255  -0.00000000    -0.03493028   0.00000000    -0.03493028   0.00000000
 -0.03493028   0.00000000     0.04406255  -0.00000000     0.03493028  -0.00000000
 -0.03493028   0.00000000     0.03493028  -0.00000000     0.04406255  -0.00000000

     Dynamical  Matrix in cartesian axes

     q = (    0.176776695   0.176776695  -0.176776695 ) 

    1    1
  0.04406255  -0.00000000     0.03493028  -0.00000000    -0.03493028   0.00000000
  0.03493028  -0.00000000     0.04406255  -0.00000000    -0.03493028   0.00000000
 -0.03493028   0.00000000    -0.03493028   0.00000000     0.04406255  -0.00000000
