  4.000000000000000E-002  0.615534661096846        2.64833936444670     
           4

     Dynamical  Matrix in cartesian axes

     q = (    0.353553391  -0.353553391   0.353553391 ) 

    1    1
  0.08528751   0.00000000    -0.06204773   0.00000000     0.06204773   0.00000000
 -0.06204773   0.00000000     0.08528751   0.00000000    -0.06204773   0.00000000
  0.06204773   0.00000000    -0.06204773   0.00000000     0.08528751   0.00000000

     Dynamical  Matrix in cartesian axes

     q = (    0.353553391   0.353553391   0.353553391 ) 

    1    1
  0.08528751   0.00000000     0.06204773   0.00000000     0.06204773   0.00000000
  0.06204773   0.00000000     0.08528751   0.00000000     0.06204773   0.00000000
  0.06204773   0.00000000     0.06204773   0.00000000     0.08528751   0.00000000

     Dynamical  Matrix in cartesian axes

     q = (   -0.353553391   0.353553391   0.353553391 ) 

    1    1
  0.08528751   0.00000000    -0.06204773   0.00000000    -0.06204773   0.00000000
 -0.06204773   0.00000000     0.08528751   0.00000000     0.06204773   0.00000000
 -0.06204773   0.00000000     0.06204773   0.00000000     0.08528751   0.00000000

     Dynamical  Matrix in cartesian axes

     q = (    0.353553391   0.353553391  -0.353553391 ) 

    1    1
  0.08528751   0.00000000     0.06204773   0.00000000    -0.06204773   0.00000000
  0.06204773   0.00000000     0.08528751   0.00000000    -0.06204773   0.00000000
 -0.06204773   0.00000000    -0.06204773   0.00000000     0.08528751   0.00000000
