  1.500000000000000E-002  0.615856783269880        2.64743867141258     
           4

     Dynamical  Matrix in cartesian axes

     q = (    0.353553391  -0.353553391   0.353553391 ) 

    1    1
  0.05979756   0.00000000    -0.04112794   0.00000000     0.04112794   0.00000000
 -0.04112794   0.00000000     0.05979756   0.00000000    -0.04112794   0.00000000
  0.04112794   0.00000000    -0.04112794   0.00000000     0.05979756   0.00000000

     Dynamical  Matrix in cartesian axes

     q = (    0.353553391   0.353553391   0.353553391 ) 

    1    1
  0.05979756   0.00000000     0.04112794   0.00000000     0.04112794   0.00000000
  0.04112794   0.00000000     0.05979756   0.00000000     0.04112794   0.00000000
  0.04112794   0.00000000     0.04112794   0.00000000     0.05979756   0.00000000

     Dynamical  Matrix in cartesian axes

     q = (   -0.353553391   0.353553391   0.353553391 ) 

    1    1
  0.05979756   0.00000000    -0.04112794   0.00000000    -0.04112794   0.00000000
 -0.04112794   0.00000000     0.05979756   0.00000000     0.04112794   0.00000000
 -0.04112794   0.00000000     0.04112794   0.00000000     0.05979756   0.00000000

     Dynamical  Matrix in cartesian axes

     q = (    0.353553391   0.353553391  -0.353553391 ) 

    1    1
  0.05979756   0.00000000     0.04112794   0.00000000    -0.04112794   0.00000000
  0.04112794   0.00000000     0.05979756   0.00000000    -0.04112794   0.00000000
 -0.04112794   0.00000000    -0.04112794   0.00000000     0.05979756   0.00000000
