  3.000000000000000E-002  0.615800306143019        2.64382875176948     
          24

     Dynamical  Matrix in cartesian axes

     q = (    0.530330086  -0.176776695   0.530330086 ) 

    1    1
  0.06825010  -0.00000000    -0.04941966  -0.00000000     0.03170925  -0.00000000
 -0.04941966   0.00000000     0.15709742   0.00000000    -0.04941966   0.00000000
  0.03170925  -0.00000000    -0.04941966  -0.00000000     0.06825010  -0.00000000

     Dynamical  Matrix in cartesian axes

     q = (    0.530330086  -0.176776695  -0.530330086 ) 

    1    1
  0.06825010  -0.00000000    -0.04941966  -0.00000000    -0.03170925   0.00000000
 -0.04941966   0.00000000     0.15709742   0.00000000     0.04941966  -0.00000000
 -0.03170925   0.00000000     0.04941966   0.00000000     0.06825010  -0.00000000

     Dynamical  Matrix in cartesian axes

     q = (   -0.530330086  -0.176776695  -0.530330086 ) 

    1    1
  0.06825010  -0.00000000     0.04941966   0.00000000     0.03170925  -0.00000000
  0.04941966  -0.00000000     0.15709742   0.00000000     0.04941966  -0.00000000
  0.03170925  -0.00000000     0.04941966   0.00000000     0.06825010  -0.00000000

     Dynamical  Matrix in cartesian axes

     q = (   -0.530330086  -0.176776695   0.530330086 ) 

    1    1
  0.06825010  -0.00000000     0.04941966   0.00000000    -0.03170925   0.00000000
  0.04941966  -0.00000000     0.15709742   0.00000000    -0.04941966   0.00000000
 -0.03170925   0.00000000    -0.04941966  -0.00000000     0.06825010  -0.00000000

     Dynamical  Matrix in cartesian axes

     q = (   -0.530330086   0.176776695  -0.530330086 ) 

    1    1
  0.06825010  -0.00000000    -0.04941966  -0.00000000     0.03170925  -0.00000000
 -0.04941966   0.00000000     0.15709742   0.00000000    -0.04941966   0.00000000
  0.03170925  -0.00000000    -0.04941966  -0.00000000     0.06825010  -0.00000000

     Dynamical  Matrix in cartesian axes

     q = (   -0.176776695   0.530330086  -0.530330086 ) 

    1    1
  0.15709742   0.00000000    -0.04941966   0.00000000     0.04941966  -0.00000000
 -0.04941966  -0.00000000     0.06825010  -0.00000000    -0.03170925   0.00000000
  0.04941966   0.00000000    -0.03170925   0.00000000     0.06825010  -0.00000000

     Dynamical  Matrix in cartesian axes

     q = (   -0.530330086   0.530330086  -0.176776695 ) 

    1    1
  0.06825010  -0.00000000    -0.03170925   0.00000000     0.04941966   0.00000000
 -0.03170925   0.00000000     0.06825010  -0.00000000    -0.04941966  -0.00000000
  0.04941966  -0.00000000    -0.04941966   0.00000000     0.15709742   0.00000000

     Dynamical  Matrix in cartesian axes

     q = (    0.530330086   0.176776695   0.530330086 ) 

    1    1
  0.06825010  -0.00000000     0.04941966   0.00000000     0.03170925  -0.00000000
  0.04941966  -0.00000000     0.15709742   0.00000000     0.04941966  -0.00000000
  0.03170925  -0.00000000     0.04941966   0.00000000     0.06825010  -0.00000000

     Dynamical  Matrix in cartesian axes

     q = (   -0.530330086   0.176776695   0.530330086 ) 

    1    1
  0.06825010  -0.00000000    -0.04941966  -0.00000000    -0.03170925   0.00000000
 -0.04941966   0.00000000     0.15709742   0.00000000     0.04941966  -0.00000000
 -0.03170925   0.00000000     0.04941966   0.00000000     0.06825010  -0.00000000

     Dynamical  Matrix in cartesian axes

     q = (    0.530330086   0.176776695  -0.530330086 ) 

    1    1
  0.06825010  -0.00000000     0.04941966   0.00000000    -0.03170925   0.00000000
  0.04941966  -0.00000000     0.15709742   0.00000000    -0.04941966   0.00000000
 -0.03170925   0.00000000    -0.04941966  -0.00000000     0.06825010  -0.00000000

     Dynamical  Matrix in cartesian axes

     q = (   -0.530330086   0.530330086   0.176776695 ) 

    1    1
  0.06825010  -0.00000000    -0.03170925   0.00000000    -0.04941966  -0.00000000
 -0.03170925   0.00000000     0.06825010  -0.00000000     0.04941966   0.00000000
 -0.04941966   0.00000000     0.04941966  -0.00000000     0.15709742   0.00000000

     Dynamical  Matrix in cartesian axes

     q = (   -0.176776695   0.530330086   0.530330086 ) 

    1    1
  0.15709742   0.00000000    -0.04941966   0.00000000    -0.04941966   0.00000000
 -0.04941966  -0.00000000     0.06825010  -0.00000000     0.03170925  -0.00000000
 -0.04941966  -0.00000000     0.03170925  -0.00000000     0.06825010  -0.00000000

     Dynamical  Matrix in cartesian axes

     q = (    0.176776695   0.530330086  -0.530330086 ) 

    1    1
  0.15709742   0.00000000     0.04941966  -0.00000000    -0.04941966   0.00000000
  0.04941966   0.00000000     0.06825010  -0.00000000    -0.03170925   0.00000000
 -0.04941966  -0.00000000    -0.03170925   0.00000000     0.06825010  -0.00000000

     Dynamical  Matrix in cartesian axes

     q = (   -0.176776695  -0.530330086  -0.530330086 ) 

    1    1
  0.15709742   0.00000000     0.04941966  -0.00000000     0.04941966  -0.00000000
  0.04941966   0.00000000     0.06825010  -0.00000000     0.03170925  -0.00000000
  0.04941966   0.00000000     0.03170925  -0.00000000     0.06825010  -0.00000000

     Dynamical  Matrix in cartesian axes

     q = (    0.530330086   0.530330086  -0.176776695 ) 

    1    1
  0.06825010  -0.00000000     0.03170925  -0.00000000    -0.04941966  -0.00000000
  0.03170925  -0.00000000     0.06825010  -0.00000000    -0.04941966  -0.00000000
 -0.04941966   0.00000000    -0.04941966   0.00000000     0.15709742   0.00000000

     Dynamical  Matrix in cartesian axes

     q = (    0.530330086  -0.530330086   0.176776695 ) 

    1    1
  0.06825010  -0.00000000    -0.03170925   0.00000000     0.04941966   0.00000000
 -0.03170925   0.00000000     0.06825010  -0.00000000    -0.04941966  -0.00000000
  0.04941966  -0.00000000    -0.04941966   0.00000000     0.15709742   0.00000000

     Dynamical  Matrix in cartesian axes

     q = (   -0.530330086  -0.530330086  -0.176776695 ) 

    1    1
  0.06825010  -0.00000000     0.03170925  -0.00000000     0.04941966   0.00000000
  0.03170925  -0.00000000     0.06825010  -0.00000000     0.04941966   0.00000000
  0.04941966  -0.00000000     0.04941966  -0.00000000     0.15709742   0.00000000

     Dynamical  Matrix in cartesian axes

     q = (    0.176776695  -0.530330086   0.530330086 ) 

    1    1
  0.15709742   0.00000000    -0.04941966   0.00000000     0.04941966  -0.00000000
 -0.04941966  -0.00000000     0.06825010  -0.00000000    -0.03170925   0.00000000
  0.04941966   0.00000000    -0.03170925   0.00000000     0.06825010  -0.00000000

     Dynamical  Matrix in cartesian axes

     q = (   -0.530330086  -0.530330086   0.176776695 ) 

    1    1
  0.06825010  -0.00000000     0.03170925  -0.00000000    -0.04941966  -0.00000000
  0.03170925  -0.00000000     0.06825010  -0.00000000    -0.04941966  -0.00000000
 -0.04941966   0.00000000    -0.04941966   0.00000000     0.15709742   0.00000000

     Dynamical  Matrix in cartesian axes

     q = (    0.176776695   0.530330086   0.530330086 ) 

    1    1
  0.15709742   0.00000000     0.04941966  -0.00000000     0.04941966  -0.00000000
  0.04941966   0.00000000     0.06825010  -0.00000000     0.03170925  -0.00000000
  0.04941966   0.00000000     0.03170925  -0.00000000     0.06825010  -0.00000000

     Dynamical  Matrix in cartesian axes

     q = (   -0.176776695  -0.530330086   0.530330086 ) 

    1    1
  0.15709742   0.00000000     0.04941966  -0.00000000    -0.04941966   0.00000000
  0.04941966   0.00000000     0.06825010  -0.00000000    -0.03170925   0.00000000
 -0.04941966  -0.00000000    -0.03170925   0.00000000     0.06825010  -0.00000000

     Dynamical  Matrix in cartesian axes

     q = (    0.530330086   0.530330086   0.176776695 ) 

    1    1
  0.06825010  -0.00000000     0.03170925  -0.00000000     0.04941966   0.00000000
  0.03170925  -0.00000000     0.06825010  -0.00000000     0.04941966   0.00000000
  0.04941966  -0.00000000     0.04941966  -0.00000000     0.15709742   0.00000000

     Dynamical  Matrix in cartesian axes

     q = (    0.176776695  -0.530330086  -0.530330086 ) 

    1    1
  0.15709742   0.00000000    -0.04941966   0.00000000    -0.04941966   0.00000000
 -0.04941966  -0.00000000     0.06825010  -0.00000000     0.03170925  -0.00000000
 -0.04941966  -0.00000000     0.03170925  -0.00000000     0.06825010  -0.00000000

     Dynamical  Matrix in cartesian axes

     q = (    0.530330086  -0.530330086  -0.176776695 ) 

    1    1
  0.06825010  -0.00000000    -0.03170925   0.00000000    -0.04941966  -0.00000000
 -0.03170925   0.00000000     0.06825010  -0.00000000     0.04941966   0.00000000
 -0.04941966   0.00000000     0.04941966  -0.00000000     0.15709742   0.00000000
