  2.500000000000000E-002  0.615887920210634        2.64352344053528     
           8

     Dynamical  Matrix in cartesian axes

     q = (   -0.176776695   0.176776695  -0.176776695 ) 

    1    1
  0.04323773   0.00000000    -0.03429323  -0.00000000     0.03429323  -0.00000000
 -0.03429323   0.00000000     0.04323773  -0.00000000    -0.03429323   0.00000000
  0.03429323   0.00000000    -0.03429323  -0.00000000     0.04323773  -0.00000000

     Dynamical  Matrix in cartesian axes

     q = (    0.176776695  -0.176776695  -0.176776695 ) 

    1    1
  0.04323773   0.00000000    -0.03429323   0.00000000    -0.03429323   0.00000000
 -0.03429323   0.00000000     0.04323773   0.00000000     0.03429323   0.00000000
 -0.03429323  -0.00000000     0.03429323   0.00000000     0.04323773  -0.00000000

     Dynamical  Matrix in cartesian axes

     q = (    0.176776695  -0.176776695   0.176776695 ) 

    1    1
  0.04323773  -0.00000000    -0.03429323   0.00000000     0.03429323  -0.00000000
 -0.03429323   0.00000000     0.04323773  -0.00000000    -0.03429323   0.00000000
  0.03429323  -0.00000000    -0.03429323   0.00000000     0.04323773  -0.00000000

     Dynamical  Matrix in cartesian axes

     q = (    0.176776695   0.176776695   0.176776695 ) 

    1    1
  0.04323773  -0.00000000     0.03429323  -0.00000000     0.03429323  -0.00000000
  0.03429323  -0.00000000     0.04323773  -0.00000000     0.03429323  -0.00000000
  0.03429323  -0.00000000     0.03429323  -0.00000000     0.04323773  -0.00000000

     Dynamical  Matrix in cartesian axes

     q = (   -0.176776695  -0.176776695  -0.176776695 ) 

    1    1
  0.04323773  -0.00000000     0.03429323  -0.00000000     0.03429323  -0.00000000
  0.03429323  -0.00000000     0.04323773  -0.00000000     0.03429323  -0.00000000
  0.03429323  -0.00000000     0.03429323   0.00000000     0.04323773   0.00000000

     Dynamical  Matrix in cartesian axes

     q = (   -0.176776695  -0.176776695   0.176776695 ) 

    1    1
  0.04323773  -0.00000000     0.03429323  -0.00000000    -0.03429323   0.00000000
  0.03429323  -0.00000000     0.04323773  -0.00000000    -0.03429323   0.00000000
 -0.03429323   0.00000000    -0.03429323   0.00000000     0.04323773  -0.00000000

     Dynamical  Matrix in cartesian axes

     q = (   -0.176776695   0.176776695   0.176776695 ) 

    1    1
  0.04323773   0.00000000    -0.03429323   0.00000000    -0.03429323  -0.00000000
 -0.03429323  -0.00000000     0.04323773  -0.00000000     0.03429323  -0.00000000
 -0.03429323   0.00000000     0.03429323   0.00000000     0.04323773   0.00000000

     Dynamical  Matrix in cartesian axes

     q = (    0.176776695   0.176776695  -0.176776695 ) 

    1    1
  0.04323773   0.00000000     0.03429323  -0.00000000    -0.03429323   0.00000000
  0.03429323   0.00000000     0.04323773  -0.00000000    -0.03429323   0.00000000
 -0.03429323   0.00000000    -0.03429323   0.00000000     0.04323773  -0.00000000
