  4.000000000000000E-002  0.615534661096846        2.64833936444670     
          12

     Dynamical  Matrix in cartesian axes

     q = (    0.353553391   0.000000000   0.353553391 ) 

    1    1
  0.09236371   0.00000000     0.00000000   0.00000000     0.08290889   0.00000000
  0.00000000   0.00000000     0.06864853   0.00000000     0.00000000   0.00000000
  0.08290889   0.00000000     0.00000000   0.00000000     0.09236371   0.00000000

     Dynamical  Matrix in cartesian axes

     q = (   -0.353553391   0.000000000   0.353553391 ) 

    1    1
  0.09236371   0.00000000    -0.00000000   0.00000000    -0.08290889   0.00000000
 -0.00000000   0.00000000     0.06864853   0.00000000     0.00000000   0.00000000
 -0.08290889   0.00000000     0.00000000   0.00000000     0.09236371   0.00000000

     Dynamical  Matrix in cartesian axes

     q = (   -0.353553391   0.000000000  -0.353553391 ) 

    1    1
  0.09236371   0.00000000     0.00000000   0.00000000     0.08290889   0.00000000
  0.00000000   0.00000000     0.06864853   0.00000000     0.00000000   0.00000000
  0.08290889   0.00000000     0.00000000   0.00000000     0.09236371   0.00000000

     Dynamical  Matrix in cartesian axes

     q = (    0.353553391   0.000000000  -0.353553391 ) 

    1    1
  0.09236371   0.00000000     0.00000000   0.00000000    -0.08290889   0.00000000
 -0.00000000   0.00000000     0.06864853   0.00000000    -0.00000000   0.00000000
 -0.08290889   0.00000000     0.00000000   0.00000000     0.09236371   0.00000000

     Dynamical  Matrix in cartesian axes

     q = (    0.000000000   0.353553391  -0.353553391 ) 

    1    1
  0.06864853   0.00000000    -0.00000000   0.00000000     0.00000000   0.00000000
 -0.00000000   0.00000000     0.09236371   0.00000000    -0.08290889   0.00000000
  0.00000000   0.00000000    -0.08290889   0.00000000     0.09236371   0.00000000

     Dynamical  Matrix in cartesian axes

     q = (   -0.353553391   0.353553391   0.000000000 ) 

    1    1
  0.09236371   0.00000000    -0.08290889   0.00000000    -0.00000000   0.00000000
 -0.08290889   0.00000000     0.09236371   0.00000000     0.00000000   0.00000000
 -0.00000000   0.00000000     0.00000000   0.00000000     0.06864853   0.00000000

     Dynamical  Matrix in cartesian axes

     q = (    0.000000000   0.353553391   0.353553391 ) 

    1    1
  0.06864853   0.00000000    -0.00000000   0.00000000    -0.00000000   0.00000000
 -0.00000000   0.00000000     0.09236371   0.00000000     0.08290889   0.00000000
 -0.00000000   0.00000000     0.08290889   0.00000000     0.09236371   0.00000000

     Dynamical  Matrix in cartesian axes

     q = (    0.000000000  -0.353553391  -0.353553391 ) 

    1    1
  0.06864853   0.00000000    -0.00000000   0.00000000    -0.00000000   0.00000000
 -0.00000000   0.00000000     0.09236371   0.00000000     0.08290889   0.00000000
 -0.00000000   0.00000000     0.08290889   0.00000000     0.09236371   0.00000000

     Dynamical  Matrix in cartesian axes

     q = (    0.353553391   0.353553391   0.000000000 ) 

    1    1
  0.09236371   0.00000000     0.08290889   0.00000000    -0.00000000   0.00000000
  0.08290889   0.00000000     0.09236371   0.00000000     0.00000000   0.00000000
 -0.00000000   0.00000000     0.00000000   0.00000000     0.06864853   0.00000000

     Dynamical  Matrix in cartesian axes

     q = (    0.353553391  -0.353553391   0.000000000 ) 

    1    1
  0.09236371   0.00000000    -0.08290889   0.00000000    -0.00000000   0.00000000
 -0.08290889   0.00000000     0.09236371   0.00000000     0.00000000   0.00000000
 -0.00000000   0.00000000     0.00000000   0.00000000     0.06864853   0.00000000

     Dynamical  Matrix in cartesian axes

     q = (   -0.353553391  -0.353553391   0.000000000 ) 

    1    1
  0.09236371   0.00000000     0.08290889   0.00000000     0.00000000   0.00000000
  0.08290889   0.00000000     0.09236371   0.00000000     0.00000000   0.00000000
  0.00000000   0.00000000     0.00000000   0.00000000     0.06864853   0.00000000

     Dynamical  Matrix in cartesian axes

     q = (    0.000000000  -0.353553391   0.353553391 ) 

    1    1
  0.06864853   0.00000000     0.00000000   0.00000000     0.00000000   0.00000000
  0.00000000   0.00000000     0.09236371   0.00000000    -0.08290889   0.00000000
  0.00000000   0.00000000    -0.08290889   0.00000000     0.09236371   0.00000000
