  4.000000000000000E-002  0.615534661096846        2.64833936444670     
          24

     Dynamical  Matrix in cartesian axes

     q = (    0.530330086  -0.176776695   0.530330086 ) 

    1    1
  0.06771687  -0.00000000    -0.04953613   0.00000000     0.03205656  -0.00000000
 -0.04953613  -0.00000000     0.15876153   0.00000000    -0.04953613  -0.00000000
  0.03205656  -0.00000000    -0.04953613   0.00000000     0.06771687  -0.00000000

     Dynamical  Matrix in cartesian axes

     q = (    0.530330086  -0.176776695  -0.530330086 ) 

    1    1
  0.06771687  -0.00000000    -0.04953613   0.00000000    -0.03205656   0.00000000
 -0.04953613  -0.00000000     0.15876153   0.00000000     0.04953613   0.00000000
 -0.03205656   0.00000000     0.04953613  -0.00000000     0.06771687  -0.00000000

     Dynamical  Matrix in cartesian axes

     q = (   -0.530330086  -0.176776695  -0.530330086 ) 

    1    1
  0.06771687  -0.00000000     0.04953613  -0.00000000     0.03205656  -0.00000000
  0.04953613   0.00000000     0.15876153   0.00000000     0.04953613   0.00000000
  0.03205656  -0.00000000     0.04953613  -0.00000000     0.06771687  -0.00000000

     Dynamical  Matrix in cartesian axes

     q = (   -0.530330086  -0.176776695   0.530330086 ) 

    1    1
  0.06771687  -0.00000000     0.04953613  -0.00000000    -0.03205656   0.00000000
  0.04953613   0.00000000     0.15876153   0.00000000    -0.04953613  -0.00000000
 -0.03205656   0.00000000    -0.04953613   0.00000000     0.06771687  -0.00000000

     Dynamical  Matrix in cartesian axes

     q = (   -0.530330086   0.176776695  -0.530330086 ) 

    1    1
  0.06771687  -0.00000000    -0.04953613   0.00000000     0.03205656  -0.00000000
 -0.04953613  -0.00000000     0.15876153   0.00000000    -0.04953613  -0.00000000
  0.03205656  -0.00000000    -0.04953613   0.00000000     0.06771687  -0.00000000

     Dynamical  Matrix in cartesian axes

     q = (   -0.176776695   0.530330086  -0.530330086 ) 

    1    1
  0.15876153   0.00000000    -0.04953613  -0.00000000     0.04953613   0.00000000
 -0.04953613   0.00000000     0.06771687  -0.00000000    -0.03205656   0.00000000
  0.04953613  -0.00000000    -0.03205656   0.00000000     0.06771687  -0.00000000

     Dynamical  Matrix in cartesian axes

     q = (   -0.530330086   0.530330086  -0.176776695 ) 

    1    1
  0.06771687  -0.00000000    -0.03205656   0.00000000     0.04953613  -0.00000000
 -0.03205656   0.00000000     0.06771687  -0.00000000    -0.04953613   0.00000000
  0.04953613   0.00000000    -0.04953613  -0.00000000     0.15876153   0.00000000

     Dynamical  Matrix in cartesian axes

     q = (    0.530330086   0.176776695   0.530330086 ) 

    1    1
  0.06771687  -0.00000000     0.04953613  -0.00000000     0.03205656  -0.00000000
  0.04953613   0.00000000     0.15876153   0.00000000     0.04953613   0.00000000
  0.03205656  -0.00000000     0.04953613  -0.00000000     0.06771687  -0.00000000

     Dynamical  Matrix in cartesian axes

     q = (   -0.530330086   0.176776695   0.530330086 ) 

    1    1
  0.06771687  -0.00000000    -0.04953613   0.00000000    -0.03205656   0.00000000
 -0.04953613  -0.00000000     0.15876153   0.00000000     0.04953613   0.00000000
 -0.03205656   0.00000000     0.04953613  -0.00000000     0.06771687  -0.00000000

     Dynamical  Matrix in cartesian axes

     q = (    0.530330086   0.176776695  -0.530330086 ) 

    1    1
  0.06771687  -0.00000000     0.04953613  -0.00000000    -0.03205656   0.00000000
  0.04953613   0.00000000     0.15876153   0.00000000    -0.04953613  -0.00000000
 -0.03205656   0.00000000    -0.04953613   0.00000000     0.06771687  -0.00000000

     Dynamical  Matrix in cartesian axes

     q = (   -0.530330086   0.530330086   0.176776695 ) 

    1    1
  0.06771687  -0.00000000    -0.03205656   0.00000000    -0.04953613   0.00000000
 -0.03205656   0.00000000     0.06771687  -0.00000000     0.04953613  -0.00000000
 -0.04953613  -0.00000000     0.04953613   0.00000000     0.15876153   0.00000000

     Dynamical  Matrix in cartesian axes

     q = (   -0.176776695   0.530330086   0.530330086 ) 

    1    1
  0.15876153   0.00000000    -0.04953613  -0.00000000    -0.04953613  -0.00000000
 -0.04953613   0.00000000     0.06771687  -0.00000000     0.03205656  -0.00000000
 -0.04953613   0.00000000     0.03205656  -0.00000000     0.06771687  -0.00000000

     Dynamical  Matrix in cartesian axes

     q = (    0.176776695   0.530330086  -0.530330086 ) 

    1    1
  0.15876153   0.00000000     0.04953613   0.00000000    -0.04953613  -0.00000000
  0.04953613  -0.00000000     0.06771687  -0.00000000    -0.03205656   0.00000000
 -0.04953613   0.00000000    -0.03205656   0.00000000     0.06771687  -0.00000000

     Dynamical  Matrix in cartesian axes

     q = (   -0.176776695  -0.530330086  -0.530330086 ) 

    1    1
  0.15876153   0.00000000     0.04953613   0.00000000     0.04953613   0.00000000
  0.04953613  -0.00000000     0.06771687  -0.00000000     0.03205656  -0.00000000
  0.04953613  -0.00000000     0.03205656  -0.00000000     0.06771687  -0.00000000

     Dynamical  Matrix in cartesian axes

     q = (    0.530330086   0.530330086  -0.176776695 ) 

    1    1
  0.06771687  -0.00000000     0.03205656  -0.00000000    -0.04953613   0.00000000
  0.03205656  -0.00000000     0.06771687  -0.00000000    -0.04953613   0.00000000
 -0.04953613  -0.00000000    -0.04953613  -0.00000000     0.15876153   0.00000000

     Dynamical  Matrix in cartesian axes

     q = (    0.530330086  -0.530330086   0.176776695 ) 

    1    1
  0.06771687  -0.00000000    -0.03205656   0.00000000     0.04953613  -0.00000000
 -0.03205656   0.00000000     0.06771687  -0.00000000    -0.04953613   0.00000000
  0.04953613   0.00000000    -0.04953613  -0.00000000     0.15876153   0.00000000

     Dynamical  Matrix in cartesian axes

     q = (   -0.530330086  -0.530330086  -0.176776695 ) 

    1    1
  0.06771687  -0.00000000     0.03205656  -0.00000000     0.04953613  -0.00000000
  0.03205656  -0.00000000     0.06771687  -0.00000000     0.04953613  -0.00000000
  0.04953613   0.00000000     0.04953613   0.00000000     0.15876153   0.00000000

     Dynamical  Matrix in cartesian axes

     q = (    0.176776695  -0.530330086   0.530330086 ) 

    1    1
  0.15876153   0.00000000    -0.04953613  -0.00000000     0.04953613   0.00000000
 -0.04953613   0.00000000     0.06771687  -0.00000000    -0.03205656   0.00000000
  0.04953613  -0.00000000    -0.03205656   0.00000000     0.06771687  -0.00000000

     Dynamical  Matrix in cartesian axes

     q = (   -0.530330086  -0.530330086   0.176776695 ) 

    1    1
  0.06771687  -0.00000000     0.03205656  -0.00000000    -0.04953613   0.00000000
  0.03205656  -0.00000000     0.06771687  -0.00000000    -0.04953613   0.00000000
 -0.04953613  -0.00000000    -0.04953613  -0.00000000     0.15876153   0.00000000

     Dynamical  Matrix in cartesian axes

     q = (    0.176776695   0.530330086   0.530330086 ) 

    1    1
  0.15876153   0.00000000     0.04953613   0.00000000     0.04953613   0.00000000
  0.04953613  -0.00000000     0.06771687  -0.00000000     0.03205656  -0.00000000
  0.04953613  -0.00000000     0.03205656  -0.00000000     0.06771687  -0.00000000

     Dynamical  Matrix in cartesian axes

     q = (   -0.176776695  -0.530330086   0.530330086 ) 

    1    1
  0.15876153   0.00000000     0.04953613   0.00000000    -0.04953613  -0.00000000
  0.04953613  -0.00000000     0.06771687  -0.00000000    -0.03205656   0.00000000
 -0.04953613   0.00000000    -0.03205656   0.00000000     0.06771687  -0.00000000

     Dynamical  Matrix in cartesian axes

     q = (    0.530330086   0.530330086   0.176776695 ) 

    1    1
  0.06771687  -0.00000000     0.03205656  -0.00000000     0.04953613  -0.00000000
  0.03205656  -0.00000000     0.06771687  -0.00000000     0.04953613  -0.00000000
  0.04953613   0.00000000     0.04953613   0.00000000     0.15876153   0.00000000

     Dynamical  Matrix in cartesian axes

     q = (    0.176776695  -0.530330086  -0.530330086 ) 

    1    1
  0.15876153   0.00000000    -0.04953613  -0.00000000    -0.04953613  -0.00000000
 -0.04953613   0.00000000     0.06771687  -0.00000000     0.03205656  -0.00000000
 -0.04953613   0.00000000     0.03205656  -0.00000000     0.06771687  -0.00000000

     Dynamical  Matrix in cartesian axes

     q = (    0.530330086  -0.530330086  -0.176776695 ) 

    1    1
  0.06771687  -0.00000000    -0.03205656   0.00000000    -0.04953613   0.00000000
 -0.03205656   0.00000000     0.06771687  -0.00000000     0.04953613  -0.00000000
 -0.04953613  -0.00000000     0.04953613   0.00000000     0.15876153   0.00000000
