  2.500000000000000E-002  0.615887920210634        2.64352344053528     
          24

     Dynamical  Matrix in cartesian axes

     q = (    0.530330086  -0.176776695   0.530330086 ) 

    1    1
  0.06792023  -0.00000000    -0.04848672   0.00000000     0.03088439  -0.00000000
 -0.04848672  -0.00000000     0.15480162   0.00000000    -0.04848672  -0.00000000
  0.03088439  -0.00000000    -0.04848672   0.00000000     0.06792023  -0.00000000

     Dynamical  Matrix in cartesian axes

     q = (    0.530330086  -0.176776695  -0.530330086 ) 

    1    1
  0.06792023  -0.00000000    -0.04848672   0.00000000    -0.03088439   0.00000000
 -0.04848672  -0.00000000     0.15480162   0.00000000     0.04848672   0.00000000
 -0.03088439   0.00000000     0.04848672  -0.00000000     0.06792023  -0.00000000

     Dynamical  Matrix in cartesian axes

     q = (   -0.530330086  -0.176776695  -0.530330086 ) 

    1    1
  0.06792023  -0.00000000     0.04848672  -0.00000000     0.03088439  -0.00000000
  0.04848672   0.00000000     0.15480162   0.00000000     0.04848672   0.00000000
  0.03088439  -0.00000000     0.04848672  -0.00000000     0.06792023  -0.00000000

     Dynamical  Matrix in cartesian axes

     q = (   -0.530330086  -0.176776695   0.530330086 ) 

    1    1
  0.06792023  -0.00000000     0.04848672  -0.00000000    -0.03088439   0.00000000
  0.04848672   0.00000000     0.15480162   0.00000000    -0.04848672  -0.00000000
 -0.03088439   0.00000000    -0.04848672   0.00000000     0.06792023  -0.00000000

     Dynamical  Matrix in cartesian axes

     q = (   -0.530330086   0.176776695  -0.530330086 ) 

    1    1
  0.06792023  -0.00000000    -0.04848672   0.00000000     0.03088439  -0.00000000
 -0.04848672  -0.00000000     0.15480162   0.00000000    -0.04848672  -0.00000000
  0.03088439  -0.00000000    -0.04848672   0.00000000     0.06792023  -0.00000000

     Dynamical  Matrix in cartesian axes

     q = (   -0.176776695   0.530330086  -0.530330086 ) 

    1    1
  0.15480162   0.00000000    -0.04848672  -0.00000000     0.04848672   0.00000000
 -0.04848672   0.00000000     0.06792023  -0.00000000    -0.03088439   0.00000000
  0.04848672  -0.00000000    -0.03088439   0.00000000     0.06792023  -0.00000000

     Dynamical  Matrix in cartesian axes

     q = (   -0.530330086   0.530330086  -0.176776695 ) 

    1    1
  0.06792023  -0.00000000    -0.03088439   0.00000000     0.04848672  -0.00000000
 -0.03088439   0.00000000     0.06792023  -0.00000000    -0.04848672   0.00000000
  0.04848672   0.00000000    -0.04848672  -0.00000000     0.15480162   0.00000000

     Dynamical  Matrix in cartesian axes

     q = (    0.530330086   0.176776695   0.530330086 ) 

    1    1
  0.06792023  -0.00000000     0.04848672  -0.00000000     0.03088439  -0.00000000
  0.04848672   0.00000000     0.15480162   0.00000000     0.04848672   0.00000000
  0.03088439  -0.00000000     0.04848672  -0.00000000     0.06792023  -0.00000000

     Dynamical  Matrix in cartesian axes

     q = (   -0.530330086   0.176776695   0.530330086 ) 

    1    1
  0.06792023  -0.00000000    -0.04848672   0.00000000    -0.03088439   0.00000000
 -0.04848672  -0.00000000     0.15480162   0.00000000     0.04848672   0.00000000
 -0.03088439   0.00000000     0.04848672  -0.00000000     0.06792023  -0.00000000

     Dynamical  Matrix in cartesian axes

     q = (    0.530330086   0.176776695  -0.530330086 ) 

    1    1
  0.06792023  -0.00000000     0.04848672  -0.00000000    -0.03088439   0.00000000
  0.04848672   0.00000000     0.15480162   0.00000000    -0.04848672  -0.00000000
 -0.03088439   0.00000000    -0.04848672   0.00000000     0.06792023  -0.00000000

     Dynamical  Matrix in cartesian axes

     q = (   -0.530330086   0.530330086   0.176776695 ) 

    1    1
  0.06792023  -0.00000000    -0.03088439   0.00000000    -0.04848672   0.00000000
 -0.03088439   0.00000000     0.06792023  -0.00000000     0.04848672  -0.00000000
 -0.04848672  -0.00000000     0.04848672   0.00000000     0.15480162   0.00000000

     Dynamical  Matrix in cartesian axes

     q = (   -0.176776695   0.530330086   0.530330086 ) 

    1    1
  0.15480162   0.00000000    -0.04848672  -0.00000000    -0.04848672  -0.00000000
 -0.04848672   0.00000000     0.06792023  -0.00000000     0.03088439  -0.00000000
 -0.04848672   0.00000000     0.03088439  -0.00000000     0.06792023  -0.00000000

     Dynamical  Matrix in cartesian axes

     q = (    0.176776695   0.530330086  -0.530330086 ) 

    1    1
  0.15480162   0.00000000     0.04848672   0.00000000    -0.04848672  -0.00000000
  0.04848672  -0.00000000     0.06792023  -0.00000000    -0.03088439   0.00000000
 -0.04848672   0.00000000    -0.03088439   0.00000000     0.06792023  -0.00000000

     Dynamical  Matrix in cartesian axes

     q = (   -0.176776695  -0.530330086  -0.530330086 ) 

    1    1
  0.15480162   0.00000000     0.04848672   0.00000000     0.04848672   0.00000000
  0.04848672  -0.00000000     0.06792023  -0.00000000     0.03088439  -0.00000000
  0.04848672  -0.00000000     0.03088439  -0.00000000     0.06792023  -0.00000000

     Dynamical  Matrix in cartesian axes

     q = (    0.530330086   0.530330086  -0.176776695 ) 

    1    1
  0.06792023  -0.00000000     0.03088439  -0.00000000    -0.04848672   0.00000000
  0.03088439  -0.00000000     0.06792023  -0.00000000    -0.04848672   0.00000000
 -0.04848672  -0.00000000    -0.04848672  -0.00000000     0.15480162   0.00000000

     Dynamical  Matrix in cartesian axes

     q = (    0.530330086  -0.530330086   0.176776695 ) 

    1    1
  0.06792023  -0.00000000    -0.03088439   0.00000000     0.04848672  -0.00000000
 -0.03088439   0.00000000     0.06792023  -0.00000000    -0.04848672   0.00000000
  0.04848672   0.00000000    -0.04848672  -0.00000000     0.15480162   0.00000000

     Dynamical  Matrix in cartesian axes

     q = (   -0.530330086  -0.530330086  -0.176776695 ) 

    1    1
  0.06792023  -0.00000000     0.03088439  -0.00000000     0.04848672  -0.00000000
  0.03088439  -0.00000000     0.06792023  -0.00000000     0.04848672  -0.00000000
  0.04848672   0.00000000     0.04848672   0.00000000     0.15480162   0.00000000

     Dynamical  Matrix in cartesian axes

     q = (    0.176776695  -0.530330086   0.530330086 ) 

    1    1
  0.15480162   0.00000000    -0.04848672  -0.00000000     0.04848672   0.00000000
 -0.04848672   0.00000000     0.06792023  -0.00000000    -0.03088439   0.00000000
  0.04848672  -0.00000000    -0.03088439   0.00000000     0.06792023  -0.00000000

     Dynamical  Matrix in cartesian axes

     q = (   -0.530330086  -0.530330086   0.176776695 ) 

    1    1
  0.06792023  -0.00000000     0.03088439  -0.00000000    -0.04848672   0.00000000
  0.03088439  -0.00000000     0.06792023  -0.00000000    -0.04848672   0.00000000
 -0.04848672  -0.00000000    -0.04848672  -0.00000000     0.15480162   0.00000000

     Dynamical  Matrix in cartesian axes

     q = (    0.176776695   0.530330086   0.530330086 ) 

    1    1
  0.15480162   0.00000000     0.04848672   0.00000000     0.04848672   0.00000000
  0.04848672  -0.00000000     0.06792023  -0.00000000     0.03088439  -0.00000000
  0.04848672  -0.00000000     0.03088439  -0.00000000     0.06792023  -0.00000000

     Dynamical  Matrix in cartesian axes

     q = (   -0.176776695  -0.530330086   0.530330086 ) 

    1    1
  0.15480162   0.00000000     0.04848672   0.00000000    -0.04848672  -0.00000000
  0.04848672  -0.00000000     0.06792023  -0.00000000    -0.03088439   0.00000000
 -0.04848672   0.00000000    -0.03088439   0.00000000     0.06792023  -0.00000000

     Dynamical  Matrix in cartesian axes

     q = (    0.530330086   0.530330086   0.176776695 ) 

    1    1
  0.06792023  -0.00000000     0.03088439  -0.00000000     0.04848672  -0.00000000
  0.03088439  -0.00000000     0.06792023  -0.00000000     0.04848672  -0.00000000
  0.04848672   0.00000000     0.04848672   0.00000000     0.15480162   0.00000000

     Dynamical  Matrix in cartesian axes

     q = (    0.176776695  -0.530330086  -0.530330086 ) 

    1    1
  0.15480162   0.00000000    -0.04848672  -0.00000000    -0.04848672  -0.00000000
 -0.04848672   0.00000000     0.06792023  -0.00000000     0.03088439  -0.00000000
 -0.04848672   0.00000000     0.03088439  -0.00000000     0.06792023  -0.00000000

     Dynamical  Matrix in cartesian axes

     q = (    0.530330086  -0.530330086  -0.176776695 ) 

    1    1
  0.06792023  -0.00000000    -0.03088439   0.00000000    -0.04848672   0.00000000
 -0.03088439   0.00000000     0.06792023  -0.00000000     0.04848672  -0.00000000
 -0.04848672  -0.00000000     0.04848672   0.00000000     0.15480162   0.00000000
