  1.500000000000000E-002  0.615856783269880        2.64743867141258     
          12

     Dynamical  Matrix in cartesian axes

     q = (    0.353553391   0.000000000   0.353553391 ) 

    1    1
  0.11795250  -0.00000000     0.00000000  -0.00000000     0.11205194  -0.00000000
  0.00000000   0.00000000     0.06324769   0.00000000     0.00000000   0.00000000
  0.11205194  -0.00000000     0.00000000  -0.00000000     0.11795250  -0.00000000

     Dynamical  Matrix in cartesian axes

     q = (   -0.353553391   0.000000000   0.353553391 ) 

    1    1
  0.11795250   0.00000000     0.00000000   0.00000000    -0.11205194  -0.00000000
  0.00000000   0.00000000     0.06324769   0.00000000    -0.00000000  -0.00000000
 -0.11205194   0.00000000    -0.00000000   0.00000000     0.11795250  -0.00000000

     Dynamical  Matrix in cartesian axes

     q = (   -0.353553391   0.000000000  -0.353553391 ) 

    1    1
  0.11795250   0.00000000     0.00000000   0.00000000     0.11205194   0.00000000
  0.00000000   0.00000000     0.06324769   0.00000000     0.00000000   0.00000000
  0.11205194   0.00000000     0.00000000   0.00000000     0.11795250   0.00000000

     Dynamical  Matrix in cartesian axes

     q = (    0.353553391   0.000000000  -0.353553391 ) 

    1    1
  0.11795250   0.00000000     0.00000000  -0.00000000    -0.11205194   0.00000000
  0.00000000  -0.00000000     0.06324769  -0.00000000     0.00000000   0.00000000
 -0.11205194   0.00000000     0.00000000   0.00000000     0.11795250   0.00000000

     Dynamical  Matrix in cartesian axes

     q = (    0.000000000   0.353553391  -0.353553391 ) 

    1    1
  0.06324769   0.00000000     0.00000000   0.00000000     0.00000000  -0.00000000
  0.00000000  -0.00000000     0.11795250   0.00000000    -0.11205194   0.00000000
  0.00000000   0.00000000    -0.11205194   0.00000000     0.11795250   0.00000000

     Dynamical  Matrix in cartesian axes

     q = (   -0.353553391   0.353553391   0.000000000 ) 

    1    1
  0.11795250   0.00000000    -0.11205194   0.00000000    -0.00000000   0.00000000
 -0.11205194   0.00000000     0.11795250   0.00000000     0.00000000   0.00000000
  0.00000000   0.00000000     0.00000000   0.00000000     0.06324769   0.00000000

     Dynamical  Matrix in cartesian axes

     q = (    0.000000000   0.353553391   0.353553391 ) 

    1    1
  0.06324769   0.00000000    -0.00000000   0.00000000     0.00000000   0.00000000
  0.00000000   0.00000000     0.11795250   0.00000000     0.11205194   0.00000000
  0.00000000   0.00000000     0.11205194   0.00000000     0.11795250   0.00000000

     Dynamical  Matrix in cartesian axes

     q = (    0.000000000  -0.353553391  -0.353553391 ) 

    1    1
  0.06324769   0.00000000     0.00000000   0.00000000     0.00000000   0.00000000
  0.00000000  -0.00000000     0.11795250  -0.00000000     0.11205194  -0.00000000
  0.00000000   0.00000000     0.11205194   0.00000000     0.11795250   0.00000000

     Dynamical  Matrix in cartesian axes

     q = (    0.353553391   0.353553391   0.000000000 ) 

    1    1
  0.11795250   0.00000000     0.11205194   0.00000000    -0.00000000   0.00000000
  0.11205194   0.00000000     0.11795250   0.00000000     0.00000000   0.00000000
  0.00000000   0.00000000    -0.00000000   0.00000000     0.06324769   0.00000000

     Dynamical  Matrix in cartesian axes

     q = (    0.353553391  -0.353553391   0.000000000 ) 

    1    1
  0.11795250  -0.00000000    -0.11205194   0.00000000     0.00000000  -0.00000000
 -0.11205194  -0.00000000     0.11795250   0.00000000    -0.00000000  -0.00000000
  0.00000000   0.00000000    -0.00000000  -0.00000000     0.06324769   0.00000000

     Dynamical  Matrix in cartesian axes

     q = (   -0.353553391  -0.353553391   0.000000000 ) 

    1    1
  0.11795250   0.00000000     0.11205194   0.00000000    -0.00000000   0.00000000
  0.11205194   0.00000000     0.11795250   0.00000000     0.00000000   0.00000000
  0.00000000   0.00000000     0.00000000   0.00000000     0.06324769   0.00000000

     Dynamical  Matrix in cartesian axes

     q = (    0.000000000  -0.353553391   0.353553391 ) 

    1    1
  0.06324769   0.00000000     0.00000000   0.00000000     0.00000000   0.00000000
  0.00000000   0.00000000     0.11795250   0.00000000    -0.11205194   0.00000000
  0.00000000   0.00000000    -0.11205194   0.00000000     0.11795250   0.00000000
