  5.000000000000000E-002  0.615248962404298        2.65306677751221     
          24

     Dynamical  Matrix in cartesian axes

     q = (    0.530330086  -0.176776695   0.530330086 ) 

    1    1
  0.06700290   0.00000000    -0.04920557   0.00000000     0.03198261   0.00000000
 -0.04920557  -0.00000000     0.15996100  -0.00000000    -0.04920557  -0.00000000
  0.03198261   0.00000000    -0.04920557   0.00000000     0.06700290   0.00000000

     Dynamical  Matrix in cartesian axes

     q = (    0.530330086  -0.176776695  -0.530330086 ) 

    1    1
  0.06700290   0.00000000    -0.04920557   0.00000000    -0.03198261  -0.00000000
 -0.04920557  -0.00000000     0.15996100  -0.00000000     0.04920557   0.00000000
 -0.03198261  -0.00000000     0.04920557  -0.00000000     0.06700290   0.00000000

     Dynamical  Matrix in cartesian axes

     q = (   -0.530330086  -0.176776695  -0.530330086 ) 

    1    1
  0.06700290   0.00000000     0.04920557  -0.00000000     0.03198261   0.00000000
  0.04920557   0.00000000     0.15996100  -0.00000000     0.04920557   0.00000000
  0.03198261   0.00000000     0.04920557  -0.00000000     0.06700290   0.00000000

     Dynamical  Matrix in cartesian axes

     q = (   -0.530330086  -0.176776695   0.530330086 ) 

    1    1
  0.06700290   0.00000000     0.04920557  -0.00000000    -0.03198261  -0.00000000
  0.04920557   0.00000000     0.15996100  -0.00000000    -0.04920557  -0.00000000
 -0.03198261  -0.00000000    -0.04920557   0.00000000     0.06700290   0.00000000

     Dynamical  Matrix in cartesian axes

     q = (   -0.530330086   0.176776695  -0.530330086 ) 

    1    1
  0.06700290   0.00000000    -0.04920557   0.00000000     0.03198261   0.00000000
 -0.04920557  -0.00000000     0.15996100  -0.00000000    -0.04920557  -0.00000000
  0.03198261   0.00000000    -0.04920557   0.00000000     0.06700290   0.00000000

     Dynamical  Matrix in cartesian axes

     q = (   -0.176776695   0.530330086  -0.530330086 ) 

    1    1
  0.15996100  -0.00000000    -0.04920557  -0.00000000     0.04920557   0.00000000
 -0.04920557   0.00000000     0.06700290   0.00000000    -0.03198261  -0.00000000
  0.04920557  -0.00000000    -0.03198261  -0.00000000     0.06700290   0.00000000

     Dynamical  Matrix in cartesian axes

     q = (   -0.530330086   0.530330086  -0.176776695 ) 

    1    1
  0.06700290   0.00000000    -0.03198261  -0.00000000     0.04920557  -0.00000000
 -0.03198261  -0.00000000     0.06700290   0.00000000    -0.04920557   0.00000000
  0.04920557   0.00000000    -0.04920557  -0.00000000     0.15996100  -0.00000000

     Dynamical  Matrix in cartesian axes

     q = (    0.530330086   0.176776695   0.530330086 ) 

    1    1
  0.06700290   0.00000000     0.04920557  -0.00000000     0.03198261   0.00000000
  0.04920557   0.00000000     0.15996100  -0.00000000     0.04920557   0.00000000
  0.03198261   0.00000000     0.04920557  -0.00000000     0.06700290   0.00000000

     Dynamical  Matrix in cartesian axes

     q = (   -0.530330086   0.176776695   0.530330086 ) 

    1    1
  0.06700290   0.00000000    -0.04920557   0.00000000    -0.03198261  -0.00000000
 -0.04920557  -0.00000000     0.15996100  -0.00000000     0.04920557   0.00000000
 -0.03198261  -0.00000000     0.04920557  -0.00000000     0.06700290   0.00000000

     Dynamical  Matrix in cartesian axes

     q = (    0.530330086   0.176776695  -0.530330086 ) 

    1    1
  0.06700290   0.00000000     0.04920557  -0.00000000    -0.03198261  -0.00000000
  0.04920557   0.00000000     0.15996100  -0.00000000    -0.04920557  -0.00000000
 -0.03198261  -0.00000000    -0.04920557   0.00000000     0.06700290   0.00000000

     Dynamical  Matrix in cartesian axes

     q = (   -0.530330086   0.530330086   0.176776695 ) 

    1    1
  0.06700290   0.00000000    -0.03198261  -0.00000000    -0.04920557   0.00000000
 -0.03198261  -0.00000000     0.06700290   0.00000000     0.04920557  -0.00000000
 -0.04920557  -0.00000000     0.04920557   0.00000000     0.15996100  -0.00000000

     Dynamical  Matrix in cartesian axes

     q = (   -0.176776695   0.530330086   0.530330086 ) 

    1    1
  0.15996100  -0.00000000    -0.04920557  -0.00000000    -0.04920557  -0.00000000
 -0.04920557   0.00000000     0.06700290   0.00000000     0.03198261   0.00000000
 -0.04920557   0.00000000     0.03198261   0.00000000     0.06700290   0.00000000

     Dynamical  Matrix in cartesian axes

     q = (    0.176776695   0.530330086  -0.530330086 ) 

    1    1
  0.15996100  -0.00000000     0.04920557   0.00000000    -0.04920557  -0.00000000
  0.04920557  -0.00000000     0.06700290   0.00000000    -0.03198261  -0.00000000
 -0.04920557   0.00000000    -0.03198261  -0.00000000     0.06700290   0.00000000

     Dynamical  Matrix in cartesian axes

     q = (   -0.176776695  -0.530330086  -0.530330086 ) 

    1    1
  0.15996100  -0.00000000     0.04920557   0.00000000     0.04920557   0.00000000
  0.04920557  -0.00000000     0.06700290   0.00000000     0.03198261   0.00000000
  0.04920557  -0.00000000     0.03198261   0.00000000     0.06700290   0.00000000

     Dynamical  Matrix in cartesian axes

     q = (    0.530330086   0.530330086  -0.176776695 ) 

    1    1
  0.06700290   0.00000000     0.03198261   0.00000000    -0.04920557   0.00000000
  0.03198261   0.00000000     0.06700290   0.00000000    -0.04920557   0.00000000
 -0.04920557  -0.00000000    -0.04920557  -0.00000000     0.15996100  -0.00000000

     Dynamical  Matrix in cartesian axes

     q = (    0.530330086  -0.530330086   0.176776695 ) 

    1    1
  0.06700290   0.00000000    -0.03198261  -0.00000000     0.04920557  -0.00000000
 -0.03198261  -0.00000000     0.06700290   0.00000000    -0.04920557   0.00000000
  0.04920557   0.00000000    -0.04920557  -0.00000000     0.15996100  -0.00000000

     Dynamical  Matrix in cartesian axes

     q = (   -0.530330086  -0.530330086  -0.176776695 ) 

    1    1
  0.06700290   0.00000000     0.03198261   0.00000000     0.04920557  -0.00000000
  0.03198261   0.00000000     0.06700290   0.00000000     0.04920557  -0.00000000
  0.04920557   0.00000000     0.04920557   0.00000000     0.15996100  -0.00000000

     Dynamical  Matrix in cartesian axes

     q = (    0.176776695  -0.530330086   0.530330086 ) 

    1    1
  0.15996100  -0.00000000    -0.04920557  -0.00000000     0.04920557   0.00000000
 -0.04920557   0.00000000     0.06700290   0.00000000    -0.03198261  -0.00000000
  0.04920557  -0.00000000    -0.03198261  -0.00000000     0.06700290   0.00000000

     Dynamical  Matrix in cartesian axes

     q = (   -0.530330086  -0.530330086   0.176776695 ) 

    1    1
  0.06700290   0.00000000     0.03198261   0.00000000    -0.04920557   0.00000000
  0.03198261   0.00000000     0.06700290   0.00000000    -0.04920557   0.00000000
 -0.04920557  -0.00000000    -0.04920557  -0.00000000     0.15996100  -0.00000000

     Dynamical  Matrix in cartesian axes

     q = (    0.176776695   0.530330086   0.530330086 ) 

    1    1
  0.15996100  -0.00000000     0.04920557   0.00000000     0.04920557   0.00000000
  0.04920557  -0.00000000     0.06700290   0.00000000     0.03198261   0.00000000
  0.04920557  -0.00000000     0.03198261   0.00000000     0.06700290   0.00000000

     Dynamical  Matrix in cartesian axes

     q = (   -0.176776695  -0.530330086   0.530330086 ) 

    1    1
  0.15996100  -0.00000000     0.04920557   0.00000000    -0.04920557  -0.00000000
  0.04920557  -0.00000000     0.06700290   0.00000000    -0.03198261  -0.00000000
 -0.04920557   0.00000000    -0.03198261  -0.00000000     0.06700290   0.00000000

     Dynamical  Matrix in cartesian axes

     q = (    0.530330086   0.530330086   0.176776695 ) 

    1    1
  0.06700290   0.00000000     0.03198261   0.00000000     0.04920557  -0.00000000
  0.03198261   0.00000000     0.06700290   0.00000000     0.04920557  -0.00000000
  0.04920557   0.00000000     0.04920557   0.00000000     0.15996100  -0.00000000

     Dynamical  Matrix in cartesian axes

     q = (    0.176776695  -0.530330086  -0.530330086 ) 

    1    1
  0.15996100  -0.00000000    -0.04920557  -0.00000000    -0.04920557  -0.00000000
 -0.04920557   0.00000000     0.06700290   0.00000000     0.03198261   0.00000000
 -0.04920557   0.00000000     0.03198261   0.00000000     0.06700290   0.00000000

     Dynamical  Matrix in cartesian axes

     q = (    0.530330086  -0.530330086  -0.176776695 ) 

    1    1
  0.06700290   0.00000000    -0.03198261  -0.00000000    -0.04920557   0.00000000
 -0.03198261  -0.00000000     0.06700290   0.00000000     0.04920557  -0.00000000
 -0.04920557  -0.00000000     0.04920557   0.00000000     0.15996100  -0.00000000
