  2.500000000000000E-002  0.615887920210634        2.64352344053528     
          12

     Dynamical  Matrix in cartesian axes

     q = (    0.353553391   0.000000000   0.353553391 ) 

    1    1
  0.10159271   0.00000000     0.00000000   0.00000000     0.09357131   0.00000000
  0.00000000  -0.00000000     0.06616666  -0.00000000     0.00000000  -0.00000000
  0.09357131   0.00000000     0.00000000   0.00000000     0.10159271   0.00000000

     Dynamical  Matrix in cartesian axes

     q = (   -0.353553391   0.000000000   0.353553391 ) 

    1    1
  0.10159271  -0.00000000     0.00000000  -0.00000000    -0.09357131   0.00000000
  0.00000000   0.00000000     0.06616666   0.00000000     0.00000000  -0.00000000
 -0.09357131  -0.00000000     0.00000000  -0.00000000     0.10159271   0.00000000

     Dynamical  Matrix in cartesian axes

     q = (   -0.353553391   0.000000000  -0.353553391 ) 

    1    1
  0.10159271   0.00000000     0.00000000   0.00000000     0.09357131   0.00000000
  0.00000000   0.00000000     0.06616666   0.00000000     0.00000000   0.00000000
  0.09357131   0.00000000     0.00000000   0.00000000     0.10159271   0.00000000

     Dynamical  Matrix in cartesian axes

     q = (    0.353553391   0.000000000  -0.353553391 ) 

    1    1
  0.10159271   0.00000000     0.00000000   0.00000000    -0.09357131   0.00000000
  0.00000000  -0.00000000     0.06616666  -0.00000000     0.00000000   0.00000000
 -0.09357131   0.00000000     0.00000000   0.00000000     0.10159271   0.00000000

     Dynamical  Matrix in cartesian axes

     q = (    0.000000000   0.353553391  -0.353553391 ) 

    1    1
  0.06616666   0.00000000     0.00000000  -0.00000000     0.00000000   0.00000000
  0.00000000   0.00000000     0.10159271   0.00000000    -0.09357131   0.00000000
  0.00000000  -0.00000000    -0.09357131   0.00000000     0.10159271   0.00000000

     Dynamical  Matrix in cartesian axes

     q = (   -0.353553391   0.353553391   0.000000000 ) 

    1    1
  0.10159271   0.00000000    -0.09357131   0.00000000     0.00000000   0.00000000
 -0.09357131   0.00000000     0.10159271   0.00000000     0.00000000   0.00000000
  0.00000000   0.00000000     0.00000000   0.00000000     0.06616666   0.00000000

     Dynamical  Matrix in cartesian axes

     q = (    0.000000000   0.353553391   0.353553391 ) 

    1    1
  0.06616666   0.00000000     0.00000000   0.00000000     0.00000000   0.00000000
  0.00000000   0.00000000     0.10159271   0.00000000     0.09357131   0.00000000
  0.00000000   0.00000000     0.09357131   0.00000000     0.10159271   0.00000000

     Dynamical  Matrix in cartesian axes

     q = (    0.000000000  -0.353553391  -0.353553391 ) 

    1    1
  0.06616666   0.00000000     0.00000000   0.00000000     0.00000000   0.00000000
  0.00000000   0.00000000     0.10159271   0.00000000     0.09357131   0.00000000
  0.00000000  -0.00000000     0.09357131  -0.00000000     0.10159271  -0.00000000

     Dynamical  Matrix in cartesian axes

     q = (    0.353553391   0.353553391   0.000000000 ) 

    1    1
  0.10159271   0.00000000     0.09357131   0.00000000     0.00000000   0.00000000
  0.09357131   0.00000000     0.10159271   0.00000000    -0.00000000   0.00000000
  0.00000000   0.00000000     0.00000000   0.00000000     0.06616666   0.00000000

     Dynamical  Matrix in cartesian axes

     q = (    0.353553391  -0.353553391   0.000000000 ) 

    1    1
  0.10159271   0.00000000    -0.09357131  -0.00000000     0.00000000   0.00000000
 -0.09357131   0.00000000     0.10159271  -0.00000000     0.00000000   0.00000000
  0.00000000   0.00000000     0.00000000  -0.00000000     0.06616666   0.00000000

     Dynamical  Matrix in cartesian axes

     q = (   -0.353553391  -0.353553391   0.000000000 ) 

    1    1
  0.10159271   0.00000000     0.09357131   0.00000000     0.00000000   0.00000000
  0.09357131   0.00000000     0.10159271   0.00000000    -0.00000000   0.00000000
  0.00000000   0.00000000     0.00000000   0.00000000     0.06616666   0.00000000

     Dynamical  Matrix in cartesian axes

     q = (    0.000000000  -0.353553391   0.353553391 ) 

    1    1
  0.06616666   0.00000000     0.00000000   0.00000000     0.00000000   0.00000000
  0.00000000   0.00000000     0.10159271   0.00000000    -0.09357131   0.00000000
  0.00000000   0.00000000    -0.09357131   0.00000000     0.10159271   0.00000000
