  2.000000000000000E-002  0.615912330263392        2.64609657376066     
          24

     Dynamical  Matrix in cartesian axes

     q = (    0.530330086  -0.176776695   0.530330086 ) 

    1    1
  0.06604868   0.00000000    -0.04585052  -0.00000000     0.02897920   0.00000000
 -0.04585052   0.00000000     0.14934806  -0.00000000    -0.04585052   0.00000000
  0.02897920   0.00000000    -0.04585052  -0.00000000     0.06604868   0.00000000

     Dynamical  Matrix in cartesian axes

     q = (    0.530330086  -0.176776695  -0.530330086 ) 

    1    1
  0.06604868   0.00000000    -0.04585052  -0.00000000    -0.02897920  -0.00000000
 -0.04585052   0.00000000     0.14934806  -0.00000000     0.04585052  -0.00000000
 -0.02897920  -0.00000000     0.04585052   0.00000000     0.06604868   0.00000000

     Dynamical  Matrix in cartesian axes

     q = (   -0.530330086  -0.176776695  -0.530330086 ) 

    1    1
  0.06604868   0.00000000     0.04585052   0.00000000     0.02897920   0.00000000
  0.04585052  -0.00000000     0.14934806  -0.00000000     0.04585052  -0.00000000
  0.02897920   0.00000000     0.04585052   0.00000000     0.06604868   0.00000000

     Dynamical  Matrix in cartesian axes

     q = (   -0.530330086  -0.176776695   0.530330086 ) 

    1    1
  0.06604868   0.00000000     0.04585052   0.00000000    -0.02897920  -0.00000000
  0.04585052  -0.00000000     0.14934806  -0.00000000    -0.04585052   0.00000000
 -0.02897920  -0.00000000    -0.04585052  -0.00000000     0.06604868   0.00000000

     Dynamical  Matrix in cartesian axes

     q = (   -0.530330086   0.176776695  -0.530330086 ) 

    1    1
  0.06604868   0.00000000    -0.04585052  -0.00000000     0.02897920   0.00000000
 -0.04585052   0.00000000     0.14934806  -0.00000000    -0.04585052   0.00000000
  0.02897920   0.00000000    -0.04585052  -0.00000000     0.06604868   0.00000000

     Dynamical  Matrix in cartesian axes

     q = (   -0.176776695   0.530330086  -0.530330086 ) 

    1    1
  0.14934806  -0.00000000    -0.04585052   0.00000000     0.04585052  -0.00000000
 -0.04585052  -0.00000000     0.06604868   0.00000000    -0.02897920  -0.00000000
  0.04585052   0.00000000    -0.02897920  -0.00000000     0.06604868   0.00000000

     Dynamical  Matrix in cartesian axes

     q = (   -0.530330086   0.530330086  -0.176776695 ) 

    1    1
  0.06604868   0.00000000    -0.02897920  -0.00000000     0.04585052   0.00000000
 -0.02897920  -0.00000000     0.06604868   0.00000000    -0.04585052  -0.00000000
  0.04585052  -0.00000000    -0.04585052   0.00000000     0.14934806  -0.00000000

     Dynamical  Matrix in cartesian axes

     q = (    0.530330086   0.176776695   0.530330086 ) 

    1    1
  0.06604868   0.00000000     0.04585052   0.00000000     0.02897920   0.00000000
  0.04585052  -0.00000000     0.14934806  -0.00000000     0.04585052  -0.00000000
  0.02897920   0.00000000     0.04585052   0.00000000     0.06604868   0.00000000

     Dynamical  Matrix in cartesian axes

     q = (   -0.530330086   0.176776695   0.530330086 ) 

    1    1
  0.06604868   0.00000000    -0.04585052  -0.00000000    -0.02897920  -0.00000000
 -0.04585052   0.00000000     0.14934806  -0.00000000     0.04585052  -0.00000000
 -0.02897920  -0.00000000     0.04585052   0.00000000     0.06604868   0.00000000

     Dynamical  Matrix in cartesian axes

     q = (    0.530330086   0.176776695  -0.530330086 ) 

    1    1
  0.06604868   0.00000000     0.04585052   0.00000000    -0.02897920  -0.00000000
  0.04585052  -0.00000000     0.14934806  -0.00000000    -0.04585052   0.00000000
 -0.02897920  -0.00000000    -0.04585052  -0.00000000     0.06604868   0.00000000

     Dynamical  Matrix in cartesian axes

     q = (   -0.530330086   0.530330086   0.176776695 ) 

    1    1
  0.06604868   0.00000000    -0.02897920  -0.00000000    -0.04585052  -0.00000000
 -0.02897920  -0.00000000     0.06604868   0.00000000     0.04585052   0.00000000
 -0.04585052   0.00000000     0.04585052  -0.00000000     0.14934806  -0.00000000

     Dynamical  Matrix in cartesian axes

     q = (   -0.176776695   0.530330086   0.530330086 ) 

    1    1
  0.14934806  -0.00000000    -0.04585052   0.00000000    -0.04585052   0.00000000
 -0.04585052  -0.00000000     0.06604868   0.00000000     0.02897920   0.00000000
 -0.04585052  -0.00000000     0.02897920   0.00000000     0.06604868   0.00000000

     Dynamical  Matrix in cartesian axes

     q = (    0.176776695   0.530330086  -0.530330086 ) 

    1    1
  0.14934806  -0.00000000     0.04585052  -0.00000000    -0.04585052   0.00000000
  0.04585052   0.00000000     0.06604868   0.00000000    -0.02897920  -0.00000000
 -0.04585052  -0.00000000    -0.02897920  -0.00000000     0.06604868   0.00000000

     Dynamical  Matrix in cartesian axes

     q = (   -0.176776695  -0.530330086  -0.530330086 ) 

    1    1
  0.14934806  -0.00000000     0.04585052  -0.00000000     0.04585052  -0.00000000
  0.04585052   0.00000000     0.06604868   0.00000000     0.02897920   0.00000000
  0.04585052   0.00000000     0.02897920   0.00000000     0.06604868   0.00000000

     Dynamical  Matrix in cartesian axes

     q = (    0.530330086   0.530330086  -0.176776695 ) 

    1    1
  0.06604868   0.00000000     0.02897920   0.00000000    -0.04585052  -0.00000000
  0.02897920   0.00000000     0.06604868   0.00000000    -0.04585052  -0.00000000
 -0.04585052   0.00000000    -0.04585052   0.00000000     0.14934806  -0.00000000

     Dynamical  Matrix in cartesian axes

     q = (    0.530330086  -0.530330086   0.176776695 ) 

    1    1
  0.06604868   0.00000000    -0.02897920  -0.00000000     0.04585052   0.00000000
 -0.02897920  -0.00000000     0.06604868   0.00000000    -0.04585052  -0.00000000
  0.04585052  -0.00000000    -0.04585052   0.00000000     0.14934806  -0.00000000

     Dynamical  Matrix in cartesian axes

     q = (   -0.530330086  -0.530330086  -0.176776695 ) 

    1    1
  0.06604868   0.00000000     0.02897920   0.00000000     0.04585052   0.00000000
  0.02897920   0.00000000     0.06604868   0.00000000     0.04585052   0.00000000
  0.04585052  -0.00000000     0.04585052  -0.00000000     0.14934806  -0.00000000

     Dynamical  Matrix in cartesian axes

     q = (    0.176776695  -0.530330086   0.530330086 ) 

    1    1
  0.14934806  -0.00000000    -0.04585052   0.00000000     0.04585052  -0.00000000
 -0.04585052  -0.00000000     0.06604868   0.00000000    -0.02897920  -0.00000000
  0.04585052   0.00000000    -0.02897920  -0.00000000     0.06604868   0.00000000

     Dynamical  Matrix in cartesian axes

     q = (   -0.530330086  -0.530330086   0.176776695 ) 

    1    1
  0.06604868   0.00000000     0.02897920   0.00000000    -0.04585052  -0.00000000
  0.02897920   0.00000000     0.06604868   0.00000000    -0.04585052  -0.00000000
 -0.04585052   0.00000000    -0.04585052   0.00000000     0.14934806  -0.00000000

     Dynamical  Matrix in cartesian axes

     q = (    0.176776695   0.530330086   0.530330086 ) 

    1    1
  0.14934806  -0.00000000     0.04585052  -0.00000000     0.04585052  -0.00000000
  0.04585052   0.00000000     0.06604868   0.00000000     0.02897920   0.00000000
  0.04585052   0.00000000     0.02897920   0.00000000     0.06604868   0.00000000

     Dynamical  Matrix in cartesian axes

     q = (   -0.176776695  -0.530330086   0.530330086 ) 

    1    1
  0.14934806  -0.00000000     0.04585052  -0.00000000    -0.04585052   0.00000000
  0.04585052   0.00000000     0.06604868   0.00000000    -0.02897920  -0.00000000
 -0.04585052  -0.00000000    -0.02897920  -0.00000000     0.06604868   0.00000000

     Dynamical  Matrix in cartesian axes

     q = (    0.530330086   0.530330086   0.176776695 ) 

    1    1
  0.06604868   0.00000000     0.02897920   0.00000000     0.04585052   0.00000000
  0.02897920   0.00000000     0.06604868   0.00000000     0.04585052   0.00000000
  0.04585052  -0.00000000     0.04585052  -0.00000000     0.14934806  -0.00000000

     Dynamical  Matrix in cartesian axes

     q = (    0.176776695  -0.530330086  -0.530330086 ) 

    1    1
  0.14934806  -0.00000000    -0.04585052   0.00000000    -0.04585052   0.00000000
 -0.04585052  -0.00000000     0.06604868   0.00000000     0.02897920   0.00000000
 -0.04585052  -0.00000000     0.02897920   0.00000000     0.06604868   0.00000000

     Dynamical  Matrix in cartesian axes

     q = (    0.530330086  -0.530330086  -0.176776695 ) 

    1    1
  0.06604868   0.00000000    -0.02897920  -0.00000000    -0.04585052  -0.00000000
 -0.02897920  -0.00000000     0.06604868   0.00000000     0.04585052   0.00000000
 -0.04585052   0.00000000     0.04585052  -0.00000000     0.14934806  -0.00000000
