  5.000000000000000E-003  0.615451160909904        2.51816144520724     
           8

     Dynamical  Matrix in cartesian axes

     q = (   -0.176776695   0.176776695  -0.176776695 ) 

    1    1
  0.05097098  -0.00000000    -0.04393196   0.00000000     0.04393196  -0.00000000
 -0.04393196   0.00000000     0.05097098  -0.00000000    -0.04393196   0.00000000
  0.04393196  -0.00000000    -0.04393196   0.00000000     0.05097098  -0.00000000

     Dynamical  Matrix in cartesian axes

     q = (    0.176776695  -0.176776695  -0.176776695 ) 

    1    1
  0.05097098   0.00000000    -0.04393196   0.00000000    -0.04393196   0.00000000
 -0.04393196   0.00000000     0.05097098   0.00000000     0.04393196  -0.00000000
 -0.04393196   0.00000000     0.04393196  -0.00000000     0.05097098   0.00000000

     Dynamical  Matrix in cartesian axes

     q = (    0.176776695  -0.176776695   0.176776695 ) 

    1    1
  0.05097098  -0.00000000    -0.04393196   0.00000000     0.04393196  -0.00000000
 -0.04393196   0.00000000     0.05097098  -0.00000000    -0.04393196   0.00000000
  0.04393196  -0.00000000    -0.04393196   0.00000000     0.05097098  -0.00000000

     Dynamical  Matrix in cartesian axes

     q = (    0.176776695   0.176776695   0.176776695 ) 

    1    1
  0.05097098  -0.00000000     0.04393196  -0.00000000     0.04393196  -0.00000000
  0.04393196  -0.00000000     0.05097098  -0.00000000     0.04393196  -0.00000000
  0.04393196  -0.00000000     0.04393196  -0.00000000     0.05097098  -0.00000000

     Dynamical  Matrix in cartesian axes

     q = (   -0.176776695  -0.176776695  -0.176776695 ) 

    1    1
  0.05097098  -0.00000000     0.04393196  -0.00000000     0.04393196   0.00000000
  0.04393196  -0.00000000     0.05097098  -0.00000000     0.04393196   0.00000000
  0.04393196  -0.00000000     0.04393196  -0.00000000     0.05097098   0.00000000

     Dynamical  Matrix in cartesian axes

     q = (   -0.176776695  -0.176776695   0.176776695 ) 

    1    1
  0.05097098  -0.00000000     0.04393196  -0.00000000    -0.04393196   0.00000000
  0.04393196  -0.00000000     0.05097098  -0.00000000    -0.04393196   0.00000000
 -0.04393196   0.00000000    -0.04393196   0.00000000     0.05097098  -0.00000000

     Dynamical  Matrix in cartesian axes

     q = (   -0.176776695   0.176776695   0.176776695 ) 

    1    1
  0.05097098  -0.00000000    -0.04393196   0.00000000    -0.04393196   0.00000000
 -0.04393196   0.00000000     0.05097098   0.00000000     0.04393196  -0.00000000
 -0.04393196   0.00000000     0.04393196  -0.00000000     0.05097098  -0.00000000

     Dynamical  Matrix in cartesian axes

     q = (    0.176776695   0.176776695  -0.176776695 ) 

    1    1
  0.05097098  -0.00000000     0.04393196  -0.00000000    -0.04393196   0.00000000
  0.04393196  -0.00000000     0.05097098  -0.00000000    -0.04393196   0.00000000
 -0.04393196   0.00000000    -0.04393196   0.00000000     0.05097098  -0.00000000
