  2.000000000000000E-002  0.615912330263392        2.64609657376066     
           4

     Dynamical  Matrix in cartesian axes

     q = (    0.353553391  -0.353553391   0.353553391 ) 

    1    1
  0.07479372   0.00000000    -0.05419626   0.00000000     0.05419626   0.00000000
 -0.05419626   0.00000000     0.07479372   0.00000000    -0.05419626   0.00000000
  0.05419626   0.00000000    -0.05419626   0.00000000     0.07479372   0.00000000

     Dynamical  Matrix in cartesian axes

     q = (    0.353553391   0.353553391   0.353553391 ) 

    1    1
  0.07479372   0.00000000     0.05419626   0.00000000     0.05419626   0.00000000
  0.05419626   0.00000000     0.07479372   0.00000000     0.05419626   0.00000000
  0.05419626   0.00000000     0.05419626   0.00000000     0.07479372   0.00000000

     Dynamical  Matrix in cartesian axes

     q = (   -0.353553391   0.353553391   0.353553391 ) 

    1    1
  0.07479372   0.00000000    -0.05419626   0.00000000    -0.05419626   0.00000000
 -0.05419626   0.00000000     0.07479372   0.00000000     0.05419626   0.00000000
 -0.05419626   0.00000000     0.05419626   0.00000000     0.07479372   0.00000000

     Dynamical  Matrix in cartesian axes

     q = (    0.353553391   0.353553391  -0.353553391 ) 

    1    1
  0.07479372   0.00000000     0.05419626   0.00000000    -0.05419626   0.00000000
  0.05419626   0.00000000     0.07479372   0.00000000    -0.05419626   0.00000000
 -0.05419626   0.00000000    -0.05419626   0.00000000     0.07479372   0.00000000
