  1.000000000000000E-002  0.615714029346228        2.62468491063350     
           4

     Dynamical  Matrix in cartesian axes

     q = (    0.353553391  -0.353553391   0.353553391 ) 

    1    1
  0.03388004   0.00000000    -0.01867035   0.00000000     0.01867035   0.00000000
 -0.01867035   0.00000000     0.03388004   0.00000000    -0.01867035   0.00000000
  0.01867035   0.00000000    -0.01867035   0.00000000     0.03388004   0.00000000

     Dynamical  Matrix in cartesian axes

     q = (    0.353553391   0.353553391   0.353553391 ) 

    1    1
  0.03388004   0.00000000     0.01867035   0.00000000     0.01867035   0.00000000
  0.01867035   0.00000000     0.03388004   0.00000000     0.01867035   0.00000000
  0.01867035   0.00000000     0.01867035   0.00000000     0.03388004   0.00000000

     Dynamical  Matrix in cartesian axes

     q = (   -0.353553391   0.353553391   0.353553391 ) 

    1    1
  0.03388004   0.00000000    -0.01867035   0.00000000    -0.01867035   0.00000000
 -0.01867035   0.00000000     0.03388004   0.00000000     0.01867035   0.00000000
 -0.01867035   0.00000000     0.01867035   0.00000000     0.03388004   0.00000000

     Dynamical  Matrix in cartesian axes

     q = (    0.353553391   0.353553391  -0.353553391 ) 

    1    1
  0.03388004   0.00000000     0.01867035   0.00000000    -0.01867035   0.00000000
  0.01867035   0.00000000     0.03388004   0.00000000    -0.01867035   0.00000000
 -0.01867035   0.00000000    -0.01867035   0.00000000     0.03388004   0.00000000
