  2.500000000000000E-002  0.615887920210634        2.64352344053528     
           6

     Dynamical  Matrix in cartesian axes

     q = (   -0.353553391  -0.707106781   0.000000000 ) 

    1    1
  0.04598227   0.00000000     0.00000000  -0.00000000     0.00000000  -0.00000000
 -0.00000000  -0.00000000     0.16144498   0.00000000     0.00000000   0.00000000
  0.00000000   0.00000000     0.00000000  -0.00000000     0.16144498   0.00000000

     Dynamical  Matrix in cartesian axes

     q = (    0.000000000   0.707106781   0.353553391 ) 

    1    1
  0.16144498   0.00000000     0.00000000  -0.00000000    -0.00000000  -0.00000000
  0.00000000   0.00000000     0.16144498   0.00000000    -0.00000000   0.00000000
 -0.00000000  -0.00000000     0.00000000   0.00000000     0.04598227  -0.00000000

     Dynamical  Matrix in cartesian axes

     q = (    0.000000000  -0.707106781  -0.353553391 ) 

    1    1
  0.16144498   0.00000000     0.00000000   0.00000000    -0.00000000  -0.00000000
  0.00000000  -0.00000000     0.16144498   0.00000000    -0.00000000   0.00000000
  0.00000000  -0.00000000     0.00000000   0.00000000     0.04598227  -0.00000000

     Dynamical  Matrix in cartesian axes

     q = (    0.353553391   0.707106781   0.000000000 ) 

    1    1
  0.04598227  -0.00000000     0.00000000  -0.00000000    -0.00000000  -0.00000000
 -0.00000000  -0.00000000     0.16144498   0.00000000    -0.00000000   0.00000000
 -0.00000000  -0.00000000     0.00000000   0.00000000     0.16144498   0.00000000

     Dynamical  Matrix in cartesian axes

     q = (   -0.707106781  -0.353553391   0.000000000 ) 

    1    1
  0.16144498   0.00000000     0.00000000  -0.00000000    -0.00000000  -0.00000000
  0.00000000  -0.00000000     0.04598227  -0.00000000     0.00000000   0.00000000
  0.00000000  -0.00000000     0.00000000  -0.00000000     0.16144498   0.00000000

     Dynamical  Matrix in cartesian axes

     q = (    0.000000000  -0.353553391  -0.707106781 ) 

    1    1
  0.16144498   0.00000000     0.00000000  -0.00000000     0.00000000  -0.00000000
  0.00000000  -0.00000000     0.04598227  -0.00000000     0.00000000   0.00000000
  0.00000000   0.00000000     0.00000000   0.00000000     0.16144498   0.00000000
