  2.500000000000000E-002  0.615887920210634        2.64352344053528     
           3

     Dynamical  Matrix in cartesian axes

     q = (    0.000000000  -0.707106781   0.000000000 ) 

    1    1
  0.05749608   0.00000000    -0.00000000   0.00000000    -0.00000000   0.00000000
 -0.00000000   0.00000000     0.16432613   0.00000000     0.00000000   0.00000000
 -0.00000000   0.00000000     0.00000000   0.00000000     0.05749608   0.00000000

     Dynamical  Matrix in cartesian axes

     q = (   -0.707106781   0.000000000   0.000000000 ) 

    1    1
  0.16432613   0.00000000     0.00000000   0.00000000     0.00000000   0.00000000
  0.00000000   0.00000000     0.05749608   0.00000000     0.00000000   0.00000000
 -0.00000000   0.00000000     0.00000000   0.00000000     0.05749608   0.00000000

     Dynamical  Matrix in cartesian axes

     q = (    0.000000000   0.000000000  -0.707106781 ) 

    1    1
  0.05749608   0.00000000    -0.00000000   0.00000000     0.00000000   0.00000000
 -0.00000000   0.00000000     0.05749608   0.00000000    -0.00000000   0.00000000
  0.00000000   0.00000000     0.00000000   0.00000000     0.16432613   0.00000000
