  5.000000000000000E-003  0.615451160909904        2.51816144520724     
          24

     Dynamical  Matrix in cartesian axes

     q = (    0.530330086  -0.176776695   0.530330086 ) 

    1    1
  0.07652943  -0.00000000    -0.06008706   0.00000000     0.04422879  -0.00000000
 -0.06008706  -0.00000000     0.16052665   0.00000000    -0.06008706  -0.00000000
  0.04422879  -0.00000000    -0.06008706   0.00000000     0.07652943  -0.00000000

     Dynamical  Matrix in cartesian axes

     q = (    0.530330086  -0.176776695  -0.530330086 ) 

    1    1
  0.07652943  -0.00000000    -0.06008706   0.00000000    -0.04422879   0.00000000
 -0.06008706  -0.00000000     0.16052665   0.00000000     0.06008706   0.00000000
 -0.04422879   0.00000000     0.06008706  -0.00000000     0.07652943  -0.00000000

     Dynamical  Matrix in cartesian axes

     q = (   -0.530330086  -0.176776695  -0.530330086 ) 

    1    1
  0.07652943  -0.00000000     0.06008706  -0.00000000     0.04422879  -0.00000000
  0.06008706   0.00000000     0.16052665   0.00000000     0.06008706   0.00000000
  0.04422879  -0.00000000     0.06008706  -0.00000000     0.07652943  -0.00000000

     Dynamical  Matrix in cartesian axes

     q = (   -0.530330086  -0.176776695   0.530330086 ) 

    1    1
  0.07652943  -0.00000000     0.06008706  -0.00000000    -0.04422879   0.00000000
  0.06008706   0.00000000     0.16052665   0.00000000    -0.06008706  -0.00000000
 -0.04422879   0.00000000    -0.06008706   0.00000000     0.07652943  -0.00000000

     Dynamical  Matrix in cartesian axes

     q = (   -0.530330086   0.176776695  -0.530330086 ) 

    1    1
  0.07652943  -0.00000000    -0.06008706   0.00000000     0.04422879  -0.00000000
 -0.06008706  -0.00000000     0.16052665   0.00000000    -0.06008706  -0.00000000
  0.04422879  -0.00000000    -0.06008706   0.00000000     0.07652943  -0.00000000

     Dynamical  Matrix in cartesian axes

     q = (   -0.176776695   0.530330086  -0.530330086 ) 

    1    1
  0.16052665   0.00000000    -0.06008706  -0.00000000     0.06008706   0.00000000
 -0.06008706   0.00000000     0.07652943  -0.00000000    -0.04422879   0.00000000
  0.06008706  -0.00000000    -0.04422879   0.00000000     0.07652943  -0.00000000

     Dynamical  Matrix in cartesian axes

     q = (   -0.530330086   0.530330086  -0.176776695 ) 

    1    1
  0.07652943  -0.00000000    -0.04422879   0.00000000     0.06008706  -0.00000000
 -0.04422879   0.00000000     0.07652943  -0.00000000    -0.06008706   0.00000000
  0.06008706   0.00000000    -0.06008706  -0.00000000     0.16052665   0.00000000

     Dynamical  Matrix in cartesian axes

     q = (    0.530330086   0.176776695   0.530330086 ) 

    1    1
  0.07652943  -0.00000000     0.06008706  -0.00000000     0.04422879  -0.00000000
  0.06008706   0.00000000     0.16052665   0.00000000     0.06008706   0.00000000
  0.04422879  -0.00000000     0.06008706  -0.00000000     0.07652943  -0.00000000

     Dynamical  Matrix in cartesian axes

     q = (   -0.530330086   0.176776695   0.530330086 ) 

    1    1
  0.07652943  -0.00000000    -0.06008706   0.00000000    -0.04422879   0.00000000
 -0.06008706  -0.00000000     0.16052665   0.00000000     0.06008706   0.00000000
 -0.04422879   0.00000000     0.06008706  -0.00000000     0.07652943  -0.00000000

     Dynamical  Matrix in cartesian axes

     q = (    0.530330086   0.176776695  -0.530330086 ) 

    1    1
  0.07652943  -0.00000000     0.06008706  -0.00000000    -0.04422879   0.00000000
  0.06008706   0.00000000     0.16052665   0.00000000    -0.06008706  -0.00000000
 -0.04422879   0.00000000    -0.06008706   0.00000000     0.07652943  -0.00000000

     Dynamical  Matrix in cartesian axes

     q = (   -0.530330086   0.530330086   0.176776695 ) 

    1    1
  0.07652943  -0.00000000    -0.04422879   0.00000000    -0.06008706   0.00000000
 -0.04422879   0.00000000     0.07652943  -0.00000000     0.06008706  -0.00000000
 -0.06008706  -0.00000000     0.06008706   0.00000000     0.16052665   0.00000000

     Dynamical  Matrix in cartesian axes

     q = (   -0.176776695   0.530330086   0.530330086 ) 

    1    1
  0.16052665   0.00000000    -0.06008706  -0.00000000    -0.06008706  -0.00000000
 -0.06008706   0.00000000     0.07652943  -0.00000000     0.04422879  -0.00000000
 -0.06008706   0.00000000     0.04422879  -0.00000000     0.07652943  -0.00000000

     Dynamical  Matrix in cartesian axes

     q = (    0.176776695   0.530330086  -0.530330086 ) 

    1    1
  0.16052665   0.00000000     0.06008706   0.00000000    -0.06008706  -0.00000000
  0.06008706  -0.00000000     0.07652943  -0.00000000    -0.04422879   0.00000000
 -0.06008706   0.00000000    -0.04422879   0.00000000     0.07652943  -0.00000000

     Dynamical  Matrix in cartesian axes

     q = (   -0.176776695  -0.530330086  -0.530330086 ) 

    1    1
  0.16052665   0.00000000     0.06008706   0.00000000     0.06008706   0.00000000
  0.06008706  -0.00000000     0.07652943  -0.00000000     0.04422879  -0.00000000
  0.06008706  -0.00000000     0.04422879  -0.00000000     0.07652943  -0.00000000

     Dynamical  Matrix in cartesian axes

     q = (    0.530330086   0.530330086  -0.176776695 ) 

    1    1
  0.07652943  -0.00000000     0.04422879  -0.00000000    -0.06008706   0.00000000
  0.04422879  -0.00000000     0.07652943  -0.00000000    -0.06008706   0.00000000
 -0.06008706  -0.00000000    -0.06008706  -0.00000000     0.16052665   0.00000000

     Dynamical  Matrix in cartesian axes

     q = (    0.530330086  -0.530330086   0.176776695 ) 

    1    1
  0.07652943  -0.00000000    -0.04422879   0.00000000     0.06008706  -0.00000000
 -0.04422879   0.00000000     0.07652943  -0.00000000    -0.06008706   0.00000000
  0.06008706   0.00000000    -0.06008706  -0.00000000     0.16052665   0.00000000

     Dynamical  Matrix in cartesian axes

     q = (   -0.530330086  -0.530330086  -0.176776695 ) 

    1    1
  0.07652943  -0.00000000     0.04422879  -0.00000000     0.06008706  -0.00000000
  0.04422879  -0.00000000     0.07652943  -0.00000000     0.06008706  -0.00000000
  0.06008706   0.00000000     0.06008706   0.00000000     0.16052665   0.00000000

     Dynamical  Matrix in cartesian axes

     q = (    0.176776695  -0.530330086   0.530330086 ) 

    1    1
  0.16052665   0.00000000    -0.06008706  -0.00000000     0.06008706   0.00000000
 -0.06008706   0.00000000     0.07652943  -0.00000000    -0.04422879   0.00000000
  0.06008706  -0.00000000    -0.04422879   0.00000000     0.07652943  -0.00000000

     Dynamical  Matrix in cartesian axes

     q = (   -0.530330086  -0.530330086   0.176776695 ) 

    1    1
  0.07652943  -0.00000000     0.04422879  -0.00000000    -0.06008706   0.00000000
  0.04422879  -0.00000000     0.07652943  -0.00000000    -0.06008706   0.00000000
 -0.06008706  -0.00000000    -0.06008706  -0.00000000     0.16052665   0.00000000

     Dynamical  Matrix in cartesian axes

     q = (    0.176776695   0.530330086   0.530330086 ) 

    1    1
  0.16052665   0.00000000     0.06008706   0.00000000     0.06008706   0.00000000
  0.06008706  -0.00000000     0.07652943  -0.00000000     0.04422879  -0.00000000
  0.06008706  -0.00000000     0.04422879  -0.00000000     0.07652943  -0.00000000

     Dynamical  Matrix in cartesian axes

     q = (   -0.176776695  -0.530330086   0.530330086 ) 

    1    1
  0.16052665   0.00000000     0.06008706   0.00000000    -0.06008706  -0.00000000
  0.06008706  -0.00000000     0.07652943  -0.00000000    -0.04422879   0.00000000
 -0.06008706   0.00000000    -0.04422879   0.00000000     0.07652943  -0.00000000

     Dynamical  Matrix in cartesian axes

     q = (    0.530330086   0.530330086   0.176776695 ) 

    1    1
  0.07652943  -0.00000000     0.04422879  -0.00000000     0.06008706  -0.00000000
  0.04422879  -0.00000000     0.07652943  -0.00000000     0.06008706  -0.00000000
  0.06008706   0.00000000     0.06008706   0.00000000     0.16052665   0.00000000

     Dynamical  Matrix in cartesian axes

     q = (    0.176776695  -0.530330086  -0.530330086 ) 

    1    1
  0.16052665   0.00000000    -0.06008706  -0.00000000    -0.06008706  -0.00000000
 -0.06008706   0.00000000     0.07652943  -0.00000000     0.04422879  -0.00000000
 -0.06008706   0.00000000     0.04422879  -0.00000000     0.07652943  -0.00000000

     Dynamical  Matrix in cartesian axes

     q = (    0.530330086  -0.530330086  -0.176776695 ) 

    1    1
  0.07652943  -0.00000000    -0.04422879   0.00000000    -0.06008706   0.00000000
 -0.04422879   0.00000000     0.07652943  -0.00000000     0.06008706  -0.00000000
 -0.06008706  -0.00000000     0.06008706   0.00000000     0.16052665   0.00000000
