  4.500000000000000E-002  0.615390715069446        2.65082696351927     
          24

     Dynamical  Matrix in cartesian axes

     q = (    0.530330086  -0.176776695   0.530330086 ) 

    1    1
  0.06735354   0.00000000    -0.04938257   0.00000000     0.03203186   0.00000000
 -0.04938257  -0.00000000     0.15935867  -0.00000000    -0.04938257  -0.00000000
  0.03203186   0.00000000    -0.04938257   0.00000000     0.06735354   0.00000000

     Dynamical  Matrix in cartesian axes

     q = (    0.530330086  -0.176776695  -0.530330086 ) 

    1    1
  0.06735354   0.00000000    -0.04938257   0.00000000    -0.03203186  -0.00000000
 -0.04938257  -0.00000000     0.15935867  -0.00000000     0.04938257   0.00000000
 -0.03203186  -0.00000000     0.04938257  -0.00000000     0.06735354   0.00000000

     Dynamical  Matrix in cartesian axes

     q = (   -0.530330086  -0.176776695  -0.530330086 ) 

    1    1
  0.06735354   0.00000000     0.04938257  -0.00000000     0.03203186   0.00000000
  0.04938257   0.00000000     0.15935867  -0.00000000     0.04938257   0.00000000
  0.03203186   0.00000000     0.04938257  -0.00000000     0.06735354   0.00000000

     Dynamical  Matrix in cartesian axes

     q = (   -0.530330086  -0.176776695   0.530330086 ) 

    1    1
  0.06735354   0.00000000     0.04938257  -0.00000000    -0.03203186  -0.00000000
  0.04938257   0.00000000     0.15935867  -0.00000000    -0.04938257  -0.00000000
 -0.03203186  -0.00000000    -0.04938257   0.00000000     0.06735354   0.00000000

     Dynamical  Matrix in cartesian axes

     q = (   -0.530330086   0.176776695  -0.530330086 ) 

    1    1
  0.06735354   0.00000000    -0.04938257   0.00000000     0.03203186   0.00000000
 -0.04938257  -0.00000000     0.15935867  -0.00000000    -0.04938257  -0.00000000
  0.03203186   0.00000000    -0.04938257   0.00000000     0.06735354   0.00000000

     Dynamical  Matrix in cartesian axes

     q = (   -0.176776695   0.530330086  -0.530330086 ) 

    1    1
  0.15935867  -0.00000000    -0.04938257  -0.00000000     0.04938257   0.00000000
 -0.04938257   0.00000000     0.06735354   0.00000000    -0.03203186  -0.00000000
  0.04938257  -0.00000000    -0.03203186  -0.00000000     0.06735354   0.00000000

     Dynamical  Matrix in cartesian axes

     q = (   -0.530330086   0.530330086  -0.176776695 ) 

    1    1
  0.06735354   0.00000000    -0.03203186  -0.00000000     0.04938257  -0.00000000
 -0.03203186  -0.00000000     0.06735354   0.00000000    -0.04938257   0.00000000
  0.04938257   0.00000000    -0.04938257  -0.00000000     0.15935867  -0.00000000

     Dynamical  Matrix in cartesian axes

     q = (    0.530330086   0.176776695   0.530330086 ) 

    1    1
  0.06735354   0.00000000     0.04938257  -0.00000000     0.03203186   0.00000000
  0.04938257   0.00000000     0.15935867  -0.00000000     0.04938257   0.00000000
  0.03203186   0.00000000     0.04938257  -0.00000000     0.06735354   0.00000000

     Dynamical  Matrix in cartesian axes

     q = (   -0.530330086   0.176776695   0.530330086 ) 

    1    1
  0.06735354   0.00000000    -0.04938257   0.00000000    -0.03203186  -0.00000000
 -0.04938257  -0.00000000     0.15935867  -0.00000000     0.04938257   0.00000000
 -0.03203186  -0.00000000     0.04938257  -0.00000000     0.06735354   0.00000000

     Dynamical  Matrix in cartesian axes

     q = (    0.530330086   0.176776695  -0.530330086 ) 

    1    1
  0.06735354   0.00000000     0.04938257  -0.00000000    -0.03203186  -0.00000000
  0.04938257   0.00000000     0.15935867  -0.00000000    -0.04938257  -0.00000000
 -0.03203186  -0.00000000    -0.04938257   0.00000000     0.06735354   0.00000000

     Dynamical  Matrix in cartesian axes

     q = (   -0.530330086   0.530330086   0.176776695 ) 

    1    1
  0.06735354   0.00000000    -0.03203186  -0.00000000    -0.04938257   0.00000000
 -0.03203186  -0.00000000     0.06735354   0.00000000     0.04938257  -0.00000000
 -0.04938257  -0.00000000     0.04938257   0.00000000     0.15935867  -0.00000000

     Dynamical  Matrix in cartesian axes

     q = (   -0.176776695   0.530330086   0.530330086 ) 

    1    1
  0.15935867  -0.00000000    -0.04938257  -0.00000000    -0.04938257  -0.00000000
 -0.04938257   0.00000000     0.06735354   0.00000000     0.03203186   0.00000000
 -0.04938257   0.00000000     0.03203186   0.00000000     0.06735354   0.00000000

     Dynamical  Matrix in cartesian axes

     q = (    0.176776695   0.530330086  -0.530330086 ) 

    1    1
  0.15935867  -0.00000000     0.04938257   0.00000000    -0.04938257  -0.00000000
  0.04938257  -0.00000000     0.06735354   0.00000000    -0.03203186  -0.00000000
 -0.04938257   0.00000000    -0.03203186  -0.00000000     0.06735354   0.00000000

     Dynamical  Matrix in cartesian axes

     q = (   -0.176776695  -0.530330086  -0.530330086 ) 

    1    1
  0.15935867  -0.00000000     0.04938257   0.00000000     0.04938257   0.00000000
  0.04938257  -0.00000000     0.06735354   0.00000000     0.03203186   0.00000000
  0.04938257  -0.00000000     0.03203186   0.00000000     0.06735354   0.00000000

     Dynamical  Matrix in cartesian axes

     q = (    0.530330086   0.530330086  -0.176776695 ) 

    1    1
  0.06735354   0.00000000     0.03203186   0.00000000    -0.04938257   0.00000000
  0.03203186   0.00000000     0.06735354   0.00000000    -0.04938257   0.00000000
 -0.04938257  -0.00000000    -0.04938257  -0.00000000     0.15935867  -0.00000000

     Dynamical  Matrix in cartesian axes

     q = (    0.530330086  -0.530330086   0.176776695 ) 

    1    1
  0.06735354   0.00000000    -0.03203186  -0.00000000     0.04938257  -0.00000000
 -0.03203186  -0.00000000     0.06735354   0.00000000    -0.04938257   0.00000000
  0.04938257   0.00000000    -0.04938257  -0.00000000     0.15935867  -0.00000000

     Dynamical  Matrix in cartesian axes

     q = (   -0.530330086  -0.530330086  -0.176776695 ) 

    1    1
  0.06735354   0.00000000     0.03203186   0.00000000     0.04938257  -0.00000000
  0.03203186   0.00000000     0.06735354   0.00000000     0.04938257  -0.00000000
  0.04938257   0.00000000     0.04938257   0.00000000     0.15935867  -0.00000000

     Dynamical  Matrix in cartesian axes

     q = (    0.176776695  -0.530330086   0.530330086 ) 

    1    1
  0.15935867  -0.00000000    -0.04938257  -0.00000000     0.04938257   0.00000000
 -0.04938257   0.00000000     0.06735354   0.00000000    -0.03203186  -0.00000000
  0.04938257  -0.00000000    -0.03203186  -0.00000000     0.06735354   0.00000000

     Dynamical  Matrix in cartesian axes

     q = (   -0.530330086  -0.530330086   0.176776695 ) 

    1    1
  0.06735354   0.00000000     0.03203186   0.00000000    -0.04938257   0.00000000
  0.03203186   0.00000000     0.06735354   0.00000000    -0.04938257   0.00000000
 -0.04938257  -0.00000000    -0.04938257  -0.00000000     0.15935867  -0.00000000

     Dynamical  Matrix in cartesian axes

     q = (    0.176776695   0.530330086   0.530330086 ) 

    1    1
  0.15935867  -0.00000000     0.04938257   0.00000000     0.04938257   0.00000000
  0.04938257  -0.00000000     0.06735354   0.00000000     0.03203186   0.00000000
  0.04938257  -0.00000000     0.03203186   0.00000000     0.06735354   0.00000000

     Dynamical  Matrix in cartesian axes

     q = (   -0.176776695  -0.530330086   0.530330086 ) 

    1    1
  0.15935867  -0.00000000     0.04938257   0.00000000    -0.04938257  -0.00000000
  0.04938257  -0.00000000     0.06735354   0.00000000    -0.03203186  -0.00000000
 -0.04938257   0.00000000    -0.03203186  -0.00000000     0.06735354   0.00000000

     Dynamical  Matrix in cartesian axes

     q = (    0.530330086   0.530330086   0.176776695 ) 

    1    1
  0.06735354   0.00000000     0.03203186   0.00000000     0.04938257  -0.00000000
  0.03203186   0.00000000     0.06735354   0.00000000     0.04938257  -0.00000000
  0.04938257   0.00000000     0.04938257   0.00000000     0.15935867  -0.00000000

     Dynamical  Matrix in cartesian axes

     q = (    0.176776695  -0.530330086  -0.530330086 ) 

    1    1
  0.15935867  -0.00000000    -0.04938257  -0.00000000    -0.04938257  -0.00000000
 -0.04938257   0.00000000     0.06735354   0.00000000     0.03203186   0.00000000
 -0.04938257   0.00000000     0.03203186   0.00000000     0.06735354   0.00000000

     Dynamical  Matrix in cartesian axes

     q = (    0.530330086  -0.530330086  -0.176776695 ) 

    1    1
  0.06735354   0.00000000    -0.03203186  -0.00000000    -0.04938257   0.00000000
 -0.03203186  -0.00000000     0.06735354   0.00000000     0.04938257  -0.00000000
 -0.04938257  -0.00000000     0.04938257   0.00000000     0.15935867  -0.00000000
