&CONTROL
 calculation = 'bands'
 prefix = 'mos2'
 pseudo_dir = '../pseudo'
 outdir = './tmp'
 verbosity = 'high'
 tstress = .true.
 tprnfor = .true.
 nstep = 40
 etot_conv_thr = 1.0d-8
 forc_conv_thr = 1.0d-5
/
&SYSTEM
 ibrav = 0
 nat = 3
 ntyp = 2
 ecutwfc = 60
 ecutrho = 480
 nbnd = 16
 occupations = 'fixed'
 nosym = .true.
 noinv = .true.
/
&ELECTRONS
 conv_thr = 1.0d-12
 mixing_beta = 0.3
 diagonalization = 'cg'
 diago_thr_init = 1.0d-10
 diago_full_acc = .true.
 diago_cg_maxiter = 200
/
ATOMIC_SPECIES
Mo 95.95 Mo.pbe-spn-rrkjus_psl.1.0.0.UPF
S 32.06 S.pbe-n-rrkjus_psl.1.0.0.UPF
CELL_PARAMETERS angstrom
3.21455523014633 0.00000000000000 0.00000000000000
-1.60727761507316 2.75632325858916 0.00000000000000
0.00000000000000 0.00000000000000 23.19000000000000
ATOMIC_POSITIONS crystal
Mo 0.00037260436843 0.00074520873687 0.50000000000000
S 0.66648036448278 0.33296072896457 0.56725459746518
S 0.66648036448278 0.33296072896457 0.43274540253482
K_POINTS crystal
97
0.31798496269174 0.32784704451322 0.00000000000000 1.0
0.31798496269174 0.33223386922686 0.00000000000000 1.0
0.31798496269174 0.33662069394049 0.00000000000000 1.0
0.31798496269174 0.34100751865413 0.00000000000000 1.0
0.31798496269174 0.34539434336776 0.00000000000000 1.0
0.31798496269174 0.34978116808140 0.00000000000000 1.0
0.31798496269174 0.35416799279504 0.00000000000000 1.0
0.32310108623894 0.32528898273962 0.00000000000000 1.0
0.32310108623894 0.32967580745326 0.00000000000000 1.0
0.32310108623894 0.33406263216689 0.00000000000000 1.0
0.32310108623894 0.33844945688053 0.00000000000000 1.0
0.32310108623894 0.34283628159417 0.00000000000000 1.0
0.32310108623894 0.34722310630780 0.00000000000000 1.0
0.32310108623894 0.35160993102144 0.00000000000000 1.0
0.32821720978614 0.32273092096602 0.00000000000000 1.0
0.32821720978614 0.32711774567966 0.00000000000000 1.0
0.32821720978614 0.33150457039330 0.00000000000000 1.0
0.32821720978614 0.33589139510693 0.00000000000000 1.0
0.32821720978614 0.34027821982057 0.00000000000000 1.0
0.32821720978614 0.34466504453420 0.00000000000000 1.0
0.32821720978614 0.34905186924784 0.00000000000000 1.0
0.33333333333333 0.32017285919242 0.00000000000000 1.0
0.33333333333333 0.32455968390606 0.00000000000000 1.0
0.33333333333333 0.32894650861970 0.00000000000000 1.0
0.33333333333333 0.33333333333333 0.00000000000000 1.0
0.33333333333333 0.33772015804697 0.00000000000000 1.0
0.33333333333333 0.34210698276061 0.00000000000000 1.0
0.33333333333333 0.34649380747424 0.00000000000000 1.0
0.33844945688053 0.31761479741883 0.00000000000000 1.0
0.33844945688053 0.32200162213246 0.00000000000000 1.0
0.33844945688053 0.32638844684610 0.00000000000000 1.0
0.33844945688053 0.33077527155973 0.00000000000000 1.0
0.33844945688053 0.33516209627337 0.00000000000000 1.0
0.33844945688053 0.33954892098701 0.00000000000000 1.0
0.33844945688053 0.34393574570064 0.00000000000000 1.0
0.34356558042773 0.31505673564523 0.00000000000000 1.0
0.34356558042773 0.31944356035886 0.00000000000000 1.0
0.34356558042773 0.32383038507250 0.00000000000000 1.0
0.34356558042773 0.32821720978614 0.00000000000000 1.0
0.34356558042773 0.33260403449977 0.00000000000000 1.0
0.34356558042773 0.33699085921341 0.00000000000000 1.0
0.34356558042773 0.34137768392705 0.00000000000000 1.0
0.34868170397492 0.31249867387163 0.00000000000000 1.0
0.34868170397492 0.31688549858527 0.00000000000000 1.0
0.34868170397492 0.32127232329890 0.00000000000000 1.0
0.34868170397492 0.32565914801254 0.00000000000000 1.0
0.34868170397492 0.33004597272617 0.00000000000000 1.0
0.34868170397492 0.33443279743981 0.00000000000000 1.0
0.34868170397492 0.33881962215345 0.00000000000000 1.0
0.00000000000000 0.00000000000000 0.00000000000000 1.0
0.50000000000000 0.00000000000000 0.00000000000000 1.0
-0.33333333333333 -0.33333333333333 -0.00000000000000 1.0
0.08333333333333 0.08333333333333 0.00000000000000 1.0
0.10000000000000 0.10000000000000 0.00000000000000 1.0
0.11666666666667 0.11666666666667 0.00000000000000 1.0
0.13333333333333 0.13333333333333 0.00000000000000 1.0
0.15000000000000 0.15000000000000 0.00000000000000 1.0
0.16666666666667 0.16666666666667 0.00000000000000 1.0
0.18333333333333 0.18333333333333 0.00000000000000 1.0
0.20000000000000 0.20000000000000 0.00000000000000 1.0
0.21666666666667 0.21666666666667 0.00000000000000 1.0
0.23333333333333 0.23333333333333 0.00000000000000 1.0
0.25000000000000 0.25000000000000 0.00000000000000 1.0
0.26666666666667 0.26666666666667 0.00000000000000 1.0
0.28333333333333 0.28333333333333 0.00000000000000 1.0
0.30000000000000 0.30000000000000 0.00000000000000 1.0
0.31666666666667 0.31666666666667 0.00000000000000 1.0
-0.16666666666667 0.08333333333333 0.00000000000000 1.0
-0.20000000000000 0.10000000000000 0.00000000000000 1.0
-0.23333333333333 0.11666666666667 0.00000000000000 1.0
-0.26666666666667 0.13333333333333 0.00000000000000 1.0
-0.30000000000000 0.15000000000000 0.00000000000000 1.0
-0.33333333333333 0.16666666666667 0.00000000000000 1.0
-0.36666666666667 0.18333333333333 0.00000000000000 1.0
-0.40000000000000 0.20000000000000 0.00000000000000 1.0
-0.43333333333333 0.21666666666667 0.00000000000000 1.0
-0.46666666666667 0.23333333333333 0.00000000000000 1.0
-0.50000000000000 0.25000000000000 0.00000000000000 1.0
-0.53333333333333 0.26666666666667 0.00000000000000 1.0
-0.56666666666667 0.28333333333333 0.00000000000000 1.0
-0.60000000000000 0.30000000000000 0.00000000000000 1.0
-0.63333333333333 0.31666666666667 0.00000000000000 1.0
0.08333333333333 -0.16666666666667 0.00000000000000 1.0
0.10000000000000 -0.20000000000000 0.00000000000000 1.0
0.11666666666667 -0.23333333333333 0.00000000000000 1.0
0.13333333333333 -0.26666666666667 0.00000000000000 1.0
0.15000000000000 -0.30000000000000 0.00000000000000 1.0
0.16666666666667 -0.33333333333333 0.00000000000000 1.0
0.18333333333333 -0.36666666666667 0.00000000000000 1.0
0.20000000000000 -0.40000000000000 0.00000000000000 1.0
0.21666666666667 -0.43333333333333 0.00000000000000 1.0
0.23333333333333 -0.46666666666667 0.00000000000000 1.0
0.25000000000000 -0.50000000000000 0.00000000000000 1.0
0.26666666666667 -0.53333333333333 0.00000000000000 1.0
0.28333333333333 -0.56666666666667 0.00000000000000 1.0
0.30000000000000 -0.60000000000000 0.00000000000000 1.0
0.31666666666667 -0.63333333333333 0.00000000000000 1.0
