# E(THz)     0.001     0.002     0.003     0.004     0.005     0.006     0.007     0.008     0.009     0.010
     0.011     0.012     0.013     0.014     0.015     0.016     0.017     0.018     0.019     0.020
  0.0000  -0.00000  -0.00000  -0.00000  -0.00000  -0.00000  -0.00000  -0.00000  -0.00000  -0.00000  -0.00000
  -0.00000  -0.00000  -0.00000  -0.00000  -0.00000  -0.00000  -0.00000  -0.00000  -0.00000  -0.00000
  0.0503  -0.00000  -0.00000  -0.00000  -0.00000  -0.00000  -0.00000  -0.00000  -0.00000  -0.00000  -0.00000
  -0.00000  -0.00000  -0.00000  -0.00000  -0.00000  -0.00000  -0.00000  -0.00000  -0.00000  -0.00000
  0.1005  -0.00000  -0.00000  -0.00000  -0.00000  -0.00000  -0.00000  -0.00000  -0.00000  -0.00000  -0.00000
  -0.00000  -0.00000  -0.00000  -0.00000  -0.00000  -0.00000  -0.00000  -0.00000  -0.00000  -0.00000
  0.1508  -0.00000  -0.00000  -0.00000  -0.00000  -0.00000  -0.00000  -0.00000  -0.00000  -0.00000  -0.00000
  -0.00000  -0.00000  -0.00000  -0.00000  -0.00000  -0.00000  -0.00000  -0.00000  -0.00000  -0.00000
  0.2010  -0.00000  -0.00000  -0.00000  -0.00000  -0.00000  -0.00000  -0.00000  -0.00000  -0.00000  -0.00000
  -0.00000  -0.00000  -0.00000  -0.00000  -0.00000  -0.00000  -0.00000  -0.00000  -0.00000  -0.00000
  0.2513  -0.00000  -0.00000  -0.00000  -0.00000  -0.00000  -0.00000  -0.00000  -0.00000  -0.00000  -0.00000
  -0.00000  -0.00000  -0.00000  -0.00000  -0.00000  -0.00000  -0.00000  -0.00000  -0.00000  -0.00000
  0.3015  -0.00000  -0.00000  -0.00000  -0.00000  -0.00000  -0.00000  -0.00000  -0.00000  -0.00000  -0.00000
  -0.00000  -0.00000  -0.00000  -0.00000  -0.00000  -0.00000  -0.00000  -0.00000  -0.00000  -0.00000
  0.3518  -0.00000  -0.00000  -0.00000  -0.00000  -0.00000  -0.00000  -0.00000  -0.00000  -0.00000  -0.00000
  -0.00000  -0.00000  -0.00000  -0.00000  -0.00000  -0.00000  -0.00000  -0.00000  -0.00000  -0.00000
  0.4020  -0.00000  -0.00000  -0.00000  -0.00000  -0.00000  -0.00000  -0.00000  -0.00000  -0.00000  -0.00000
  -0.00000  -0.00000  -0.00000  -0.00000  -0.00000  -0.00000  -0.00000  -0.00000  -0.00000  -0.00000
  0.4523  -0.00000  -0.00000  -0.00000  -0.00000  -0.00000  -0.00000  -0.00000  -0.00000  -0.00000  -0.00000
  -0.00000  -0.00000  -0.00000  -0.00000  -0.00000  -0.00000  -0.00000  -0.00000  -0.00000  -0.00000
  0.5025  -0.00000  -0.00000  -0.00000  -0.00000  -0.00000  -0.00000  -0.00000  -0.00000  -0.00000  -0.00000
  -0.00000  -0.00000  -0.00000  -0.00000  -0.00000  -0.00000  -0.00000  -0.00000  -0.00000  -0.00000
  0.5528  -0.00000  -0.00000  -0.00000  -0.00000  -0.00000  -0.00000  -0.00000  -0.00000  -0.00000  -0.00000
  -0.00000  -0.00000  -0.00000  -0.00000  -0.00000  -0.00000  -0.00000  -0.00000  -0.00000  -0.00000
  0.6030  -0.00000  -0.00000  -0.00000  -0.00000  -0.00000  -0.00000  -0.00000  -0.00000  -0.00000  -0.00000
  -0.00000  -0.00000  -0.00000  -0.00000  -0.00000  -0.00000  -0.00000  -0.00000  -0.00000  -0.00000
  0.6533  -0.00000  -0.00000  -0.00000  -0.00000  -0.00000  -0.00000  -0.00000  -0.00000  -0.00000  -0.00000
  -0.00000  -0.00000  -0.00000  -0.00000  -0.00000  -0.00000  -0.00000  -0.00000  -0.00000  -0.00000
  0.7035  -0.00000  -0.00000  -0.00000  -0.00000  -0.00000  -0.00000  -0.00000  -0.00000  -0.00000  -0.00000
  -0.00000  -0.00000  -0.00000  -0.00000  -0.00000  -0.00000  -0.00000  -0.00000  -0.00000  -0.00000
  0.7538  -0.00002  -0.00002  -0.00002  -0.00002  -0.00002  -0.00002  -0.00002  -0.00002  -0.00002  -0.00002
  -0.00002  -0.00002  -0.00002  -0.00002  -0.00002  -0.00002  -0.00002  -0.00001  -0.00001  -0.00001
  0.8040  -0.00022  -0.00025  -0.00026  -0.00026  -0.00026  -0.00026  -0.00026  -0.00026  -0.00026  -0.00025
  -0.00025  -0.00024  -0.00024  -0.00023  -0.00022  -0.00021  -0.00021  -0.00020  -0.00019  -0.00019
  0.8543  -0.00192  -0.00220  -0.00228  -0.00230  -0.00231  -0.00232  -0.00233  -0.00232  -0.00230  -0.00227
  -0.00222  -0.00216  -0.00210  -0.00204  -0.00197  -0.00191  -0.00184  -0.00178  -0.00171  -0.00166
  0.9045  -0.01108  -0.01272  -0.01317  -0.01326  -0.01332  -0.01340  -0.01345  -0.01341  -0.01329  -0.01307
  -0.01280  -0.01247  -0.01212  -0.01175  -0.01137  -0.01099  -0.01062  -0.01025  -0.00989  -0.00955
  0.9548  -0.03862  -0.04435  -0.04589  -0.04620  -0.04643  -0.04670  -0.04686  -0.04674  -0.04630  -0.04556
  -0.04459  -0.04347  -0.04224  -0.04094  -0.03962  -0.03830  -0.03699  -0.03571  -0.03447  -0.03328
  1.0050  -0.06360  -0.07287  -0.07535  -0.07582  -0.07617  -0.07659  -0.07684  -0.07664  -0.07590  -0.07468
  -0.07309  -0.07125  -0.06923  -0.06711  -0.06494  -0.06277  -0.06062  -0.05852  -0.05650  -0.05455
  1.0553   0.04700   0.05522   0.05762   0.05833   0.05890   0.05949   0.05988   0.05987   0.05940   0.05853
   0.05733   0.05592   0.05437   0.05272   0.05103   0.04933   0.04765   0.04601   0.04442   0.04289
  1.1055   0.44718   0.52124   0.54242   0.54824   0.55297   0.55794   0.56122   0.56085   0.55626   0.54790
   0.53665   0.52337   0.50875   0.49333   0.47751   0.46162   0.44590   0.43051   0.41562   0.40133
  1.1558   0.90625   1.07596   1.12736   1.14523   1.16044   1.17547   1.18601   1.18793   1.18017   1.16383
   1.14093   1.11341   1.08284   1.05039   1.01701   0.98338   0.95005   0.91740   0.88579   0.85541
  1.2060   0.84146   1.06434   1.13990   1.17610   1.20832   1.23813   1.26043   1.27082   1.26855   1.25528
   1.23364   1.20608   1.17457   1.14057   1.10521   1.06934   1.03363   0.99851   0.96444   0.93164
  1.2563   0.40119   0.55906   0.61570   0.64703   0.67551   0.70141   0.72138   0.73287   0.73563   0.73090
   0.72048   0.70601   0.68879   0.66979   0.64976   0.62926   0.60871   0.58841   0.56864   0.54956
  1.3065   1.02304   0.88882   0.80174   0.71825   0.64088   0.57591   0.52388   0.48259   0.44950   0.42238
   0.39951   0.37969   0.36205   0.34604   0.33133   0.31766   0.30487   0.29289   0.28167   0.27113
  1.3568   3.61899   2.91069   2.51550   2.16316   1.83589   1.55761   1.33422   1.16024   1.02632   0.92297
   0.84184   0.77675   0.72313   0.67787   0.63896   0.60480   0.57438   0.54705   0.52229   0.49965
  1.4070   6.41215   5.14452   4.46432   3.86303   3.30240   2.82312   2.43590   2.13179   1.89522   1.71039
   1.56349   1.44419   1.34489   1.26038   1.18721   1.12272   1.06517   1.01335   0.96639   0.92349
  1.4573   6.73984   5.37182   4.69221   4.10296   3.54928   3.07067   2.67898   2.36642   2.11852   1.92069
   1.76011   1.62717   1.51481   1.41799   1.33342   1.25847   1.19141   1.13096   1.07617   1.02623
  1.5075   4.64910   3.64641   3.21778   2.86263   2.52306   2.22223   1.96931   1.76111   1.59007   1.44861
   1.32993   1.22887   1.14165   1.06532   0.99793   0.93791   0.88413   0.83565   0.79178   0.75200
  1.5578   2.16240   1.65064   1.47991   1.35124   1.22319   1.10372   0.99786   0.90573   0.82563   0.75582
   0.69465   0.64075   0.59312   0.55077   0.51299   0.47919   0.44890   0.42163   0.39704   0.37486
  1.6080   0.52418   0.37803   0.34916   0.33217   0.31216   0.29029   0.26810   0.24634   0.22549   0.20596
   0.18800   0.17168   0.15702   0.14392   0.13222   0.12184   0.11260   0.10435   0.09699   0.09045
  1.6583  -0.14380  -0.12447  -0.10688  -0.09415  -0.08319  -0.07422  -0.06753  -0.06282  -0.05947  -0.05695
  -0.05479  -0.05279  -0.05088  -0.04891  -0.04698  -0.04502  -0.04315  -0.04134  -0.03959  -0.03793
  1.7085  -0.01603   0.00941   0.01227   0.01284   0.01595   0.02043   0.02516   0.02944   0.03304   0.03590
   0.03817   0.04000   0.04145   0.04268   0.04373   0.04464   0.04537   0.04595   0.04647   0.04685
  1.7588   0.87603   0.83021   0.75474   0.69883   0.65797   0.62760   0.60534   0.58817   0.57332   0.55901
   0.54456   0.52996   0.51532   0.50085   0.48686   0.47330   0.46034   0.44793   0.43624   0.42512
  1.8090   2.26976   2.13238   1.92575   1.77210   1.65272   1.55858   1.48606   1.42886   1.38039   1.33594
   1.29325   1.25173   1.21134   1.17222   1.13484   1.09904   1.06510   1.03292   1.00270   0.97416
  1.8593   3.36127   3.09943   2.76760   2.52974   2.34211   2.19112   2.07312   1.97981   1.90187   1.83215
   1.76692   1.70476   1.64526   1.58832   1.53428   1.48290   1.43434   1.38856   1.34558   1.30515
  1.9095   3.62606   3.15878   2.74936   2.48886   2.28892   2.12755   2.00057   1.89976   1.81592   1.74170
   1.67324   1.60877   1.54767   1.48975   1.43500   1.38329   1.33452   1.28879   1.24586   1.20563
  1.9598   3.17863   2.53064   2.11131   1.88271   1.71945   1.58993   1.48759   1.40537   1.33638   1.27510
   1.21880   1.16611   1.11653   1.06986   1.02593   0.98470   0.94594   0.90983   0.87596   0.84438
  2.0101   2.20693   1.61342   1.28569   1.12315   1.01558   0.93287   0.86738   0.81391   0.76844   0.72792
   0.69093   0.65665   0.62476   0.59500   0.56721   0.54135   0.51715   0.49476   0.47382   0.45439
  2.0603   1.06084   0.72793   0.55839   0.47326   0.41863   0.37795   0.34588   0.31953   0.29719   0.27772
   0.26050   0.24501   0.23108   0.21832   0.20664   0.19594   0.18600   0.17689   0.16838   0.16053
  2.1106   0.26622   0.17067   0.12642   0.09959   0.08159   0.06865   0.05879   0.05100   0.04486   0.04009
   0.03643   0.03351   0.03125   0.02928   0.02763   0.02618   0.02481   0.02359   0.02239   0.02126
  2.1608  -0.02230  -0.00405   0.00556   0.00714   0.00731   0.00776   0.00888   0.01079   0.01340   0.01639
   0.01942   0.02219   0.02462   0.02658   0.02815   0.02933   0.03016   0.03072   0.03103   0.03114
  2.2111  -0.01132   0.04471   0.06435   0.07268   0.07707   0.08047   0.08452   0.08991   0.09632   0.10287
   0.10888   0.11390   0.11775   0.12048   0.12224   0.12311   0.12330   0.12290   0.12211   0.12094
  2.2613   0.07895   0.13819   0.14999   0.15275   0.15256   0.15227   0.15368   0.15746   0.16304   0.16920
   0.17497   0.17981   0.18338   0.18578   0.18708   0.18740   0.18700   0.18587   0.18435   0.18237
  2.3116   0.11732   0.15707   0.15721   0.15223   0.14649   0.14181   0.13922   0.13907   0.14080   0.14345
   0.14625   0.14879   0.15070   0.15203   0.15273   0.15284   0.15254   0.15172   0.15066   0.14928
  2.3618   0.07796   0.09310   0.08821   0.08172   0.07575   0.07093   0.06746   0.06537   0.06438   0.06411
   0.06421   0.06453   0.06484   0.06515   0.06534   0.06541   0.06540   0.06519   0.06495   0.06457
  2.4121   0.03143   0.02955   0.02546   0.02197   0.01914   0.01690   0.01510   0.01366   0.01250   0.01159
   0.01091   0.01045   0.01015   0.01000   0.00996   0.00998   0.01007   0.01016   0.01029   0.01041
  2.4623   0.04346   0.02707   0.02167   0.01911   0.01756   0.01650   0.01568   0.01494   0.01419   0.01344
   0.01277   0.01218   0.01172   0.01142   0.01128   0.01123   0.01128   0.01143   0.01160   0.01179
  2.5126   0.09138   0.06123   0.05149   0.04708   0.04444   0.04270   0.04150   0.04055   0.03968   0.03877
   0.03796   0.03717   0.03652   0.03609   0.03588   0.03574   0.03576   0.03594   0.03611   0.03629
  2.5628   0.11262   0.08085   0.06877   0.06258   0.05859   0.05581   0.05381   0.05228   0.05097   0.04973
   0.04865   0.04764   0.04680   0.04621   0.04586   0.04559   0.04549   0.04556   0.04562   0.04570
  2.6131   0.10892   0.09017   0.07682   0.06793   0.06159   0.05677   0.05307   0.05009   0.04766   0.04560
   0.04384   0.04232   0.04102   0.03998   0.03917   0.03846   0.03791   0.03749   0.03709   0.03675
  2.6633   0.11970   0.11490   0.09783   0.08408   0.07373   0.06556   0.05909   0.05376   0.04948   0.04600
   0.04305   0.04062   0.03849   0.03669   0.03513   0.03373   0.03250   0.03135   0.03029   0.02936
  2.7136   0.12167   0.12279   0.10447   0.08895   0.07716   0.06778   0.06031   0.05414   0.04920   0.04522
   0.04185   0.03910   0.03669   0.03461   0.03280   0.03115   0.02967   0.02827   0.02695   0.02581
  2.7638   0.07625   0.07845   0.06658   0.05643   0.04876   0.04268   0.03784   0.03386   0.03067   0.02813
   0.02597   0.02422   0.02269   0.02138   0.02023   0.01918   0.01825   0.01735   0.01651   0.01579
  2.8141   0.01917   0.02083   0.01753   0.01466   0.01253   0.01086   0.00955   0.00848   0.00763   0.00696
   0.00640   0.00596   0.00557   0.00524   0.00495   0.00469   0.00446   0.00423   0.00402   0.00383
  2.8643   0.01158   0.00782   0.00732   0.00703   0.00661   0.00617   0.00575   0.00536   0.00501   0.00468
   0.00438   0.00410   0.00384   0.00361   0.00339   0.00320   0.00302   0.00285   0.00271   0.00258
  2.9146   0.05906   0.04289   0.03937   0.03703   0.03438   0.03181   0.02947   0.02735   0.02548   0.02377
   0.02226   0.02082   0.01954   0.01841   0.01733   0.01640   0.01553   0.01470   0.01399   0.01338
  2.9648   0.10128   0.07571   0.06963   0.06538   0.06061   0.05597   0.05171   0.04783   0.04439   0.04126
   0.03848   0.03588   0.03356   0.03153   0.02958   0.02792   0.02636   0.02490   0.02362   0.02254
  3.0151   0.08324   0.06294   0.05893   0.05599   0.05226   0.04839   0.04470   0.04121   0.03807   0.03517
   0.03258   0.03018   0.02803   0.02615   0.02436   0.02284   0.02141   0.02008   0.01891   0.01794
  3.0653   0.06003   0.04529   0.04015   0.03658   0.03330   0.03048   0.02814   0.02618   0.02455   0.02314
   0.02190   0.02074   0.01970   0.01878   0.01790   0.01714   0.01641   0.01573   0.01513   0.01460
  3.1156   0.15262   0.11228   0.08831   0.07244   0.06159   0.05443   0.05011   0.04784   0.04677   0.04635
   0.04619   0.04596   0.04574   0.04547   0.04520   0.04487   0.04446   0.04407   0.04368   0.04323
  3.1658   0.33752   0.24607   0.19112   0.15505   0.13081   0.11511   0.10587   0.10130   0.09940   0.09893
   0.09901   0.09891   0.09879   0.09850   0.09821   0.09773   0.09707   0.09642   0.09574   0.09488
  3.2161   0.41030   0.29673   0.22999   0.18650   0.15732   0.13838   0.12716   0.12150   0.11904   0.11830
   0.11823   0.11798   0.11772   0.11729   0.11686   0.11621   0.11536   0.11453   0.11366   0.11260
  3.2663   0.27431   0.19561   0.15067   0.12171   0.10240   0.08986   0.08241   0.07858   0.07687   0.07629
   0.07617   0.07596   0.07574   0.07544   0.07512   0.07468   0.07410   0.07355   0.07296   0.07226
  3.3166   0.07999   0.05480   0.04130   0.03295   0.02756   0.02414   0.02213   0.02111   0.02066   0.02051
   0.02049   0.02044   0.02038   0.02030   0.02022   0.02011   0.01995   0.01981   0.01964   0.01946
  3.3668  -0.01947  -0.01362  -0.00964  -0.00649  -0.00408  -0.00238  -0.00132  -0.00072  -0.00043  -0.00035
  -0.00041  -0.00051  -0.00062  -0.00075  -0.00083  -0.00091  -0.00097  -0.00099  -0.00101  -0.00098
  3.4171  -0.01756  -0.00539   0.00190   0.00719   0.01078   0.01306   0.01424   0.01475   0.01479   0.01447
   0.01393   0.01329   0.01273   0.01209   0.01160   0.01112   0.01072   0.01041   0.01017   0.01002
  3.4673   0.05494   0.05598   0.05669   0.05643   0.05491   0.05299   0.05088   0.04898   0.04725   0.04550
   0.04382   0.04218   0.04076   0.03927   0.03807   0.03687   0.03584   0.03493   0.03418   0.03349
  3.5176   0.16981   0.14695   0.13357   0.12128   0.10915   0.09876   0.09039   0.08407   0.07925   0.07530
   0.07214   0.06938   0.06704   0.06477   0.06284   0.06091   0.05923   0.05765   0.05631   0.05491
  3.5678   0.23840   0.19789   0.17403   0.15285   0.13314   0.11686   0.10430   0.09512   0.08842   0.08326
   0.07945   0.07630   0.07366   0.07122   0.06909   0.06696   0.06509   0.06327   0.06171   0.05995
  3.6181   0.18604   0.15202   0.13194   0.11423   0.09801   0.08477   0.07470   0.06742   0.06220   0.05828
   0.05548   0.05324   0.05137   0.04969   0.04820   0.04670   0.04539   0.04408   0.04296   0.04166
  3.6683   0.07097   0.05760   0.04970   0.04261   0.03612   0.03087   0.02692   0.02413   0.02215   0.02071
   0.01972   0.01898   0.01835   0.01780   0.01730   0.01681   0.01640   0.01596   0.01559   0.01514
  3.7186  -0.00379  -0.00271  -0.00212  -0.00204  -0.00212  -0.00210  -0.00205  -0.00189  -0.00172  -0.00153
  -0.00134  -0.00107  -0.00089  -0.00070  -0.00054  -0.00037  -0.00013   0.00001   0.00016   0.00030
  3.7688  -0.01471  -0.01110  -0.00914  -0.00776  -0.00669  -0.00572  -0.00499  -0.00434  -0.00383  -0.00340
  -0.00305  -0.00261  -0.00233  -0.00205  -0.00181  -0.00155  -0.00119  -0.00096  -0.00074  -0.00052
  3.8191   0.02178   0.01720   0.01458   0.01391   0.01358   0.01334   0.01300   0.01266   0.01228   0.01188
   0.01149   0.01119   0.01085   0.01053   0.01023   0.00998   0.00982   0.00961   0.00942   0.00922
  3.8693   0.09275   0.07099   0.05957   0.05552   0.05313   0.05111   0.04921   0.04736   0.04559   0.04386
   0.04225   0.04068   0.03931   0.03801   0.03681   0.03569   0.03465   0.03373   0.03280   0.03191
  3.9196   0.15220   0.11683   0.09940   0.09332   0.08975   0.08678   0.08421   0.08183   0.07964   0.07754
   0.07566   0.07371   0.07213   0.07060   0.06926   0.06793   0.06664   0.06561   0.06444   0.06343
  3.9698   0.14601   0.11510   0.10125   0.09666   0.09387   0.09169   0.09016   0.08912   0.08840   0.08783
   0.08749   0.08703   0.08683   0.08659   0.08654   0.08630   0.08603   0.08599   0.08563   0.08549
  4.0201   0.08978   0.07534   0.07020   0.06871   0.06760   0.06696   0.06703   0.06785   0.06908   0.07043
   0.07196   0.07335   0.07475   0.07604   0.07738   0.07839   0.07930   0.08029   0.08089   0.08168
  4.0704   0.04897   0.04514   0.04433   0.04414   0.04378   0.04388   0.04468   0.04621   0.04810   0.04998
   0.05190   0.05359   0.05507   0.05643   0.05767   0.05859   0.05941   0.06017   0.06067   0.06128
  4.1206   0.06052   0.05563   0.05253   0.05108   0.05007   0.04978   0.05036   0.05163   0.05318   0.05445
   0.05561   0.05635   0.05671   0.05695   0.05699   0.05670   0.05643   0.05601   0.05551   0.05506
  4.1709   0.10837   0.09806   0.09063   0.08669   0.08409   0.08262   0.08244   0.08304   0.08397   0.08446
   0.08482   0.08463   0.08397   0.08314   0.08224   0.08084   0.07962   0.07827   0.07693   0.07553
  4.2211   0.14743   0.13722   0.12842   0.12266   0.11842   0.11541   0.11396   0.11350   0.11355   0.11328
   0.11308   0.11246   0.11140   0.11021   0.10911   0.10744   0.10598   0.10451   0.10300   0.10136
  4.2714   0.14455   0.14215   0.13635   0.13082   0.12591   0.12189   0.11925   0.11771   0.11686   0.11605
   0.11560   0.11498   0.11406   0.11324   0.11247   0.11131   0.11019   0.10916   0.10804   0.10680
  4.3216   0.10700   0.11143   0.10942   0.10565   0.10152   0.09776   0.09494   0.09308   0.09195   0.09110
   0.09077   0.09043   0.08997   0.08976   0.08945   0.08902   0.08843   0.08797   0.08738   0.08674
  4.3719   0.07020   0.07354   0.07263   0.07034   0.06763   0.06504   0.06299   0.06154   0.06056   0.05991
   0.05969   0.05943   0.05926   0.05924   0.05914   0.05904   0.05875   0.05860   0.05834   0.05804
  4.4221   0.05538   0.05498   0.05379   0.05216   0.05051   0.04899   0.04776   0.04674   0.04577   0.04507
   0.04457   0.04396   0.04362   0.04325   0.04294   0.04264   0.04226   0.04203   0.04169   0.04137
  4.4724   0.04817   0.04824   0.04791   0.04705   0.04620   0.04543   0.04476   0.04402   0.04305   0.04225
   0.04148   0.04058   0.03997   0.03924   0.03864   0.03809   0.03749   0.03704   0.03648   0.03605
  4.5226   0.03218   0.03528   0.03637   0.03668   0.03673   0.03668   0.03652   0.03622   0.03567   0.03514
   0.03456   0.03391   0.03342   0.03279   0.03224   0.03180   0.03125   0.03083   0.03030   0.02993
  4.5729   0.01852   0.02349   0.02540   0.02672   0.02747   0.02789   0.02802   0.02807   0.02801   0.02783
   0.02762   0.02740   0.02723   0.02690   0.02661   0.02648   0.02620   0.02597   0.02569   0.02551
  4.6231   0.02134   0.02687   0.02968   0.03143   0.03213   0.03226   0.03207   0.03179   0.03163   0.03130
   0.03101   0.03073   0.03056   0.03024   0.02998   0.02993   0.02973   0.02959   0.02944   0.02931
  4.6734   0.03259   0.03825   0.04234   0.04397   0.04402   0.04332   0.04240   0.04132   0.04056   0.03968
   0.03894   0.03820   0.03768   0.03714   0.03669   0.03647   0.03620   0.03600   0.03586   0.03566
  4.7236   0.03401   0.03947   0.04398   0.04524   0.04481   0.04370   0.04253   0.04109   0.04008   0.03904
   0.03815   0.03726   0.03656   0.03606   0.03559   0.03530   0.03510   0.03494   0.03489   0.03472
  4.7739   0.02111   0.02550   0.02880   0.02961   0.02928   0.02858   0.02788   0.02694   0.02634   0.02574
   0.02524   0.02474   0.02427   0.02412   0.02390   0.02378   0.02381   0.02379   0.02392   0.02389
  4.8241   0.00565   0.00819   0.00967   0.01008   0.01004   0.00992   0.00980   0.00954   0.00944   0.00935
   0.00927   0.00921   0.00907   0.00917   0.00918   0.00921   0.00936   0.00942   0.00959   0.00965
  4.8744  -0.00353  -0.00209  -0.00156  -0.00133  -0.00120  -0.00107  -0.00097  -0.00091  -0.00084  -0.00076
  -0.00071  -0.00064  -0.00064  -0.00056  -0.00051  -0.00048  -0.00042  -0.00039  -0.00033  -0.00030
  4.9246  -0.00789  -0.00560  -0.00483  -0.00444  -0.00418  -0.00397  -0.00384  -0.00373  -0.00365  -0.00359
  -0.00357  -0.00354  -0.00352  -0.00353  -0.00353  -0.00354  -0.00357  -0.00359  -0.00363  -0.00365
  4.9749  -0.00374  -0.00137  -0.00074  -0.00038  -0.00012   0.00005   0.00023   0.00038   0.00050   0.00060
   0.00071   0.00079   0.00086   0.00094   0.00100   0.00105   0.00111   0.00116   0.00122   0.00127
  5.0251   0.02699   0.01963   0.01626   0.01480   0.01416   0.01374   0.01376   0.01386   0.01400   0.01419
   0.01456   0.01479   0.01505   0.01546   0.01573   0.01601   0.01643   0.01672   0.01716   0.01744
  5.0754   0.08796   0.05573   0.04300   0.03717   0.03420   0.03228   0.03155   0.03118   0.03105   0.03115
   0.03167   0.03195   0.03236   0.03307   0.03354   0.03405   0.03485   0.03539   0.03623   0.03676
  5.1256   0.13414   0.07854   0.05762   0.04782   0.04258   0.03918   0.03744   0.03636   0.03572   0.03547
   0.03577   0.03586   0.03617   0.03681   0.03722   0.03770   0.03849   0.03902   0.03987   0.04039
  5.1759   0.11727   0.06538   0.04650   0.03736   0.03218   0.02879   0.02678   0.02542   0.02461   0.02416
   0.02413   0.02399   0.02410   0.02439   0.02461   0.02484   0.02529   0.02558   0.02605   0.02637
  5.2261   0.05938   0.03493   0.02662   0.02221   0.01925   0.01721   0.01586   0.01488   0.01446   0.01418
   0.01412   0.01397   0.01400   0.01409   0.01423   0.01424   0.01447   0.01453   0.01468   0.01492
  5.2764   0.01899   0.01953   0.02081   0.02107   0.02057   0.02002   0.01957   0.01921   0.01939   0.01946
   0.01959   0.01959   0.01965   0.01971   0.01994   0.01987   0.02010   0.02007   0.02014   0.02043
  5.3266   0.02210   0.03419   0.03934   0.04235   0.04382   0.04459   0.04515   0.04564   0.04651   0.04717
   0.04774   0.04811   0.04844   0.04868   0.04913   0.04923   0.04962   0.04967   0.04988   0.05021
  5.3769   0.06105   0.07851   0.08340   0.08777   0.09098   0.09320   0.09511   0.09690   0.09890   0.10067
   0.10220   0.10340   0.10445   0.10526   0.10621   0.10686   0.10761   0.10797   0.10847   0.10890
  5.4271   0.09923   0.11931   0.12226   0.12676   0.13086   0.13407   0.13705   0.13995   0.14299   0.14581
   0.14831   0.15030   0.15210   0.15353   0.15498   0.15618   0.15729   0.15794   0.15872   0.15926
  5.4774   0.09316   0.10971   0.11056   0.11368   0.11699   0.11988   0.12275   0.12559   0.12858   0.13138
   0.13392   0.13596   0.13782   0.13939   0.14085   0.14217   0.14329   0.14402   0.14485   0.14543
  5.5276   0.05682   0.06719   0.06790   0.06972   0.07154   0.07331   0.07536   0.07753   0.07984   0.08201
   0.08415   0.08599   0.08767   0.08934   0.09061   0.09202   0.09319   0.09410   0.09506   0.09582
  5.5779   0.04427   0.05423   0.05866   0.06161   0.06306   0.06411   0.06558   0.06748   0.06959   0.07162
   0.07394   0.07616   0.07816   0.08043   0.08189   0.08384   0.08545   0.08684   0.08823   0.08934
  5.6281   0.06324   0.07727   0.08729   0.09305   0.09515   0.09572   0.09655   0.09812   0.09998   0.10197
   0.10449   0.10703   0.10929   0.11186   0.11347   0.11567   0.11753   0.11908   0.12062   0.12171
  5.6784   0.08108   0.09798   0.11059   0.11752   0.11972   0.11959   0.11935   0.11996   0.12095   0.12227
   0.12417   0.12616   0.12783   0.12966   0.13085   0.13234   0.13364   0.13458   0.13558   0.13603
  5.7286   0.09354   0.11677   0.12902   0.13488   0.13639   0.13585   0.13502   0.13494   0.13537   0.13602
   0.13716   0.13831   0.13903   0.13982   0.14030   0.14067   0.14094   0.14100   0.14116   0.14080
  5.7789   0.10878   0.14554   0.15888   0.16405   0.16534   0.16526   0.16485   0.16499   0.16575   0.16635
   0.16728   0.16808   0.16822   0.16849   0.16842   0.16803   0.16745   0.16689   0.16642   0.16550
  5.8291   0.10068   0.14405   0.15838   0.16353   0.16513   0.16574   0.16596   0.16640   0.16740   0.16798
   0.16876   0.16937   0.16926   0.16937   0.16902   0.16842   0.16753   0.16682   0.16615   0.16513
  5.8794   0.08612   0.11288   0.12016   0.12162   0.12109   0.12032   0.11956   0.11914   0.11931   0.11926
   0.11941   0.11953   0.11925   0.11912   0.11863   0.11807   0.11729   0.11665   0.11605   0.11522
  5.9296   0.18189   0.16780   0.15368   0.14280   0.13361   0.12660   0.12175   0.11901   0.11783   0.11703
   0.11670   0.11643   0.11601   0.11550   0.11473   0.11405   0.11307   0.11214   0.11126   0.11004
  5.9799   0.42040   0.35425   0.30941   0.28036   0.25803   0.24189   0.23170   0.22695   0.22558   0.22525
   0.22567   0.22590   0.22573   0.22511   0.22401   0.22302   0.22138   0.21973   0.21803   0.21560
  6.0302   0.60160   0.50521   0.44283   0.40402   0.37499   0.35469   0.34285   0.33861   0.33875   0.34023
   0.34234   0.34394   0.34456   0.34447   0.34363   0.34278   0.34095   0.33907   0.33698   0.33378
  6.0804   0.53786   0.46521   0.41708   0.38666   0.36376   0.34804   0.33940   0.33716   0.33846   0.34101
   0.34372   0.34622   0.34743   0.34807   0.34810   0.34795   0.34687   0.34577   0.34436   0.34183
  6.1307   0.32209   0.31028   0.29451   0.28072   0.26887   0.26035   0.25536   0.25368   0.25389   0.25520
   0.25633   0.25800   0.25870   0.25926   0.25966   0.25985   0.25954   0.25926   0.25871   0.25746
  6.1809   0.16188   0.19755   0.20419   0.20008   0.19416   0.18910   0.18511   0.18230   0.18026   0.17916
   0.17801   0.17781   0.17724   0.17693   0.17678   0.17656   0.17626   0.17613   0.17579   0.17530
  6.2312   0.11893   0.16769   0.17964   0.17673   0.17145   0.16664   0.16232   0.15862   0.15543   0.15292
   0.15085   0.14955   0.14827   0.14755   0.14686   0.14644   0.14603   0.14600   0.14575   0.14569
  6.2814   0.12185   0.16415   0.17415   0.17062   0.16542   0.16088   0.15695   0.15371   0.15110   0.14888
   0.14750   0.14651   0.14559   0.14536   0.14483   0.14488   0.14481   0.14520   0.14536   0.14570
  6.3317   0.09592   0.12537   0.13235   0.12983   0.12635   0.12340   0.12101   0.11919   0.11799   0.11694
   0.11665   0.11649   0.11629   0.11663   0.11653   0.11702   0.11729   0.11793   0.11834   0.11883
  6.3819   0.03795   0.05274   0.05662   0.05608   0.05509   0.05425   0.05364   0.05324   0.05316   0.05309
   0.05336   0.05364   0.05382   0.05422   0.05433   0.05478   0.05504   0.05548   0.05577   0.05607
  6.4322   0.00109   0.00427   0.00546   0.00572   0.00583   0.00590   0.00598   0.00605   0.00618   0.00628
   0.00641   0.00654   0.00662   0.00671   0.00674   0.00683   0.00688   0.00694   0.00699   0.00702
  6.4824   0.02918   0.02198   0.01904   0.01666   0.01465   0.01307   0.01191   0.01090   0.01011   0.00941
   0.00872   0.00816   0.00766   0.00719   0.00685   0.00638   0.00608   0.00575   0.00554   0.00522
  6.5327   0.11579   0.09214   0.08073   0.07186   0.06480   0.05936   0.05542   0.05225   0.04978   0.04777
   0.04589   0.04436   0.04311   0.04201   0.04113   0.04006   0.03936   0.03871   0.03821   0.03753
  6.5829   0.20673   0.16386   0.14228   0.12676   0.11493   0.10595   0.09961   0.09490   0.09136   0.08878
   0.08649   0.08461   0.08325   0.08215   0.08119   0.08012   0.07941   0.07895   0.07843   0.07780
  6.6332   0.24936   0.20223   0.17774   0.16108   0.14867   0.13919   0.13277   0.12860   0.12586   0.12434
   0.12328   0.12245   0.12220   0.12228   0.12211   0.12212   0.12216   0.12268   0.12270   0.12283
  6.6834   0.24082   0.21495   0.19970   0.18917   0.18115   0.17463   0.17060   0.16863   0.16822   0.16866
   0.16966   0.17071   0.17199   0.17372   0.17468   0.17614   0.17728   0.17901   0.17983   0.18089
  6.7337   0.21785   0.21858   0.21543   0.21215   0.20937   0.20655   0.20538   0.20525   0.20676   0.20840
   0.21046   0.21257   0.21449   0.21697   0.21835   0.22039   0.22206   0.22430   0.22548   0.22684
  6.7839   0.21591   0.21509   0.21176   0.20803   0.20534   0.20294   0.20207   0.20149   0.20261   0.20361
   0.20475   0.20610   0.20729   0.20899   0.20966   0.21103   0.21219   0.21390   0.21466   0.21554
  6.8342   0.23647   0.20743   0.19133   0.17979   0.17193   0.16616   0.16266   0.15964   0.15829   0.15726
   0.15632   0.15580   0.15549   0.15550   0.15491   0.15498   0.15495   0.15548   0.15532   0.15537
  6.8844   0.25842   0.21323   0.18668   0.16879   0.15614   0.14641   0.13967   0.13414   0.13007   0.12688
   0.12410   0.12195   0.12019   0.11864   0.11706   0.11595   0.11478   0.11416   0.11313   0.11241
  6.9347   0.28038   0.25143   0.22394   0.20350   0.18737   0.17355   0.16315   0.15474   0.14782   0.14235
   0.13785   0.13434   0.13124   0.12851   0.12629   0.12431   0.12236   0.12099   0.11936   0.11807
  6.9849   0.30384   0.30196   0.27757   0.25423   0.23312   0.21397   0.19848   0.18579   0.17524   0.16699
   0.16025   0.15510   0.15063   0.14687   0.14404   0.14140   0.13892   0.13718   0.13526   0.13361
  7.0352   0.30550   0.31347   0.29325   0.26904   0.24522   0.22340   0.20500   0.18979   0.17716   0.16757
   0.15951   0.15353   0.14849   0.14436   0.14129   0.13856   0.13606   0.13433   0.13250   0.13084
  7.0854   0.28391   0.27952   0.26526   0.24701   0.22817   0.21066   0.19570   0.18350   0.17323   0.16597
   0.15939   0.15490   0.15098   0.14792   0.14556   0.14368   0.14205   0.14078   0.13949   0.13829
  7.1357   0.25462   0.23421   0.22647   0.21828   0.20927   0.20040   0.19322   0.18792   0.18328   0.18096
   0.17809   0.17680   0.17528   0.17437   0.17356   0.17311   0.17292   0.17249   0.17206   0.17158
  7.1859   0.19785   0.17856   0.17704   0.17730   0.17664   0.17529   0.17511   0.17603   0.17674   0.17886
   0.17972   0.18135   0.18224   0.18335   0.18418   0.18498   0.18600   0.18641   0.18681   0.18694
  7.2362   0.12069   0.11627   0.11889   0.12265   0.12542   0.12754   0.13055   0.13429   0.13774   0.14189
   0.14493   0.14804   0.15048   0.15274   0.15475   0.15620   0.15789   0.15881   0.15978   0.16030
  7.2864   0.09777   0.09929   0.09916   0.09987   0.10050   0.10169   0.10420   0.10777   0.11147   0.11573
   0.11960   0.12319   0.12648   0.12932   0.13215   0.13401   0.13629   0.13743   0.13888   0.13980
  7.3367   0.15330   0.14169   0.13145   0.12439   0.11959   0.11732   0.11753   0.11967   0.12245   0.12604
   0.12999   0.13361   0.13723   0.14032   0.14359   0.14585   0.14868   0.14985   0.15173   0.15307
  7.3869   0.19622   0.16949   0.15146   0.13910   0.13068   0.12575   0.12396   0.12453   0.12597   0.12826
   0.13142   0.13424   0.13722   0.13984   0.14261   0.14482   0.14748   0.14839   0.15027   0.15167
  7.4372   0.15379   0.12989   0.11516   0.10527   0.09848   0.09418   0.09224   0.09198   0.09248   0.09336
   0.09516   0.09659   0.09825   0.09981   0.10131   0.10284   0.10446   0.10494   0.10623   0.10713
  7.4874   0.08343   0.07590   0.07012   0.06620   0.06326   0.06133   0.06060   0.06043   0.06088   0.06118
   0.06208   0.06243   0.06311   0.06384   0.06424   0.06494   0.06534   0.06548   0.06600   0.06607
  7.5377   0.06566   0.07121   0.07033   0.06907   0.06735   0.06627   0.06609   0.06590   0.06644   0.06691
   0.06761   0.06758   0.06805   0.06863   0.06869   0.06903   0.06873   0.06887   0.06887   0.06837
  7.5879   0.08652   0.09505   0.09458   0.09301   0.09045   0.08876   0.08818   0.08769   0.08816   0.08907
   0.09004   0.09045   0.09121   0.09232   0.09290   0.09358   0.09344   0.09410   0.09414   0.09391
  7.6382   0.09851   0.10367   0.10318   0.10187   0.09945   0.09783   0.09724   0.09707   0.09798   0.09954
   0.10119   0.10285   0.10416   0.10618   0.10780   0.10927   0.10997   0.11133   0.11196   0.11269
  7.6884   0.09667   0.09965   0.10000   0.09989   0.09881   0.09829   0.09857   0.09950   0.10145   0.10378
   0.10634   0.10945   0.11136   0.11409   0.11657   0.11872   0.12022   0.12187   0.12311   0.12456
  7.7387   0.09484   0.10024   0.10221   0.10316   0.10338   0.10417   0.10571   0.10804   0.11106   0.11428
   0.11775   0.12188   0.12446   0.12742   0.13030   0.13274   0.13463   0.13611   0.13763   0.13905
  7.7889   0.09388   0.10179   0.10561   0.10727   0.10833   0.11002   0.11265   0.11615   0.11986   0.12394
   0.12817   0.13274   0.13600   0.13889   0.14192   0.14444   0.14641   0.14766   0.14925   0.15027
  7.8392   0.08520   0.09078   0.09481   0.09636   0.09743   0.09917   0.10198   0.10564   0.10929   0.11342
   0.11751   0.12167   0.12485   0.12729   0.12994   0.13211   0.13374   0.13476   0.13612   0.13668
  7.8894   0.07235   0.07043   0.07127   0.07118   0.07118   0.07212   0.07414   0.07686   0.07973   0.08292
   0.08581   0.08867   0.09079   0.09235   0.09387   0.09511   0.09596   0.09652   0.09728   0.09727
  7.9397   0.08155   0.06795   0.06219   0.05895   0.05704   0.05660   0.05738   0.05890   0.06090   0.06314
   0.06489   0.06657   0.06773   0.06870   0.06923   0.06971   0.07007   0.07031   0.07065   0.07032
  7.9899   0.13421   0.10369   0.08823   0.08036   0.07549   0.07272   0.07155   0.07173   0.07263   0.07427
   0.07552   0.07670   0.07781   0.07889   0.07935   0.07995   0.08066   0.08108   0.08167   0.08171
  8.0402   0.20862   0.15998   0.13458   0.12151   0.11271   0.10656   0.10241   0.10065   0.09977   0.10050
   0.10119   0.10197   0.10318   0.10447   0.10525   0.10628   0.10758   0.10830   0.10935   0.11006
  8.0905   0.24526   0.19282   0.16609   0.15110   0.13945   0.13046   0.12341   0.11957   0.11670   0.11599
   0.11551   0.11567   0.11621   0.11711   0.11774   0.11860   0.11981   0.12039   0.12137   0.12216
  8.1407   0.21536   0.18003   0.16444   0.15346   0.14245   0.13321   0.12522   0.12043   0.11660   0.11486
   0.11337   0.11320   0.11289   0.11325   0.11352   0.11397   0.11474   0.11502   0.11572   0.11619
  8.1910   0.15212   0.13793   0.13613   0.13199   0.12503   0.11863   0.11280   0.10931   0.10665   0.10565
   0.10480   0.10536   0.10554   0.10638   0.10716   0.10811   0.10924   0.10998   0.11117   0.11199
  8.2412   0.09691   0.09261   0.09710   0.09775   0.09555   0.09334   0.09166   0.09122   0.09156   0.09312
   0.09463   0.09689   0.09913   0.10163   0.10388   0.10638   0.10885   0.11083   0.11328   0.11530
  8.2915   0.06282   0.06062   0.06442   0.06629   0.06680   0.06743   0.06898   0.07114   0.07420   0.07816
   0.08181   0.08551   0.08953   0.09345   0.09687   0.10053   0.10401   0.10692   0.11014   0.11304
  8.3417   0.05029   0.04980   0.05107   0.05215   0.05305   0.05432   0.05673   0.05970   0.06350   0.06789
   0.07195   0.07573   0.07985   0.08371   0.08693   0.09029   0.09338   0.09606   0.09879   0.10126
  8.3920   0.06106   0.06194   0.06135   0.06154   0.06196   0.06280   0.06466   0.06728   0.07034   0.07366
   0.07699   0.07987   0.08303   0.08578   0.08793   0.09012   0.09194   0.09369   0.09529   0.09651
  8.4422   0.07990   0.07919   0.07749   0.07725   0.07713   0.07733   0.07821   0.07996   0.08175   0.08358
   0.08582   0.08753   0.08951   0.09099   0.09205   0.09314   0.09386   0.09467   0.09538   0.09558
  8.4925   0.07731   0.07349   0.07140   0.07104   0.07059   0.07029   0.07028   0.07089   0.07141   0.07189
   0.07289   0.07346   0.07426   0.07465   0.07490   0.07519   0.07530   0.07542   0.07560   0.07538
  8.5427   0.05379   0.04950   0.04792   0.04810   0.04840   0.04875   0.04935   0.05007   0.05094   0.05157
   0.05254   0.05313   0.05380   0.05411   0.05450   0.05470   0.05487   0.05491   0.05501   0.05485
  8.5930   0.03701   0.03542   0.03482   0.03644   0.03899   0.04162   0.04506   0.04825   0.05201   0.05516
   0.05831   0.06087   0.06331   0.06503   0.06687   0.06800   0.06902   0.06981   0.07037   0.07057
  8.6432   0.03279   0.03355   0.03360   0.03641   0.04087   0.04557   0.05158   0.05727   0.06379   0.06945
   0.07482   0.07941   0.08367   0.08685   0.09007   0.09218   0.09405   0.09561   0.09666   0.09717
  8.6935   0.02863   0.02814   0.02803   0.03036   0.03423   0.03845   0.04384   0.04903   0.05488   0.06006
   0.06491   0.06909   0.07297   0.07589   0.07881   0.08076   0.08252   0.08399   0.08497   0.08548
  8.7437   0.03042   0.02448   0.02349   0.02401   0.02545   0.02729   0.02985   0.03236   0.03512   0.03770
   0.04012   0.04215   0.04412   0.04566   0.04718   0.04829   0.04922   0.05010   0.05065   0.05099
  8.7940   0.04616   0.03505   0.03342   0.03260   0.03214   0.03207   0.03250   0.03294   0.03342   0.03418
   0.03493   0.03539   0.03611   0.03679   0.03744   0.03805   0.03841   0.03898   0.03927   0.03954
  8.8442   0.05827   0.04929   0.04839   0.04769   0.04678   0.04604   0.04579   0.04546   0.04527   0.04561
   0.04597   0.04608   0.04660   0.04718   0.04775   0.04829   0.04856   0.04914   0.04936   0.04961
  8.8945   0.04978   0.04869   0.04918   0.04927   0.04863   0.04783   0.04743   0.04680   0.04653   0.04683
   0.04706   0.04722   0.04772   0.04826   0.04889   0.04931   0.04956   0.05010   0.05024   0.05040
  8.9447   0.02854   0.03205   0.03290   0.03325   0.03282   0.03216   0.03174   0.03103   0.03072   0.03087
   0.03086   0.03098   0.03127   0.03157   0.03204   0.03223   0.03237   0.03274   0.03277   0.03281
  8.9950   0.01057   0.01253   0.01261   0.01262   0.01227   0.01184   0.01152   0.01101   0.01075   0.01074
   0.01059   0.01060   0.01065   0.01071   0.01092   0.01094   0.01096   0.01112   0.01109   0.01108
  9.0452   0.00367   0.00201   0.00103   0.00058   0.00023  -0.00007  -0.00033  -0.00062  -0.00084  -0.00095
  -0.00110  -0.00117  -0.00124  -0.00130  -0.00129  -0.00133  -0.00137  -0.00136  -0.00140  -0.00143
  9.0955   0.00649   0.00255   0.00089   0.00013  -0.00032  -0.00057  -0.00080  -0.00098  -0.00112  -0.00124
  -0.00132  -0.00138  -0.00146  -0.00149  -0.00153  -0.00155  -0.00157  -0.00159  -0.00161  -0.00161
  9.1457   0.01352   0.01067   0.00956   0.00893   0.00854   0.00859   0.00875   0.00890   0.00916   0.00929
   0.00948   0.00958   0.00968   0.00983   0.00996   0.01003   0.01019   0.01025   0.01040   0.01048
  9.1960   0.02009   0.02128   0.02196   0.02190   0.02182   0.02254   0.02352   0.02430   0.02534   0.02595
   0.02659   0.02700   0.02742   0.02786   0.02830   0.02853   0.02898   0.02920   0.02965   0.02987
  9.2462   0.02068   0.02473   0.02660   0.02692   0.02707   0.02821   0.02968   0.03086   0.03235   0.03323
   0.03413   0.03473   0.03532   0.03593   0.03654   0.03685   0.03747   0.03778   0.03840   0.03872
  9.2965   0.01161   0.01470   0.01592   0.01603   0.01609   0.01691   0.01799   0.01884   0.01994   0.02058
   0.02122   0.02167   0.02211   0.02256   0.02301   0.02324   0.02370   0.02394   0.02442   0.02467
  9.3467   0.00054   0.00255   0.00309   0.00317   0.00321   0.00349   0.00382   0.00408   0.00442   0.00464
   0.00485   0.00500   0.00517   0.00532   0.00546   0.00553   0.00568   0.00575   0.00589   0.00598
  9.3970   0.00548   0.01191   0.01506   0.01684   0.01779   0.01825   0.01846   0.01868   0.01880   0.01901
   0.01918   0.01925   0.01934   0.01936   0.01938   0.01936   0.01927   0.01919   0.01904   0.01891
  9.4472   0.04002   0.05494   0.06455   0.06997   0.07279   0.07427   0.07519   0.07613   0.07673   0.07744
   0.07802   0.07823   0.07844   0.07852   0.07867   0.07864   0.07845   0.07829   0.07797   0.07761
  9.4975   0.08877   0.10721   0.12246   0.13071   0.13465   0.13673   0.13820   0.13971   0.14073   0.14173
   0.14261   0.14279   0.14301   0.14307   0.14336   0.14332   0.14311   0.14292   0.14256   0.14203
  9.5477   0.10645   0.11900   0.13352   0.14079   0.14363   0.14490   0.14580   0.14681   0.14744   0.14796
   0.14850   0.14834   0.14829   0.14815   0.14833   0.14821   0.14800   0.14780   0.14750   0.14699
  9.5980   0.07273   0.07654   0.08472   0.08824   0.08897   0.08894   0.08881   0.08884   0.08874   0.08856
   0.08851   0.08808   0.08780   0.08750   0.08745   0.08728   0.08709   0.08690   0.08669   0.08639
  9.6482   0.02304   0.02247   0.02451   0.02502   0.02466   0.02418   0.02372   0.02336   0.02301   0.02264
   0.02237   0.02202   0.02177   0.02152   0.02137   0.02123   0.02110   0.02097   0.02084   0.02072
  9.6985  -0.00488  -0.00545  -0.00581  -0.00617  -0.00645  -0.00666  -0.00684  -0.00704  -0.00723  -0.00744
  -0.00763  -0.00779  -0.00794  -0.00808  -0.00823  -0.00834  -0.00844  -0.00854  -0.00863  -0.00869
  9.7487  -0.01055  -0.00962  -0.00964  -0.00953  -0.00938  -0.00929  -0.00922  -0.00925  -0.00929  -0.00938
  -0.00948  -0.00956  -0.00963  -0.00972  -0.00982  -0.00990  -0.00996  -0.01001  -0.01005  -0.01007
  9.7990  -0.00240  -0.00129  -0.00080  -0.00003   0.00040   0.00052   0.00061   0.00058   0.00063   0.00073
   0.00081   0.00086   0.00106   0.00122   0.00139   0.00159   0.00179   0.00202   0.00228   0.00254
  9.8492   0.02901   0.02451   0.02287   0.02288   0.02271   0.02235   0.02206   0.02201   0.02230   0.02298
   0.02367   0.02435   0.02530   0.02630   0.02728   0.02824   0.02918   0.03012   0.03106   0.03198
  9.8995   0.08944   0.07240   0.06553   0.06237   0.06021   0.05879   0.05768   0.05784   0.05866   0.06049
   0.06249   0.06458   0.06686   0.06945   0.07188   0.07414   0.07635   0.07834   0.08022   0.08203
  9.9497   0.14456   0.11888   0.10899   0.10287   0.09874   0.09638   0.09460   0.09520   0.09674   0.09985
   0.10336   0.10719   0.11093   0.11522   0.11923   0.12284   0.12641   0.12938   0.13205   0.13468
 10.0000   0.14572   0.12762   0.12201   0.11697   0.11311   0.11084   0.10914   0.10989   0.11177   0.11520
   0.11918   0.12379   0.12807   0.13292   0.13760   0.14173   0.14594   0.14928   0.15215   0.15519
