# E(THz)     0.001     0.002     0.003     0.004     0.005     0.006     0.007     0.008     0.009     0.010
     0.011     0.012     0.013     0.014     0.015     0.016     0.017     0.018     0.019     0.020
  0.0000  -0.00000  -0.00000  -0.00000  -0.00000  -0.00000  -0.00000  -0.00000  -0.00000  -0.00000  -0.00000
  -0.00000  -0.00000  -0.00000  -0.00000  -0.00000  -0.00000  -0.00000  -0.00000  -0.00000  -0.00000
  0.0905  -0.00000  -0.00000  -0.00000  -0.00000  -0.00000  -0.00000  -0.00000  -0.00000  -0.00000  -0.00000
  -0.00000  -0.00000  -0.00000  -0.00000  -0.00000  -0.00000  -0.00000  -0.00000  -0.00000  -0.00000
  0.1809  -0.00000  -0.00000  -0.00000  -0.00000  -0.00000  -0.00000  -0.00000  -0.00000  -0.00000  -0.00000
  -0.00000  -0.00000  -0.00000  -0.00000  -0.00000  -0.00000  -0.00000  -0.00000  -0.00000  -0.00000
  0.2714  -0.00000  -0.00000  -0.00000  -0.00000  -0.00000  -0.00000  -0.00000  -0.00000  -0.00000  -0.00000
  -0.00000  -0.00000  -0.00000  -0.00000  -0.00000  -0.00000  -0.00000  -0.00000  -0.00000  -0.00000
  0.3618  -0.00000  -0.00000  -0.00000  -0.00000  -0.00000  -0.00000  -0.00000  -0.00000  -0.00000  -0.00000
  -0.00000  -0.00000  -0.00000  -0.00000  -0.00000  -0.00000  -0.00000  -0.00000  -0.00000  -0.00000
  0.4523  -0.00000  -0.00000  -0.00000  -0.00000  -0.00000  -0.00000  -0.00000  -0.00000  -0.00000  -0.00000
  -0.00000  -0.00000  -0.00000  -0.00000  -0.00000  -0.00000  -0.00000  -0.00000  -0.00000  -0.00000
  0.5427  -0.00000  -0.00000  -0.00000  -0.00000  -0.00000  -0.00000  -0.00000  -0.00000  -0.00000  -0.00000
  -0.00000  -0.00000  -0.00000  -0.00000  -0.00000  -0.00000  -0.00000  -0.00000  -0.00000  -0.00000
  0.6332  -0.00000  -0.00000  -0.00000  -0.00000  -0.00000  -0.00000  -0.00000  -0.00000  -0.00000  -0.00000
  -0.00000  -0.00000  -0.00000  -0.00000  -0.00000  -0.00000  -0.00000  -0.00000  -0.00000  -0.00000
  0.7236  -0.00000  -0.00000  -0.00000  -0.00000  -0.00000  -0.00000  -0.00000  -0.00000  -0.00000  -0.00000
  -0.00000  -0.00000  -0.00000  -0.00000  -0.00000  -0.00000  -0.00000  -0.00000  -0.00000  -0.00000
  0.8141  -0.00034  -0.00040  -0.00041  -0.00041  -0.00041  -0.00042  -0.00042  -0.00042  -0.00041  -0.00041
  -0.00040  -0.00039  -0.00038  -0.00037  -0.00035  -0.00034  -0.00033  -0.00032  -0.00031  -0.00030
  0.9045  -0.01108  -0.01272  -0.01317  -0.01326  -0.01332  -0.01340  -0.01345  -0.01341  -0.01329  -0.01307
  -0.01280  -0.01247  -0.01212  -0.01175  -0.01137  -0.01099  -0.01062  -0.01025  -0.00989  -0.00955
  0.9950  -0.06320  -0.07248  -0.07497  -0.07545  -0.07580  -0.07624  -0.07649  -0.07629  -0.07556  -0.07435
  -0.07277  -0.07093  -0.06893  -0.06682  -0.06466  -0.06250  -0.06036  -0.05827  -0.05625  -0.05431
  1.0854   0.25373   0.29521   0.30697   0.31008   0.31258   0.31523   0.31696   0.31666   0.31400   0.30923
   0.30285   0.29533   0.28706   0.27834   0.26941   0.26044   0.25156   0.24287   0.23447   0.22640
  1.1759   0.96596   1.16639   1.22955   1.25451   1.27619   1.29699   1.31200   1.31664   1.30986   1.29302
   1.26849   1.23855   1.20502   1.16927   1.13237   1.09513   1.05818   1.02192   0.98681   0.95305
  1.2663   0.38465   0.50665   0.54772   0.56823   0.58686   0.60419   0.61749   0.62455   0.62499   0.61967
   0.60997   0.59713   0.58218   0.56585   0.54875   0.53132   0.51388   0.49669   0.47997   0.46384
  1.3568   3.61899   2.91069   2.51550   2.16315   1.83589   1.55761   1.33422   1.16024   1.02632   0.92296
   0.84184   0.77675   0.72313   0.67787   0.63895   0.60480   0.57438   0.54705   0.52229   0.49965
  1.4472   6.91805   5.52487   4.81861   4.20292   3.62561   3.12806   2.72226   2.39976   2.14522   1.94314
   1.77994   1.64543   1.53214   1.43478   1.34990   1.27475   1.20754   1.14696   1.09205   1.04197
  1.5377   3.09173   2.38914   2.12687   1.91990   1.71807   1.53449   1.37587   1.24134   1.12732   1.03018
   0.94659   0.87394   0.81035   0.75413   0.70417   0.65955   0.61954   0.58350   0.55095   0.52153
  1.6281   0.15152   0.09523   0.09370   0.09527   0.09408   0.09036   0.08474   0.07782   0.07028   0.06270
   0.05552   0.04894   0.04305   0.03790   0.03338   0.02950   0.02611   0.02316   0.02060   0.01839
  1.7186   0.10146   0.11637   0.10903   0.10235   0.09990   0.10008   0.10155   0.10328   0.10469   0.10549
   0.10572   0.10551   0.10494   0.10419   0.10332   0.10237   0.10134   0.10023   0.09916   0.09805
  1.8090   2.26976   2.13238   1.92575   1.77210   1.65272   1.55858   1.48606   1.42886   1.38039   1.33594
   1.29324   1.25173   1.21134   1.17222   1.13484   1.09904   1.06510   1.03292   1.00270   0.97416
  1.8995   3.63781   3.21641   2.81806   2.55696   2.35465   2.19121   2.06274   1.96087   1.87618   1.80114
   1.73178   1.66636   1.60426   1.54529   1.48951   1.43676   1.38698   1.34026   1.29639   1.25525
  1.9899   2.64461   1.99504   1.61813   1.42618   1.29565   1.19394   1.11344   1.04812   0.99283   0.94355
   0.89838   0.85629   0.81691   0.78001   0.74543   0.71311   0.68281   0.65469   0.62837   0.60389
  2.0804   0.67993   0.45543   0.34437   0.28612   0.24849   0.22082   0.19914   0.18141   0.16657   0.15394
   0.14311   0.13362   0.12533   0.11784   0.11112   0.10502   0.09938   0.09425   0.08944   0.08502
  2.1709  -0.03581  -0.00596   0.00805   0.01239   0.01436   0.01612   0.01839   0.02143   0.02516   0.02914
   0.03301   0.03642   0.03930   0.04155   0.04328   0.04451   0.04532   0.04578   0.04596   0.04590
  2.2613   0.07895   0.13819   0.14999   0.15275   0.15256   0.15227   0.15368   0.15746   0.16304   0.16920
   0.17497   0.17981   0.18338   0.18578   0.18708   0.18740   0.18700   0.18587   0.18435   0.18237
  2.3518   0.08942   0.10900   0.10442   0.09766   0.09129   0.08614   0.08255   0.08058   0.07990   0.08002
   0.08051   0.08117   0.08172   0.08219   0.08246   0.08253   0.08248   0.08217   0.08178   0.08123
  2.4422   0.03099   0.02060   0.01628   0.01382   0.01215   0.01091   0.00990   0.00900   0.00814   0.00734
   0.00667   0.00612   0.00572   0.00548   0.00537   0.00535   0.00542   0.00556   0.00573   0.00591
  2.5327   0.10505   0.07217   0.06111   0.05591   0.05273   0.05059   0.04911   0.04797   0.04696   0.04594
   0.04503   0.04416   0.04344   0.04295   0.04270   0.04253   0.04253   0.04269   0.04285   0.04302
  2.6231   0.10948   0.09393   0.08002   0.07026   0.06318   0.05774   0.05352   0.05010   0.04732   0.04499
   0.04301   0.04133   0.03988   0.03869   0.03774   0.03690   0.03621   0.03565   0.03512   0.03466
  2.7136   0.12167   0.12279   0.10447   0.08895   0.07716   0.06778   0.06031   0.05415   0.04920   0.04522
   0.04185   0.03910   0.03669   0.03461   0.03280   0.03115   0.02967   0.02827   0.02695   0.02581
  2.8040   0.02811   0.03009   0.02538   0.02129   0.01825   0.01587   0.01399   0.01245   0.01122   0.01026
   0.00944   0.00880   0.00823   0.00775   0.00733   0.00694   0.00660   0.00628   0.00597   0.00570
  2.8945   0.03626   0.02556   0.02361   0.02238   0.02089   0.01939   0.01802   0.01676   0.01565   0.01462
   0.01370   0.01283   0.01204   0.01135   0.01068   0.01011   0.00957   0.00906   0.00862   0.00824
  2.9849   0.10134   0.07614   0.07044   0.06638   0.06168   0.05700   0.05265   0.04863   0.04506   0.04179
   0.03887   0.03616   0.03374   0.03162   0.02959   0.02787   0.02625   0.02473   0.02340   0.02228
  3.0754   0.06661   0.04996   0.04277   0.03786   0.03387   0.03074   0.02836   0.02656   0.02518   0.02404
   0.02308   0.02216   0.02135   0.02061   0.01990   0.01928   0.01867   0.01810   0.01759   0.01713
  3.1658   0.33752   0.24607   0.19112   0.15505   0.13081   0.11511   0.10587   0.10130   0.09940   0.09893
   0.09901   0.09891   0.09879   0.09850   0.09821   0.09773   0.09707   0.09642   0.09574   0.09488
  3.2563   0.31311   0.22412   0.17296   0.13989   0.11779   0.10345   0.09492   0.09056   0.08861   0.08796
   0.08784   0.08760   0.08735   0.08701   0.08664   0.08614   0.08548   0.08484   0.08417   0.08336
  3.3467   0.00605   0.00299   0.00204   0.00192   0.00211   0.00236   0.00255   0.00270   0.00279   0.00283
   0.00283   0.00279   0.00274   0.00269   0.00265   0.00261   0.00257   0.00255   0.00252   0.00251
  3.4372   0.00381   0.01351   0.01931   0.02334   0.02571   0.02696   0.02729   0.02715   0.02670   0.02594
   0.02502   0.02404   0.02316   0.02221   0.02146   0.02072   0.02009   0.01957   0.01915   0.01883
  3.5276   0.19093   0.16320   0.14694   0.13219   0.11792   0.10585   0.09625   0.08908   0.08368   0.07934
   0.07594   0.07301   0.07053   0.06816   0.06613   0.06410   0.06233   0.06064   0.05922   0.05769
  3.6181   0.18604   0.15202   0.13194   0.11423   0.09801   0.08477   0.07470   0.06742   0.06220   0.05828
   0.05548   0.05324   0.05137   0.04969   0.04820   0.04670   0.04539   0.04408   0.04296   0.04166
  3.7085   0.00562   0.00480   0.00428   0.00345   0.00257   0.00193   0.00148   0.00126   0.00116   0.00114
   0.00118   0.00131   0.00139   0.00147   0.00155   0.00163   0.00178   0.00185   0.00192   0.00198
  3.7990   0.00206   0.00206   0.00194   0.00235   0.00274   0.00312   0.00333   0.00351   0.00360   0.00364
   0.00364   0.00374   0.00373   0.00373   0.00373   0.00375   0.00388   0.00390   0.00393   0.00396
  3.8894   0.12176   0.09306   0.07836   0.07314   0.07008   0.06749   0.06514   0.06287   0.06071   0.05863
   0.05671   0.05478   0.05315   0.05158   0.05016   0.04881   0.04753   0.04643   0.04530   0.04424
  3.9799   0.13685   0.10886   0.09667   0.09270   0.09024   0.08837   0.08717   0.08654   0.08625   0.08611
   0.08619   0.08615   0.08633   0.08645   0.08673   0.08679   0.08680   0.08702   0.08690   0.08699
  4.0704   0.04897   0.04514   0.04433   0.04414   0.04378   0.04388   0.04468   0.04621   0.04810   0.04998
   0.05190   0.05359   0.05507   0.05643   0.05767   0.05859   0.05941   0.06017   0.06067   0.06128
  4.1608   0.09796   0.08856   0.08188   0.07845   0.07621   0.07502   0.07503   0.07580   0.07687   0.07751
   0.07801   0.07797   0.07747   0.07681   0.07604   0.07480   0.07372   0.07250   0.07127   0.07002
  4.2513   0.15124   0.14519   0.13781   0.13193   0.12711   0.12336   0.12113   0.11996   0.11943   0.11878
   0.11838   0.11771   0.11668   0.11565   0.11471   0.11328   0.11198   0.11073   0.10941   0.10796
  4.3417   0.09021   0.09510   0.09389   0.09083   0.08726   0.08392   0.08134   0.07959   0.07851   0.07775
   0.07750   0.07724   0.07694   0.07688   0.07671   0.07649   0.07606   0.07577   0.07536   0.07490
  4.4322   0.05417   0.05345   0.05231   0.05080   0.04932   0.04796   0.04686   0.04589   0.04490   0.04417
   0.04360   0.04290   0.04250   0.04203   0.04165   0.04129   0.04086   0.04057   0.04019   0.03985
  4.5226   0.03218   0.03528   0.03637   0.03668   0.03673   0.03668   0.03652   0.03622   0.03567   0.03514
   0.03456   0.03391   0.03342   0.03279   0.03224   0.03180   0.03125   0.03083   0.03030   0.02993
  4.6131   0.01953   0.02500   0.02758   0.02930   0.03008   0.03033   0.03026   0.03011   0.03002   0.02977
   0.02955   0.02933   0.02920   0.02891   0.02867   0.02863   0.02843   0.02829   0.02814   0.02801
  4.7035   0.03540   0.04101   0.04554   0.04697   0.04665   0.04561   0.04444   0.04303   0.04204   0.04098
   0.04008   0.03918   0.03849   0.03793   0.03742   0.03713   0.03687   0.03668   0.03657   0.03637
  4.7940   0.01446   0.01814   0.02069   0.02133   0.02112   0.02068   0.02024   0.01959   0.01922   0.01885
   0.01855   0.01825   0.01793   0.01791   0.01780   0.01775   0.01786   0.01789   0.01806   0.01808
  4.8844  -0.00470  -0.00324  -0.00275  -0.00251  -0.00235  -0.00220  -0.00208  -0.00201  -0.00193  -0.00185
  -0.00180  -0.00174  -0.00172  -0.00167  -0.00163  -0.00161  -0.00157  -0.00155  -0.00152  -0.00150
  4.9749  -0.00374  -0.00137  -0.00074  -0.00038  -0.00012   0.00005   0.00023   0.00038   0.00050   0.00060
   0.00071   0.00079   0.00086   0.00094   0.00100   0.00105   0.00111   0.00116   0.00122   0.00127
  5.0653   0.07487   0.04839   0.03777   0.03293   0.03051   0.02894   0.02840   0.02817   0.02812   0.02826
   0.02878   0.02908   0.02947   0.03015   0.03059   0.03107   0.03181   0.03232   0.03310   0.03359
  5.1558   0.13195   0.07464   0.05351   0.04345   0.03790   0.03429   0.03226   0.03092   0.03010   0.02969
   0.02977   0.02970   0.02988   0.03032   0.03061   0.03095   0.03154   0.03194   0.03258   0.03299
  5.2462   0.03867   0.02573   0.02183   0.01949   0.01757   0.01616   0.01517   0.01442   0.01424   0.01409
   0.01409   0.01399   0.01402   0.01408   0.01424   0.01420   0.01441   0.01442   0.01451   0.01476
  5.3367   0.02773   0.04111   0.04644   0.04981   0.05165   0.05270   0.05351   0.05422   0.05529   0.05612
   0.05684   0.05735   0.05778   0.05811   0.05863   0.05881   0.05926   0.05936   0.05961   0.05996
  5.4271   0.09923   0.11931   0.12226   0.12676   0.13086   0.13407   0.13705   0.13995   0.14299   0.14581
   0.14831   0.15030   0.15210   0.15353   0.15498   0.15618   0.15729   0.15794   0.15872   0.15926
  5.5176   0.06370   0.07504   0.07550   0.07743   0.07951   0.08150   0.08370   0.08599   0.08842   0.09070
   0.09288   0.09473   0.09641   0.09802   0.09931   0.10067   0.10180   0.10264   0.10355   0.10425
  5.6080   0.05400   0.06637   0.07426   0.07890   0.08073   0.08151   0.08265   0.08443   0.08647   0.08854
   0.09105   0.09355   0.09579   0.09836   0.09997   0.10217   0.10401   0.10558   0.10714   0.10832
  5.6985   0.08570   0.10419   0.11675   0.12339   0.12535   0.12497   0.12438   0.12462   0.12527   0.12627
   0.12782   0.12944   0.13072   0.13211   0.13301   0.13404   0.13495   0.13554   0.13620   0.13632
  5.7889   0.11000   0.14932   0.16307   0.16827   0.16962   0.16971   0.16946   0.16969   0.17056   0.17118
   0.17210   0.17287   0.17295   0.17317   0.17302   0.17256   0.17187   0.17124   0.17069   0.16971
  5.8794   0.08612   0.11288   0.12016   0.12162   0.12109   0.12032   0.11956   0.11914   0.11931   0.11926
   0.11941   0.11953   0.11925   0.11912   0.11863   0.11807   0.11729   0.11665   0.11605   0.11522
  5.9698   0.36843   0.31229   0.27345   0.24791   0.22810   0.21366   0.20441   0.19990   0.19841   0.19785
   0.19800   0.19803   0.19777   0.19712   0.19606   0.19512   0.19362   0.19210   0.19058   0.18841
  6.0603   0.59310   0.50418   0.44663   0.41090   0.38426   0.36589   0.35562   0.35260   0.35366   0.35602
   0.35876   0.36107   0.36213   0.36253   0.36220   0.36175   0.36029   0.35879   0.35702   0.35406
  6.1508   0.24350   0.25460   0.25003   0.24139   0.23277   0.22620   0.22192   0.21990   0.21921   0.21955
   0.21971   0.22067   0.22088   0.22113   0.22138   0.22146   0.22123   0.22108   0.22069   0.21982
  6.2412   0.11891   0.16731   0.17913   0.17604   0.17070   0.16586   0.16152   0.15780   0.15461   0.15203
   0.15000   0.14867   0.14738   0.14670   0.14599   0.14562   0.14525   0.14529   0.14510   0.14512
  6.3317   0.09592   0.12537   0.13235   0.12983   0.12635   0.12340   0.12101   0.11919   0.11799   0.11694
   0.11665   0.11649   0.11629   0.11663   0.11653   0.11702   0.11729   0.11793   0.11834   0.11883
  6.4221   0.00408   0.00926   0.01100   0.01131   0.01142   0.01148   0.01156   0.01165   0.01183   0.01197
   0.01219   0.01239   0.01253   0.01270   0.01277   0.01295   0.01305   0.01318   0.01329   0.01337
  6.5126   0.07690   0.06075   0.05327   0.04731   0.04248   0.03872   0.03598   0.03371   0.03193   0.03045
   0.02903   0.02788   0.02690   0.02603   0.02535   0.02449   0.02394   0.02339   0.02299   0.02245
  6.6030   0.23102   0.18356   0.15942   0.14252   0.12982   0.12018   0.11347   0.10870   0.10523   0.10288
   0.10089   0.09926   0.09821   0.09745   0.09670   0.09595   0.09545   0.09530   0.09492   0.09453
  6.6935   0.23596   0.21617   0.20364   0.19478   0.18795   0.18225   0.17885   0.17736   0.17744   0.17823
   0.17958   0.18095   0.18247   0.18446   0.18559   0.18727   0.18858   0.19050   0.19145   0.19263
  6.7839   0.21591   0.21509   0.21176   0.20803   0.20534   0.20294   0.20207   0.20149   0.20261   0.20361
   0.20475   0.20610   0.20729   0.20899   0.20966   0.21103   0.21219   0.21390   0.21466   0.21554
  6.8744   0.25439   0.20979   0.18454   0.16752   0.15563   0.14664   0.14053   0.13548   0.13193   0.12915
   0.12670   0.12483   0.12334   0.12206   0.12064   0.11974   0.11877   0.11835   0.11747   0.11690
  6.9648   0.29555   0.28370   0.25795   0.23587   0.21687   0.19988   0.18648   0.17557   0.16649   0.15935
   0.15353   0.14905   0.14510   0.14172   0.13913   0.13672   0.13441   0.13278   0.13094   0.12940
  7.0553   0.29833   0.30338   0.28536   0.26268   0.23989   0.21895   0.20113   0.18641   0.17416   0.16504
   0.15720   0.15152   0.14671   0.14283   0.13991   0.13741   0.13515   0.13355   0.13188   0.13035
  7.1457   0.24636   0.22446   0.21800   0.21177   0.20471   0.19757   0.19200   0.18813   0.18469   0.18340
   0.18134   0.18072   0.17972   0.17926   0.17880   0.17864   0.17873   0.17848   0.17823   0.17790
  7.2362   0.12069   0.11627   0.11889   0.12266   0.12542   0.12754   0.13055   0.13429   0.13774   0.14189
   0.14493   0.14804   0.15048   0.15274   0.15475   0.15620   0.15789   0.15881   0.15978   0.16030
  7.3266   0.13929   0.13130   0.12332   0.11789   0.11421   0.11268   0.11339   0.11586   0.11888   0.12265
   0.12664   0.13030   0.13392   0.13701   0.14025   0.14244   0.14520   0.14639   0.14820   0.14948
  7.4171   0.17988   0.15239   0.13504   0.12330   0.11528   0.11033   0.10820   0.10813   0.10890   0.11029
   0.11262   0.11462   0.11683   0.11882   0.12087   0.12273   0.12483   0.12549   0.12706   0.12822
  7.5075   0.06862   0.06741   0.06433   0.06204   0.06001   0.05870   0.05835   0.05824   0.05875   0.05906
   0.05982   0.05993   0.06044   0.06102   0.06118   0.06166   0.06169   0.06177   0.06203   0.06181
  7.5980   0.09047   0.09861   0.09809   0.09645   0.09378   0.09201   0.09136   0.09086   0.09135   0.09238
   0.09345   0.09406   0.09492   0.09619   0.09696   0.09778   0.09777   0.09857   0.09870   0.09863
  7.6884   0.09667   0.09965   0.10000   0.09989   0.09881   0.09829   0.09857   0.09950   0.10145   0.10378
   0.10634   0.10945   0.11136   0.11409   0.11657   0.11872   0.12022   0.12187   0.12311   0.12456
  7.7789   0.09443   0.10213   0.10564   0.10719   0.10813   0.10970   0.11216   0.11548   0.11910   0.12305
   0.12716   0.13171   0.13486   0.13778   0.14080   0.14333   0.14531   0.14660   0.14819   0.14929
  7.8693   0.07666   0.07827   0.08082   0.08158   0.08212   0.08346   0.08587   0.08905   0.09228   0.09590
   0.09935   0.10278   0.10539   0.10732   0.10935   0.11100   0.11218   0.11294   0.11396   0.11419
  7.9598   0.09737   0.07767   0.06837   0.06346   0.06052   0.05930   0.05943   0.06046   0.06208   0.06407
   0.06556   0.06698   0.06802   0.06896   0.06936   0.06979   0.07019   0.07045   0.07080   0.07054
  8.0503   0.22084   0.16975   0.14308   0.12921   0.11967   0.11283   0.10803   0.10584   0.10454   0.10501
   0.10551   0.10618   0.10733   0.10860   0.10940   0.11045   0.11180   0.11254   0.11363   0.11442
  8.1407   0.21536   0.18003   0.16444   0.15346   0.14245   0.13321   0.12522   0.12043   0.11660   0.11486
   0.11337   0.11320   0.11289   0.11325   0.11352   0.11397   0.11474   0.11502   0.11572   0.11619
  8.2312   0.10632   0.10097   0.10491   0.10490   0.10185   0.09884   0.09630   0.09521   0.09488   0.09587
   0.09685   0.09874   0.10051   0.10264   0.10457   0.10673   0.10891   0.11062   0.11281   0.11457
  8.3216   0.05253   0.05124   0.05350   0.05498   0.05592   0.05714   0.05947   0.06231   0.06607   0.07053
   0.07464   0.07855   0.08283   0.08690   0.09036   0.09401   0.09742   0.10033   0.10339   0.10620
  8.4121   0.06940   0.07004   0.06893   0.06891   0.06910   0.06970   0.07120   0.07353   0.07612   0.07886
   0.08179   0.08423   0.08693   0.08917   0.09086   0.09259   0.09391   0.09526   0.09646   0.09720
  8.5025   0.07347   0.06925   0.06719   0.06686   0.06644   0.06614   0.06608   0.06653   0.06693   0.06726
   0.06810   0.06853   0.06916   0.06942   0.06960   0.06979   0.06985   0.06988   0.07001   0.06976
  8.5930   0.03701   0.03542   0.03482   0.03644   0.03899   0.04162   0.04506   0.04825   0.05201   0.05516
   0.05831   0.06087   0.06331   0.06503   0.06687   0.06800   0.06902   0.06981   0.07037   0.07057
  8.6834   0.02949   0.02963   0.02962   0.03220   0.03640   0.04094   0.04672   0.05228   0.05855   0.06408
   0.06928   0.07375   0.07790   0.08102   0.08414   0.08621   0.08808   0.08964   0.09068   0.09121
  8.7739   0.03883   0.02924   0.02774   0.02730   0.02742   0.02796   0.02904   0.03013   0.03130   0.03259
   0.03382   0.03475   0.03581   0.03671   0.03759   0.03833   0.03885   0.03949   0.03985   0.04013
  8.8643   0.05741   0.05138   0.05106   0.05068   0.04986   0.04906   0.04873   0.04825   0.04801   0.04834
   0.04866   0.04879   0.04932   0.04990   0.05052   0.05103   0.05131   0.05188   0.05208   0.05231
  8.9548   0.02428   0.02788   0.02865   0.02896   0.02855   0.02793   0.02752   0.02683   0.02653   0.02665
   0.02659   0.02669   0.02693   0.02717   0.02759   0.02774   0.02785   0.02818   0.02820   0.02822
  9.0452   0.00367   0.00201   0.00103   0.00058   0.00023  -0.00007  -0.00033  -0.00062  -0.00084  -0.00095
  -0.00110  -0.00117  -0.00124  -0.00130  -0.00129  -0.00133  -0.00137  -0.00136  -0.00140  -0.00143
  9.1357   0.01202   0.00863   0.00729   0.00658   0.00616   0.00611   0.00615   0.00620   0.00634   0.00640
   0.00651   0.00657   0.00661   0.00671   0.00679   0.00684   0.00694   0.00698   0.00709   0.00714
  9.2261   0.02156   0.02490   0.02651   0.02674   0.02684   0.02789   0.02926   0.03035   0.03176   0.03259
   0.03343   0.03400   0.03456   0.03514   0.03571   0.03601   0.03659   0.03688   0.03747   0.03777
  9.3166   0.00654   0.00884   0.00960   0.00959   0.00958   0.01016   0.01092   0.01152   0.01231   0.01276
   0.01322   0.01354   0.01387   0.01420   0.01451   0.01468   0.01503   0.01520   0.01555   0.01574
  9.4070   0.00993   0.01796   0.02218   0.02458   0.02586   0.02648   0.02678   0.02710   0.02727   0.02756
   0.02778   0.02787   0.02797   0.02800   0.02802   0.02800   0.02788   0.02777   0.02758   0.02741
  9.4975   0.08877   0.10721   0.12246   0.13071   0.13465   0.13673   0.13820   0.13971   0.14073   0.14172
   0.14261   0.14279   0.14301   0.14307   0.14336   0.14332   0.14311   0.14292   0.14256   0.14203
  9.5879   0.08241   0.08775   0.09738   0.10169   0.10281   0.10299   0.10304   0.10324   0.10326   0.10319
   0.10324   0.10284   0.10259   0.10230   0.10229   0.10212   0.10193   0.10173   0.10150   0.10115
  9.6784   0.00294   0.00204   0.00219   0.00194   0.00155   0.00120   0.00088   0.00059   0.00032   0.00003
  -0.00020  -0.00042  -0.00060  -0.00079  -0.00094  -0.00105  -0.00116  -0.00127  -0.00137  -0.00144
  9.7688  -0.00908  -0.00771  -0.00739  -0.00696  -0.00665  -0.00651  -0.00639  -0.00641  -0.00642  -0.00645
  -0.00651  -0.00657  -0.00658  -0.00661  -0.00665  -0.00666  -0.00666  -0.00664  -0.00660  -0.00655
  9.8593   0.03918   0.03257   0.03004   0.02959   0.02913   0.02860   0.02817   0.02814   0.02851   0.02937
   0.03027   0.03116   0.03234   0.03360   0.03483   0.03601   0.03717   0.03829   0.03941   0.04050
  9.9497   0.14456   0.11888   0.10899   0.10287   0.09874   0.09638   0.09460   0.09520   0.09674   0.09985
   0.10336   0.10719   0.11093   0.11522   0.11923   0.12284   0.12641   0.12937   0.13205   0.13468
 10.0402   0.10907   0.10507   0.10574   0.10400   0.10183   0.10030   0.09905   0.09946   0.10107   0.10375
   0.10698   0.11103   0.11477   0.11887   0.12313   0.12683   0.13077   0.13384   0.13640   0.13941
 10.1307   0.02523   0.03524   0.04032   0.04265   0.04332   0.04326   0.04293   0.04254   0.04298   0.04343
   0.04420   0.04552   0.04681   0.04809   0.04992   0.05143   0.05321   0.05468   0.05582   0.05754
 10.2211  -0.00155  -0.00024   0.00029   0.00073   0.00099   0.00110   0.00114   0.00109   0.00108   0.00102
   0.00099   0.00097   0.00097   0.00096   0.00102   0.00105   0.00110   0.00116   0.00120   0.00130
 10.3116  -0.00170  -0.00213  -0.00235  -0.00246  -0.00248  -0.00248  -0.00245  -0.00244  -0.00246  -0.00249
  -0.00254  -0.00262  -0.00269  -0.00277  -0.00287  -0.00296  -0.00306  -0.00315  -0.00321  -0.00331
 10.4020  -0.00015  -0.00020  -0.00022  -0.00024  -0.00024  -0.00025  -0.00024  -0.00024  -0.00025  -0.00025
  -0.00025  -0.00026  -0.00027  -0.00028  -0.00029  -0.00030  -0.00031  -0.00032  -0.00032  -0.00033
 10.4925  -0.00000  -0.00000  -0.00000  -0.00001  -0.00001  -0.00001  -0.00001  -0.00001  -0.00001  -0.00001
  -0.00001  -0.00001  -0.00001  -0.00001  -0.00001  -0.00001  -0.00001  -0.00001  -0.00001  -0.00001
 10.5829  -0.00000  -0.00000  -0.00000  -0.00000  -0.00000  -0.00000  -0.00000  -0.00000  -0.00000  -0.00000
  -0.00000  -0.00000  -0.00000  -0.00000  -0.00000  -0.00000  -0.00000  -0.00000  -0.00000  -0.00000
 10.6734  -0.00000  -0.00000  -0.00000  -0.00000  -0.00000  -0.00000  -0.00000  -0.00000  -0.00000  -0.00000
  -0.00000  -0.00000  -0.00000  -0.00000  -0.00000  -0.00000  -0.00000  -0.00000  -0.00000  -0.00000
 10.7638  -0.00000  -0.00000  -0.00000  -0.00000  -0.00000  -0.00000  -0.00000  -0.00000  -0.00000  -0.00000
  -0.00000  -0.00000  -0.00000  -0.00000  -0.00000  -0.00000  -0.00000  -0.00000  -0.00000  -0.00000
 10.8543  -0.00000  -0.00000  -0.00000  -0.00000  -0.00000  -0.00000  -0.00000  -0.00000  -0.00000  -0.00000
  -0.00000  -0.00000  -0.00000  -0.00000  -0.00000  -0.00000  -0.00000  -0.00000  -0.00000  -0.00000
 10.9447  -0.00000  -0.00000  -0.00000  -0.00000  -0.00000  -0.00000  -0.00000  -0.00000  -0.00000  -0.00000
  -0.00000  -0.00000  -0.00000  -0.00000  -0.00000  -0.00000  -0.00000  -0.00000  -0.00000  -0.00000
 11.0352  -0.00000  -0.00000  -0.00000  -0.00000  -0.00000  -0.00000  -0.00000  -0.00000  -0.00000  -0.00000
  -0.00000  -0.00000  -0.00000  -0.00000  -0.00000  -0.00000  -0.00000  -0.00000  -0.00000  -0.00000
 11.1256  -0.00000  -0.00000  -0.00000  -0.00000  -0.00000  -0.00000  -0.00000  -0.00000  -0.00000  -0.00000
  -0.00000  -0.00000  -0.00000  -0.00000  -0.00000  -0.00000  -0.00000  -0.00000  -0.00000  -0.00000
 11.2161  -0.00000  -0.00000  -0.00000  -0.00000  -0.00000  -0.00000  -0.00000  -0.00000  -0.00000  -0.00000
  -0.00000  -0.00000  -0.00000  -0.00000  -0.00000  -0.00000  -0.00000  -0.00000  -0.00000  -0.00000
 11.3065  -0.00000  -0.00000  -0.00000  -0.00000  -0.00000  -0.00000  -0.00000  -0.00000  -0.00000  -0.00000
  -0.00000  -0.00000  -0.00000  -0.00000  -0.00000  -0.00000  -0.00000  -0.00000  -0.00000  -0.00000
 11.3970  -0.00000  -0.00000  -0.00000  -0.00000  -0.00000  -0.00000  -0.00000  -0.00000  -0.00000  -0.00000
  -0.00000  -0.00000  -0.00000  -0.00000  -0.00000  -0.00000  -0.00000  -0.00000  -0.00000  -0.00000
 11.4874  -0.00000  -0.00000  -0.00000  -0.00000  -0.00000  -0.00000  -0.00000  -0.00000  -0.00000  -0.00000
  -0.00000  -0.00000  -0.00000  -0.00000  -0.00000  -0.00000  -0.00000  -0.00000  -0.00000  -0.00000
 11.5779  -0.00000  -0.00000  -0.00000  -0.00000  -0.00000  -0.00000  -0.00000  -0.00000  -0.00000  -0.00000
  -0.00000  -0.00000  -0.00000  -0.00000  -0.00000  -0.00000  -0.00000  -0.00000  -0.00000  -0.00000
 11.6683  -0.00000  -0.00000  -0.00000  -0.00000  -0.00000  -0.00000  -0.00000  -0.00000  -0.00000  -0.00000
  -0.00000  -0.00000  -0.00000  -0.00000  -0.00000  -0.00000  -0.00000  -0.00000  -0.00000  -0.00000
 11.7588  -0.00000  -0.00000  -0.00000  -0.00000  -0.00000  -0.00000  -0.00000  -0.00000  -0.00000  -0.00000
  -0.00000  -0.00000  -0.00000  -0.00000  -0.00000  -0.00000  -0.00000  -0.00000  -0.00000  -0.00000
 11.8492  -0.00000  -0.00000  -0.00000  -0.00000  -0.00000  -0.00000  -0.00000  -0.00000  -0.00000  -0.00000
  -0.00000  -0.00000  -0.00000  -0.00000  -0.00000  -0.00000  -0.00000  -0.00000  -0.00000  -0.00000
 11.9397  -0.00000  -0.00000  -0.00000  -0.00000  -0.00000  -0.00000  -0.00000  -0.00000  -0.00000  -0.00000
  -0.00000  -0.00000  -0.00000  -0.00000  -0.00000  -0.00000  -0.00000  -0.00000  -0.00000  -0.00000
 12.0302  -0.00011  -0.00007  -0.00005  -0.00004  -0.00004  -0.00003  -0.00003  -0.00003  -0.00003  -0.00003
  -0.00003  -0.00003  -0.00003  -0.00003  -0.00003  -0.00003  -0.00003  -0.00003  -0.00003  -0.00003
 12.1206  -0.00205  -0.00131  -0.00098  -0.00082  -0.00072  -0.00066  -0.00063  -0.00061  -0.00061  -0.00062
  -0.00063  -0.00065  -0.00066  -0.00067  -0.00067  -0.00067  -0.00067  -0.00067  -0.00067  -0.00066
 12.2111  -0.00369  -0.00235  -0.00177  -0.00147  -0.00130  -0.00119  -0.00113  -0.00110  -0.00110  -0.00112
  -0.00114  -0.00116  -0.00118  -0.00120  -0.00121  -0.00121  -0.00121  -0.00121  -0.00120  -0.00119
 12.3015   0.04767   0.03032   0.02283   0.01900   0.01680   0.01542   0.01459   0.01424   0.01424   0.01445
   0.01473   0.01500   0.01524   0.01545   0.01556   0.01562   0.01562   0.01559   0.01552   0.01542
 12.3920   0.09148   0.05818   0.04382   0.03647   0.03224   0.02959   0.02800   0.02734   0.02734   0.02773
   0.02826   0.02879   0.02926   0.02965   0.02985   0.02999   0.02999   0.02992   0.02979   0.02959
 12.4824   0.02039   0.01297   0.00977   0.00813   0.00719   0.00660   0.00624   0.00609   0.00609   0.00618
   0.00630   0.00642   0.00652   0.00661   0.00665   0.00668   0.00668   0.00667   0.00664   0.00659
 12.5729  -0.00514  -0.00330  -0.00251  -0.00211  -0.00188  -0.00173  -0.00165  -0.00162  -0.00163  -0.00166
  -0.00170  -0.00173  -0.00177  -0.00180  -0.00181  -0.00183  -0.00183  -0.00183  -0.00183  -0.00182
 12.6633  -0.00196  -0.00179  -0.00182  -0.00184  -0.00186  -0.00191  -0.00199  -0.00211  -0.00224  -0.00239
  -0.00255  -0.00269  -0.00283  -0.00295  -0.00306  -0.00314  -0.00323  -0.00329  -0.00334  -0.00339
 12.7538  -0.00135  -0.00151  -0.00171  -0.00181  -0.00189  -0.00198  -0.00209  -0.00224  -0.00240  -0.00258
  -0.00276  -0.00292  -0.00309  -0.00323  -0.00336  -0.00346  -0.00356  -0.00364  -0.00370  -0.00375
 12.8442   0.02495   0.02807   0.03191   0.03383   0.03527   0.03695   0.03911   0.04199   0.04487   0.04823
   0.05158   0.05470   0.05782   0.06046   0.06286   0.06478   0.06670   0.06814   0.06934   0.07030
 12.9347   0.04203   0.04728   0.05375   0.05698   0.05940   0.06223   0.06587   0.07071   0.07556   0.08122
   0.08688   0.09213   0.09739   0.10183   0.10587   0.10910   0.11234   0.11476   0.11678   0.11840
 13.0251   0.00746   0.00826   0.00941   0.00995   0.01033   0.01080   0.01142   0.01226   0.01311   0.01410
   0.01510   0.01602   0.01695   0.01773   0.01844   0.01901   0.01958   0.02001   0.02035   0.02063
 13.1156  -0.00413  -0.00516  -0.00572  -0.00615  -0.00655  -0.00693  -0.00736  -0.00786  -0.00836  -0.00888
  -0.00943  -0.00993  -0.01041  -0.01082  -0.01120  -0.01153  -0.01183  -0.01210  -0.01233  -0.01253
 13.2060   0.00099   0.00448   0.00517   0.00650   0.00802   0.00922   0.01039   0.01153   0.01261   0.01356
   0.01462   0.01554   0.01631   0.01692   0.01757   0.01805   0.01839   0.01873   0.01908   0.01932
 13.2965   0.02274   0.03565   0.03913   0.04335   0.04786   0.05166   0.05563   0.05938   0.06330   0.06661
   0.07038   0.07378   0.07681   0.07938   0.08205   0.08450   0.08650   0.08877   0.09085   0.09274
 13.3869   0.12067   0.13467   0.13983   0.14167   0.14282   0.14443   0.14677   0.14976   0.15398   0.15772
   0.16244   0.16705   0.17185   0.17677   0.18125   0.18616   0.19089   0.19577   0.20034   0.20439
 13.4774   0.24638   0.26891   0.27758   0.28576   0.29482   0.30392   0.31269   0.32311   0.33402   0.34422
   0.35527   0.36526   0.37456   0.38469   0.39252   0.40047   0.40844   0.41489   0.42136   0.42618
 13.5678   0.14840   0.17685   0.18854   0.20315   0.21935   0.23388   0.24655   0.25916   0.27059   0.28077
   0.29038   0.29843   0.30530   0.31245   0.31751   0.32196   0.32638   0.32966   0.33235   0.33420
 13.6583   0.03267   0.05205   0.06121   0.07023   0.07840   0.08510   0.09094   0.09692   0.10319   0.10904
   0.11421   0.11853   0.12236   0.12551   0.12786   0.12920   0.13032   0.13105   0.13114   0.13079
 13.7487  -0.00050   0.00401   0.00658   0.00850   0.00968   0.01053   0.01139   0.01258   0.01426   0.01597
   0.01756   0.01895   0.02016   0.02102   0.02171   0.02203   0.02224   0.02227   0.02218   0.02197
 13.8392  -0.00223  -0.00316  -0.00358  -0.00401  -0.00440  -0.00474  -0.00502  -0.00532  -0.00563  -0.00591
  -0.00617  -0.00638  -0.00657  -0.00674  -0.00687  -0.00695  -0.00702  -0.00708  -0.00710  -0.00710
 13.9296  -0.00029  -0.00054  -0.00068  -0.00079  -0.00088  -0.00095  -0.00101  -0.00109  -0.00118  -0.00128
  -0.00136  -0.00144  -0.00150  -0.00155  -0.00159  -0.00162  -0.00163  -0.00164  -0.00164  -0.00164
 14.0201  -0.00001  -0.00002  -0.00003  -0.00003  -0.00004  -0.00004  -0.00004  -0.00005  -0.00005  -0.00006
  -0.00006  -0.00006  -0.00007  -0.00007  -0.00007  -0.00007  -0.00007  -0.00007  -0.00007  -0.00007
 14.1106  -0.00000  -0.00000  -0.00000  -0.00000  -0.00000  -0.00000  -0.00000  -0.00000  -0.00000  -0.00000
  -0.00000  -0.00000  -0.00000  -0.00000  -0.00000  -0.00000  -0.00000  -0.00000  -0.00000  -0.00000
 14.2010  -0.00000  -0.00000  -0.00000  -0.00000  -0.00000  -0.00000  -0.00000  -0.00000  -0.00000  -0.00000
  -0.00000  -0.00000  -0.00000  -0.00000  -0.00000  -0.00000  -0.00000  -0.00000  -0.00000  -0.00000
 14.2915  -0.00000  -0.00000  -0.00000  -0.00000  -0.00000  -0.00000  -0.00000  -0.00000  -0.00000  -0.00000
  -0.00000  -0.00000  -0.00000  -0.00000  -0.00000  -0.00000  -0.00000  -0.00000  -0.00000  -0.00000
 14.3819  -0.00000  -0.00000  -0.00000  -0.00000  -0.00000  -0.00000  -0.00000  -0.00000  -0.00000  -0.00000
  -0.00000  -0.00000  -0.00000  -0.00000  -0.00000  -0.00000  -0.00000  -0.00000  -0.00000  -0.00000
 14.4724  -0.00000  -0.00000  -0.00000  -0.00000  -0.00000  -0.00000  -0.00000  -0.00000  -0.00000  -0.00000
  -0.00000  -0.00000  -0.00000  -0.00000  -0.00000  -0.00000  -0.00000  -0.00000  -0.00000  -0.00000
 14.5628  -0.00000  -0.00000  -0.00000  -0.00000  -0.00000  -0.00000  -0.00000  -0.00000  -0.00000  -0.00000
  -0.00000  -0.00000  -0.00000  -0.00000  -0.00000  -0.00000  -0.00000  -0.00000  -0.00000  -0.00000
 14.6533  -0.00000  -0.00000  -0.00000  -0.00000  -0.00000  -0.00000  -0.00000  -0.00000  -0.00000  -0.00000
  -0.00000  -0.00000  -0.00000  -0.00000  -0.00000  -0.00000  -0.00000  -0.00000  -0.00000  -0.00000
 14.7437  -0.00000  -0.00000  -0.00000  -0.00000  -0.00000  -0.00000  -0.00000  -0.00000  -0.00000  -0.00000
  -0.00000  -0.00000  -0.00000  -0.00000  -0.00000  -0.00000  -0.00000  -0.00000  -0.00000  -0.00000
 14.8342  -0.00001  -0.00001  -0.00001  -0.00001  -0.00001  -0.00001  -0.00001  -0.00001  -0.00001  -0.00001
  -0.00001  -0.00001  -0.00001  -0.00001  -0.00001  -0.00001  -0.00001  -0.00001  -0.00001  -0.00001
 14.9246  -0.00035  -0.00050  -0.00057  -0.00061  -0.00063  -0.00064  -0.00066  -0.00066  -0.00067  -0.00068
  -0.00069  -0.00070  -0.00070  -0.00071  -0.00071  -0.00071  -0.00071  -0.00071  -0.00071  -0.00071
 15.0151  -0.00448  -0.00617  -0.00692  -0.00739  -0.00762  -0.00778  -0.00796  -0.00809  -0.00825  -0.00842
  -0.00852  -0.00864  -0.00872  -0.00878  -0.00884  -0.00884  -0.00886  -0.00885  -0.00882  -0.00881
 15.1055   0.00026   0.00225   0.00319   0.00370   0.00397   0.00403   0.00399   0.00390   0.00380   0.00373
   0.00366   0.00360   0.00357   0.00350   0.00348   0.00342   0.00340   0.00338   0.00333   0.00331
 15.1960   0.07658   0.11368   0.12913   0.13902   0.14428   0.14812   0.15214   0.15514   0.15866   0.16217
   0.16431   0.16675   0.16825   0.16928   0.17031   0.17023   0.17036   0.17003   0.16929   0.16899
 15.2864   0.13069   0.16345   0.17704   0.18573   0.18974   0.19343   0.19831   0.20223   0.20730   0.21240
   0.21571   0.21953   0.22200   0.22412   0.22577   0.22625   0.22683   0.22678   0.22631   0.22617
 15.3769   0.31031   0.25372   0.24175   0.23357   0.22452   0.21789   0.21473   0.21290   0.21430   0.21801
   0.22127   0.22561   0.22965   0.23461   0.23799   0.24103   0.24488   0.24785   0.25035   0.25283
 15.4673   0.34816   0.28705   0.28584   0.28469   0.27791   0.27099   0.26590   0.26277   0.26260   0.26556
   0.26855   0.27274   0.27704   0.28240   0.28665   0.29049   0.29599   0.29983   0.30329   0.30686
 15.5578   0.17525   0.16908   0.18189   0.18777   0.18691   0.18468   0.18126   0.17981   0.17898   0.17904
   0.18086   0.18285   0.18574   0.18876   0.19219   0.19602   0.20063   0.20404   0.20736   0.21079
 15.6482   0.04426   0.04678   0.04946   0.05026   0.04982   0.04953   0.04888   0.04918   0.04995   0.05043
   0.05222   0.05392   0.05590   0.05793   0.06014   0.06265   0.06520   0.06729   0.06954   0.07166
 15.7387   0.00258   0.01064   0.01396   0.01683   0.01842   0.01940   0.01976   0.02037   0.02131   0.02214
   0.02330   0.02474   0.02613   0.02747   0.02913   0.03043   0.03201   0.03324   0.03486   0.03612
 15.8291   0.05282   0.06335   0.07073   0.07444   0.07493   0.07447   0.07309   0.07237   0.07256   0.07298
   0.07382   0.07559   0.07736   0.07959   0.08228   0.08450   0.08741   0.09011   0.09328   0.09575
 15.9196   0.07928   0.08113   0.08600   0.08549   0.08259   0.07957   0.07643   0.07387   0.07239   0.07144
   0.07055   0.07076   0.07097   0.07223   0.07354   0.07480   0.07664   0.07895   0.08131   0.08309
 16.0101   0.01743   0.01698   0.01765   0.01693   0.01577   0.01467   0.01357   0.01258   0.01180   0.01116
   0.01050   0.01018   0.00985   0.00981   0.00978   0.00982   0.00993   0.01030   0.01059   0.01082
 16.1005  -0.00166  -0.00169  -0.00177  -0.00143  -0.00096  -0.00048   0.00006   0.00058   0.00109   0.00158
   0.00206   0.00236   0.00266   0.00290   0.00308   0.00319   0.00334   0.00334   0.00339   0.00342
 16.1910   0.03770   0.03857   0.04115   0.04554   0.04996   0.05437   0.05967   0.06495   0.07110   0.07725
   0.08339   0.08777   0.09215   0.09652   0.10002   0.10263   0.10612   0.10785   0.11045   0.11219
 16.2814   0.03524   0.03606   0.03848   0.04250   0.04653   0.05055   0.05539   0.06021   0.06585   0.07149
   0.07713   0.08115   0.08518   0.08921   0.09243   0.09485   0.09807   0.09968   0.10210   0.10371
 16.3719  -0.00211  -0.00178  -0.00167  -0.00160  -0.00156  -0.00157  -0.00155  -0.00158  -0.00156  -0.00154
  -0.00148  -0.00149  -0.00147  -0.00144  -0.00143  -0.00141  -0.00138  -0.00136  -0.00133  -0.00131
 16.4623  -0.00009   0.00050   0.00077   0.00098   0.00116   0.00134   0.00149   0.00165   0.00171   0.00178
   0.00173   0.00174   0.00172   0.00170   0.00165   0.00161   0.00158   0.00154   0.00143   0.00138
 16.5528   0.06841   0.06150   0.06047   0.06153   0.06318   0.06587   0.06856   0.07230   0.07557   0.07883
   0.08145   0.08436   0.08651   0.08866   0.09063   0.09184   0.09353   0.09427   0.09531   0.09606
 16.6432   0.08403   0.07089   0.06721   0.06623   0.06628   0.06768   0.06903   0.07179   0.07414   0.07652
   0.07872   0.08139   0.08320   0.08507   0.08705   0.08816   0.08969   0.09047   0.09183   0.09265
 16.7337   0.02200   0.01813   0.01695   0.01653   0.01633   0.01656   0.01691   0.01757   0.01824   0.01890
   0.01956   0.02043   0.02109   0.02164   0.02240   0.02294   0.02338   0.02381   0.02425   0.02457
 16.8241   0.06733   0.06138   0.06009   0.06205   0.06443   0.06826   0.07306   0.07833   0.08405   0.08932
   0.09363   0.09889   0.10321   0.10657   0.11044   0.11384   0.11623   0.11867   0.12010   0.12156
 16.9146   0.05062   0.04546   0.04373   0.04498   0.04686   0.04987   0.05366   0.05775   0.06229   0.06635
   0.06966   0.07371   0.07703   0.07958   0.08243   0.08501   0.08682   0.08863   0.08970   0.09075
 17.0050   0.00053   0.00380   0.00616   0.00742   0.00790   0.00803   0.00802   0.00800   0.00807   0.00818
   0.00822   0.00834   0.00838   0.00843   0.00845   0.00843   0.00841   0.00839   0.00831   0.00829
 17.0955   0.00315   0.01663   0.02665   0.03184   0.03368   0.03409   0.03391   0.03372   0.03378   0.03414
   0.03426   0.03462   0.03474   0.03490   0.03504   0.03492   0.03484   0.03475   0.03443   0.03438
 17.1859   0.00258   0.00916   0.01410   0.01669   0.01765   0.01791   0.01790   0.01788   0.01801   0.01827
   0.01839   0.01865   0.01878   0.01891   0.01904   0.01903   0.01902   0.01902   0.01888   0.01887
 17.2764  -0.00024  -0.00081  -0.00124  -0.00147  -0.00155  -0.00157  -0.00157  -0.00157  -0.00159  -0.00161
  -0.00162  -0.00165  -0.00166  -0.00167  -0.00168  -0.00168  -0.00168  -0.00168  -0.00167  -0.00167
 17.3668  -0.00012  -0.00040  -0.00061  -0.00072  -0.00076  -0.00077  -0.00077  -0.00077  -0.00078  -0.00079
  -0.00080  -0.00081  -0.00081  -0.00082  -0.00082  -0.00082  -0.00082  -0.00082  -0.00082  -0.00082
 17.4573  -0.00001  -0.00002  -0.00003  -0.00004  -0.00004  -0.00004  -0.00004  -0.00004  -0.00004  -0.00004
  -0.00004  -0.00004  -0.00004  -0.00004  -0.00004  -0.00004  -0.00004  -0.00004  -0.00004  -0.00004
 17.5477  -0.00000  -0.00000  -0.00000  -0.00000  -0.00000  -0.00000  -0.00000  -0.00000  -0.00000  -0.00000
  -0.00000  -0.00000  -0.00000  -0.00000  -0.00000  -0.00000  -0.00000  -0.00000  -0.00000  -0.00000
 17.6382  -0.00000  -0.00000  -0.00000  -0.00000  -0.00000  -0.00000  -0.00000  -0.00000  -0.00000  -0.00000
  -0.00000  -0.00000  -0.00000  -0.00000  -0.00000  -0.00000  -0.00000  -0.00000  -0.00000  -0.00000
 17.7286  -0.00000  -0.00000  -0.00000  -0.00000  -0.00000  -0.00000  -0.00000  -0.00000  -0.00000  -0.00000
  -0.00000  -0.00000  -0.00000  -0.00000  -0.00000  -0.00000  -0.00000  -0.00000  -0.00000  -0.00000
 17.8191  -0.00000  -0.00000  -0.00000  -0.00000  -0.00000  -0.00000  -0.00000  -0.00000  -0.00000  -0.00000
  -0.00000  -0.00000  -0.00000  -0.00000  -0.00000  -0.00000  -0.00000  -0.00000  -0.00000  -0.00000
 17.9095  -0.00000  -0.00000  -0.00000  -0.00000  -0.00000  -0.00000  -0.00000  -0.00000  -0.00000  -0.00000
  -0.00000  -0.00000  -0.00000  -0.00000  -0.00000  -0.00000  -0.00000  -0.00000  -0.00000  -0.00000
 18.0000  -0.00000  -0.00000  -0.00000  -0.00000  -0.00000  -0.00000  -0.00000  -0.00000  -0.00000  -0.00000
  -0.00000  -0.00000  -0.00000  -0.00000  -0.00000  -0.00000  -0.00000  -0.00000  -0.00000  -0.00000
