# degauss   lambda    int alpha2F  <log w>     N(Ef)
  0.001    3.183516    3.183420    84.843   31.637636
  0.002    2.726697    2.726612    85.364   31.559617
  0.003    2.451080    2.451001    85.664   30.772452
  0.004    2.232886    2.232813    86.239   29.802017
  0.005    2.041030    2.040963    86.949   28.781039
  0.006    1.880098    1.880036    87.735   27.843457
  0.007    1.750656    1.750598    88.601   27.081317
  0.008    1.647086    1.647031    89.557   26.527252
  0.009    1.562653    1.562601    90.600   26.161898
  0.010    1.491445    1.491396    91.701   25.941411
  0.011    1.429459    1.429412    92.835   25.821496
  0.012    1.374075    1.374030    93.995   25.767946
  0.013    1.323578    1.323535    95.157   25.757543
  0.014    1.277272    1.277230    96.356   25.775272
  0.015    1.234273    1.234233    97.552   25.811204
  0.016    1.194098    1.194060    98.745   25.858234
  0.017    1.156661    1.156624    99.965   25.910772
  0.018    1.121487    1.121452    101.162   25.964117
  0.019    1.088623    1.088589    102.362   26.014240
  0.020    1.057603    1.057570    103.529   26.057746
