# degauss   lambda    int alpha2F  <log w>     N(Ef)
  0.001    3.183516    3.152732    83.125   31.637636
  0.002    2.726697    2.695486    83.326   31.559617
  0.003    2.451080    2.418700    83.307   30.772452
  0.004    2.232886    2.199559    83.564   29.802017
  0.005    2.041030    2.007123    83.960   28.781039
  0.006    1.880098    1.845621    84.420   27.843457
  0.007    1.750656    1.715528    84.954   27.081317
  0.008    1.647086    1.611104    85.565   26.527252
  0.009    1.562653    1.525598    86.240   26.161898
  0.010    1.491445    1.453250    86.963   25.941411
  0.011    1.429459    1.390124    87.712   25.821496
  0.012    1.374075    1.333584    88.474   25.767946
  0.013    1.323578    1.282032    89.241   25.757543
  0.014    1.277272    1.234676    90.030   25.775272
  0.015    1.234273    1.190734    90.819   25.811204
  0.016    1.194098    1.149760    91.615   25.858234
  0.017    1.156661    1.111462    92.415   25.910772
  0.018    1.121488    1.075618    93.213   25.964117
  0.019    1.088623    1.042135    94.014   26.014240
  0.020    1.057603    1.010573    94.787   26.057746
