&CONTROL
 calculation = 'bands'
 prefix = 'mos2'
 pseudo_dir = '../../pseudo'
 outdir = './tmp'
 verbosity = 'high'
 tstress = .true.
 tprnfor = .true.
 nstep = 40
 etot_conv_thr = 1.0d-8
 forc_conv_thr = 1.0d-5
/
&SYSTEM
 ibrav = 0
 nat = 3
 ntyp = 2
 ecutwfc = 60
 ecutrho = 480
 nbnd = 16
 occupations = 'fixed'
 nosym = .true.
 noinv = .true.
/
&ELECTRONS
 conv_thr = 1.0d-12
 mixing_beta = 0.3
 diagonalization = 'cg'
 diago_thr_init = 1.0d-10
 diago_full_acc = .true.
 diago_cg_maxiter = 200
/
ATOMIC_SPECIES
Mo 95.95 Mo.pbe-spn-rrkjus_psl.1.0.0.UPF
S 32.06 S.pbe-n-rrkjus_psl.1.0.0.UPF
CELL_PARAMETERS angstrom
3.18272795063993 0.00000000000000 0.00000000000000
-1.59136397531997 2.75632325858916 0.00000000000000
0.00000000000000 0.00000000000000 28.19000000000000
ATOMIC_POSITIONS crystal
Mo 0.00000000000000 0.00000000000000 0.50000000000000
S 0.66666666666700 0.33333333333300 0.55551277903025
S 0.66666666666700 0.33333333333300 0.44448722096975
K_POINTS crystal
97
0.31813692675750 0.32777106248034 0.00000000000000 1.0
0.31813692675750 0.33215788719398 0.00000000000000 1.0
0.31813692675750 0.33654471190761 0.00000000000000 1.0
0.31813692675750 0.34093153662125 0.00000000000000 1.0
0.31813692675750 0.34531836133489 0.00000000000000 1.0
0.31813692675750 0.34970518604852 0.00000000000000 1.0
0.31813692675750 0.35409201076216 0.00000000000000 1.0
0.32320239561611 0.32523832805104 0.00000000000000 1.0
0.32320239561611 0.32962515276467 0.00000000000000 1.0
0.32320239561611 0.33401197747831 0.00000000000000 1.0
0.32320239561611 0.33839880219194 0.00000000000000 1.0
0.32320239561611 0.34278562690558 0.00000000000000 1.0
0.32320239561611 0.34717245161922 0.00000000000000 1.0
0.32320239561611 0.35155927633285 0.00000000000000 1.0
0.32826786447472 0.32270559362173 0.00000000000000 1.0
0.32826786447472 0.32709241833537 0.00000000000000 1.0
0.32826786447472 0.33147924304900 0.00000000000000 1.0
0.32826786447472 0.33586606776264 0.00000000000000 1.0
0.32826786447472 0.34025289247628 0.00000000000000 1.0
0.32826786447472 0.34463971718991 0.00000000000000 1.0
0.32826786447472 0.34902654190355 0.00000000000000 1.0
0.33333333333333 0.32017285919242 0.00000000000000 1.0
0.33333333333333 0.32455968390606 0.00000000000000 1.0
0.33333333333333 0.32894650861970 0.00000000000000 1.0
0.33333333333333 0.33333333333333 0.00000000000000 1.0
0.33333333333333 0.33772015804697 0.00000000000000 1.0
0.33333333333333 0.34210698276061 0.00000000000000 1.0
0.33333333333333 0.34649380747424 0.00000000000000 1.0
0.33839880219194 0.31764012476312 0.00000000000000 1.0
0.33839880219194 0.32202694947676 0.00000000000000 1.0
0.33839880219194 0.32641377419039 0.00000000000000 1.0
0.33839880219194 0.33080059890403 0.00000000000000 1.0
0.33839880219194 0.33518742361766 0.00000000000000 1.0
0.33839880219194 0.33957424833130 0.00000000000000 1.0
0.33839880219194 0.34396107304494 0.00000000000000 1.0
0.34346427105055 0.31510739033381 0.00000000000000 1.0
0.34346427105055 0.31949421504745 0.00000000000000 1.0
0.34346427105055 0.32388103976109 0.00000000000000 1.0
0.34346427105055 0.32826786447472 0.00000000000000 1.0
0.34346427105055 0.33265468918836 0.00000000000000 1.0
0.34346427105055 0.33704151390200 0.00000000000000 1.0
0.34346427105055 0.34142833861563 0.00000000000000 1.0
0.34852973990917 0.31257465590451 0.00000000000000 1.0
0.34852973990917 0.31696148061814 0.00000000000000 1.0
0.34852973990917 0.32134830533178 0.00000000000000 1.0
0.34852973990917 0.32573513004542 0.00000000000000 1.0
0.34852973990917 0.33012195475905 0.00000000000000 1.0
0.34852973990917 0.33450877947269 0.00000000000000 1.0
0.34852973990917 0.33889560418633 0.00000000000000 1.0
0.00000000000000 0.00000000000000 0.00000000000000 1.0
0.50000000000000 0.00000000000000 0.00000000000000 1.0
-0.33333333333333 -0.33333333333333 -0.00000000000000 1.0
0.08333333333333 0.08333333333333 0.00000000000000 1.0
0.10000000000000 0.10000000000000 0.00000000000000 1.0
0.11666666666667 0.11666666666667 0.00000000000000 1.0
0.13333333333333 0.13333333333333 0.00000000000000 1.0
0.15000000000000 0.15000000000000 0.00000000000000 1.0
0.16666666666667 0.16666666666667 0.00000000000000 1.0
0.18333333333333 0.18333333333333 0.00000000000000 1.0
0.20000000000000 0.20000000000000 0.00000000000000 1.0
0.21666666666667 0.21666666666667 0.00000000000000 1.0
0.23333333333333 0.23333333333333 0.00000000000000 1.0
0.25000000000000 0.25000000000000 0.00000000000000 1.0
0.26666666666667 0.26666666666667 0.00000000000000 1.0
0.28333333333333 0.28333333333333 0.00000000000000 1.0
0.30000000000000 0.30000000000000 0.00000000000000 1.0
0.31666666666667 0.31666666666667 0.00000000000000 1.0
-0.16666666666667 0.08333333333333 0.00000000000000 1.0
-0.20000000000000 0.10000000000000 0.00000000000000 1.0
-0.23333333333333 0.11666666666667 0.00000000000000 1.0
-0.26666666666667 0.13333333333333 0.00000000000000 1.0
-0.30000000000000 0.15000000000000 0.00000000000000 1.0
-0.33333333333333 0.16666666666667 0.00000000000000 1.0
-0.36666666666667 0.18333333333333 0.00000000000000 1.0
-0.40000000000000 0.20000000000000 0.00000000000000 1.0
-0.43333333333333 0.21666666666667 0.00000000000000 1.0
-0.46666666666667 0.23333333333333 0.00000000000000 1.0
-0.50000000000000 0.25000000000000 0.00000000000000 1.0
-0.53333333333333 0.26666666666667 0.00000000000000 1.0
-0.56666666666667 0.28333333333333 0.00000000000000 1.0
-0.60000000000000 0.30000000000000 0.00000000000000 1.0
-0.63333333333333 0.31666666666667 0.00000000000000 1.0
0.08333333333333 -0.16666666666667 0.00000000000000 1.0
0.10000000000000 -0.20000000000000 0.00000000000000 1.0
0.11666666666667 -0.23333333333333 0.00000000000000 1.0
0.13333333333333 -0.26666666666667 0.00000000000000 1.0
0.15000000000000 -0.30000000000000 0.00000000000000 1.0
0.16666666666667 -0.33333333333333 0.00000000000000 1.0
0.18333333333333 -0.36666666666667 0.00000000000000 1.0
0.20000000000000 -0.40000000000000 0.00000000000000 1.0
0.21666666666667 -0.43333333333333 0.00000000000000 1.0
0.23333333333333 -0.46666666666667 0.00000000000000 1.0
0.25000000000000 -0.50000000000000 0.00000000000000 1.0
0.26666666666667 -0.53333333333333 0.00000000000000 1.0
0.28333333333333 -0.56666666666667 0.00000000000000 1.0
0.30000000000000 -0.60000000000000 0.00000000000000 1.0
0.31666666666667 -0.63333333333333 0.00000000000000 1.0

