# E(THz)     0.001     0.002     0.003     0.004     0.005     0.006     0.007     0.008     0.009     0.010
     0.011     0.012     0.013     0.014     0.015     0.016     0.017     0.018     0.019     0.020
  0.0000  -0.00000  -0.00000  -0.00000  -0.00000  -0.00000  -0.00000  -0.00000  -0.00000  -0.00000  -0.00000
  -0.00000  -0.00000  -0.00000  -0.00000  -0.00000  -0.00000  -0.00000  -0.00000  -0.00000  -0.00000
  0.0503  -0.00000  -0.00000  -0.00000  -0.00000  -0.00000  -0.00000  -0.00000  -0.00000  -0.00000  -0.00000
  -0.00000  -0.00000  -0.00000  -0.00000  -0.00000  -0.00000  -0.00000  -0.00000  -0.00000  -0.00000
  0.1005  -0.00000  -0.00000  -0.00000  -0.00000  -0.00000  -0.00000  -0.00000  -0.00000  -0.00000  -0.00000
  -0.00000  -0.00000  -0.00000  -0.00000  -0.00000  -0.00000  -0.00000  -0.00000  -0.00000  -0.00000
  0.1508  -0.00000  -0.00000  -0.00000  -0.00000  -0.00000  -0.00000  -0.00000  -0.00000  -0.00000  -0.00000
  -0.00000  -0.00000  -0.00000  -0.00000  -0.00000  -0.00000  -0.00000  -0.00000  -0.00000  -0.00000
  0.2010  -0.00000  -0.00000  -0.00000  -0.00000  -0.00000  -0.00000  -0.00000  -0.00000  -0.00000  -0.00000
  -0.00000  -0.00000  -0.00000  -0.00000  -0.00000  -0.00000  -0.00000  -0.00000  -0.00000  -0.00000
  0.2513  -0.00000  -0.00000  -0.00000  -0.00000  -0.00000  -0.00000  -0.00000  -0.00000  -0.00000  -0.00000
  -0.00000  -0.00000  -0.00000  -0.00000  -0.00000  -0.00000  -0.00000  -0.00000  -0.00000  -0.00000
  0.3015  -0.00000  -0.00000  -0.00000  -0.00000  -0.00000  -0.00000  -0.00000  -0.00000  -0.00000  -0.00000
  -0.00000  -0.00000  -0.00000  -0.00000  -0.00000  -0.00000  -0.00000  -0.00000  -0.00000  -0.00000
  0.3518  -0.00000  -0.00000  -0.00000  -0.00000  -0.00000  -0.00000  -0.00000  -0.00000  -0.00000  -0.00000
  -0.00000  -0.00000  -0.00000  -0.00000  -0.00000  -0.00000  -0.00000  -0.00000  -0.00000  -0.00000
  0.4020  -0.00000  -0.00000  -0.00000  -0.00000  -0.00000  -0.00000  -0.00000  -0.00000  -0.00000  -0.00000
  -0.00000  -0.00000  -0.00000  -0.00000  -0.00000  -0.00000  -0.00000  -0.00000  -0.00000  -0.00000
  0.4523  -0.00000  -0.00000  -0.00000  -0.00000  -0.00000  -0.00000  -0.00000  -0.00000  -0.00000  -0.00000
  -0.00000  -0.00000  -0.00000  -0.00000  -0.00000  -0.00000  -0.00000  -0.00000  -0.00000  -0.00000
  0.5025  -0.00000  -0.00000  -0.00000  -0.00000  -0.00000  -0.00000  -0.00000  -0.00000  -0.00000  -0.00000
  -0.00000  -0.00000  -0.00000  -0.00000  -0.00000  -0.00000  -0.00000  -0.00000  -0.00000  -0.00000
  0.5528  -0.00000  -0.00000  -0.00000  -0.00000  -0.00000  -0.00000  -0.00000  -0.00000  -0.00000  -0.00000
  -0.00000  -0.00000  -0.00000  -0.00000  -0.00000  -0.00000  -0.00000  -0.00000  -0.00000  -0.00000
  0.6030  -0.00000  -0.00000  -0.00000  -0.00000  -0.00000  -0.00000  -0.00000  -0.00000  -0.00000  -0.00000
  -0.00000  -0.00000  -0.00000  -0.00000  -0.00000  -0.00000  -0.00000  -0.00000  -0.00000  -0.00000
  0.6533  -0.00000  -0.00000  -0.00000  -0.00000  -0.00000  -0.00000  -0.00000  -0.00000  -0.00000  -0.00000
  -0.00000  -0.00000  -0.00000  -0.00000  -0.00000  -0.00000  -0.00000  -0.00000  -0.00000  -0.00000
  0.7035  -0.00000  -0.00000  -0.00000  -0.00000  -0.00000  -0.00000  -0.00000  -0.00000  -0.00000  -0.00000
  -0.00000  -0.00000  -0.00000  -0.00000  -0.00000  -0.00000  -0.00000  -0.00000  -0.00000  -0.00000
  0.7538  -0.00001  -0.00002  -0.00002  -0.00002  -0.00002  -0.00002  -0.00002  -0.00002  -0.00002  -0.00002
  -0.00002  -0.00002  -0.00002  -0.00002  -0.00002  -0.00002  -0.00002  -0.00001  -0.00001  -0.00001
  0.8040  -0.00018  -0.00024  -0.00025  -0.00026  -0.00026  -0.00026  -0.00026  -0.00026  -0.00026  -0.00025
  -0.00025  -0.00024  -0.00024  -0.00023  -0.00022  -0.00021  -0.00021  -0.00020  -0.00019  -0.00019
  0.8543  -0.00157  -0.00212  -0.00227  -0.00229  -0.00231  -0.00232  -0.00233  -0.00233  -0.00231  -0.00227
  -0.00222  -0.00217  -0.00211  -0.00204  -0.00197  -0.00191  -0.00184  -0.00178  -0.00172  -0.00166
  0.9045  -0.00903  -0.01221  -0.01310  -0.01322  -0.01331  -0.01340  -0.01346  -0.01343  -0.01331  -0.01310
  -0.01282  -0.01250  -0.01215  -0.01178  -0.01140  -0.01101  -0.01064  -0.01027  -0.00991  -0.00957
  0.9548  -0.03151  -0.04257  -0.04565  -0.04608  -0.04637  -0.04670  -0.04690  -0.04681  -0.04638  -0.04565
  -0.04469  -0.04357  -0.04233  -0.04104  -0.03971  -0.03838  -0.03706  -0.03578  -0.03453  -0.03334
  1.0050  -0.05198  -0.06997  -0.07497  -0.07566  -0.07610  -0.07661  -0.07692  -0.07677  -0.07606  -0.07486
  -0.07328  -0.07143  -0.06940  -0.06727  -0.06510  -0.06292  -0.06076  -0.05865  -0.05661  -0.05465
  1.0553   0.03720   0.05267   0.05713   0.05803   0.05869   0.05936   0.05981   0.05985   0.05941   0.05856
   0.05738   0.05597   0.05441   0.05276   0.05107   0.04937   0.04768   0.04604   0.04444   0.04290
  1.1055   0.35632   0.49783   0.53848   0.54611   0.55166   0.55738   0.56122   0.56127   0.55693   0.54872
   0.53756   0.52429   0.50966   0.49419   0.47833   0.46237   0.44658   0.43114   0.41619   0.40183
  1.1558   0.69984   1.02190   1.11760   1.13978   1.15695   1.17371   1.18557   1.18848   1.18132   1.16534
   1.14267   1.11520   1.08462   1.05209   1.01862   0.98486   0.95141   0.91864   0.88690   0.85638
  1.2060   0.58283   0.99603   1.12738   1.16920   1.20382   1.23570   1.25957   1.27115   1.26960   1.25678
   1.23543   1.20796   1.17645   1.14237   1.10692   1.07093   1.03508   0.99985   0.96563   0.93267
  1.2563   0.24412   0.52513   0.61771   0.65152   0.68024   0.70634   0.72641   0.73795   0.74063   0.73577
   0.72520   0.71052   0.69308   0.67385   0.65361   0.63288   0.61212   0.59163   0.57167   0.55240
  1.3065   1.18702   0.96197   0.84629   0.75486   0.67208   0.60266   0.54705   0.50296   0.46771   0.43888
   0.41467   0.39371   0.37514   0.35833   0.34291   0.32861   0.31527   0.30279   0.29109   0.28012
  1.3568   4.27734   3.12762   2.59861   2.22469   1.88727   1.60095   1.37116   1.19220   1.05461   0.94829
   0.86492   0.79793   0.74282   0.69631   0.65628   0.62117   0.58990   0.56182   0.53632   0.51305
  1.4070   7.40971   5.42299   4.52522   3.89790   3.33027   2.84609   2.45502   2.14791   1.90933   1.72276
   1.57461   1.45418   1.35408   1.26893   1.19516   1.13018   1.07215   1.01999   0.97260   0.92938
  1.4573   7.63035   5.58071   4.68918   4.08220   3.52988   3.05346   2.66362   2.35245   2.10594   1.90896
   1.74918   1.61680   1.50496   1.40866   1.32450   1.24995   1.18319   1.12309   1.06855   1.01887
  1.5075   5.16384   3.75312   3.18602   2.82296   2.48839   2.19248   1.94353   1.73833   1.56981   1.43010
   1.31288   1.21297   1.12667   1.05120   0.98455   0.92518   0.87192   0.82397   0.78060   0.74124
  1.5578   2.36578   1.69885   1.46408   1.33191   1.20659   1.08971   0.98588   0.89526   0.81641   0.74744
   0.68695   0.63361   0.58638   0.54442   0.50698   0.47347   0.44340   0.41636   0.39201   0.37002
  1.6080   0.57120   0.39771   0.34970   0.33104   0.31129   0.28969   0.26767   0.24604   0.22527   0.20577
   0.18782   0.17153   0.15689   0.14380   0.13211   0.12171   0.11247   0.10421   0.09688   0.09033
  1.6583  -0.15091  -0.12045  -0.10429  -0.09200  -0.08131  -0.07258  -0.06612  -0.06156  -0.05837  -0.05592
  -0.05386  -0.05193  -0.04998  -0.04807  -0.04618  -0.04431  -0.04242  -0.04066  -0.03893  -0.03729
  1.7085  -0.02844   0.00803   0.01352   0.01416   0.01705   0.02137   0.02596   0.03017   0.03368   0.03651
   0.03873   0.04052   0.04202   0.04324   0.04424   0.04507   0.04583   0.04639   0.04688   0.04723
  1.7588   0.87376   0.82802   0.75757   0.70183   0.66049   0.62981   0.60738   0.59007   0.57513   0.56076
   0.54619   0.53151   0.51678   0.50231   0.48815   0.47451   0.46148   0.44904   0.43725   0.42605
  1.8090   2.28810   2.12839   1.93078   1.77761   1.65739   1.56273   1.48995   1.43256   1.38395   1.33940
   1.29650   1.25485   1.21423   1.17506   1.13738   1.10148   1.06737   1.03514   1.00472   0.97603
  1.8593   3.45468   3.09310   2.77185   2.53498   2.34651   2.19506   2.07688   1.98351   1.90548   1.83573
   1.77031   1.70802   1.64831   1.59130   1.53696   1.48551   1.43677   1.39092   1.34775   1.30714
  1.9095   3.90790   3.16507   2.75220   2.49182   2.29123   2.12965   2.00260   1.90194   1.81807   1.74394
   1.67541   1.61084   1.54966   1.49166   1.43674   1.38500   1.33610   1.29031   1.24727   1.20691
  1.9598   3.66469   2.56871   2.11569   1.88443   1.72056   1.59095   1.48854   1.40652   1.33748   1.27630
   1.22002   1.16723   1.11762   1.07089   1.02688   0.98563   0.94679   0.91061   0.87669   0.84502
  2.0101   2.68944   1.66961   1.29151   1.12457   1.01648   0.93368   0.86806   0.81468   0.76913   0.72864
   0.69168   0.65733   0.62539   0.59562   0.56780   0.54189   0.51765   0.49520   0.47422   0.45473
  2.0603   1.32850   0.76881   0.56238   0.47401   0.41915   0.37842   0.34622   0.31988   0.29749   0.27800
   0.26079   0.24532   0.23131   0.21859   0.20690   0.19617   0.18621   0.17707   0.16855   0.16068
  2.1106   0.32868   0.18509   0.12761   0.09968   0.08169   0.06875   0.05881   0.05101   0.04486   0.04008
   0.03642   0.03356   0.03122   0.02932   0.02767   0.02621   0.02484   0.02361   0.02240   0.02128
  2.1608  -0.04475  -0.00636   0.00532   0.00704   0.00727   0.00773   0.00884   0.01075   0.01337   0.01638
   0.01941   0.02221   0.02462   0.02660   0.02817   0.02935   0.03018   0.03075   0.03105   0.03116
  2.2111  -0.04593   0.03638   0.06386   0.07262   0.07702   0.08042   0.08451   0.08991   0.09633   0.10297
   0.10898   0.11401   0.11788   0.12060   0.12232   0.12322   0.12339   0.12301   0.12219   0.12102
  2.2613   0.05463   0.13160   0.14987   0.15279   0.15257   0.15224   0.15370   0.15746   0.16305   0.16934
   0.17512   0.17996   0.18359   0.18593   0.18720   0.18758   0.18711   0.18605   0.18449   0.18251
  2.3116   0.10889   0.15607   0.15762   0.15243   0.14661   0.14185   0.13929   0.13908   0.14081   0.14358
   0.14638   0.14893   0.15091   0.15216   0.15284   0.15303   0.15265   0.15190   0.15082   0.14944
  2.3618   0.07973   0.09545   0.08879   0.08198   0.07594   0.07104   0.06757   0.06542   0.06442   0.06421
   0.06431   0.06463   0.06500   0.06524   0.06543   0.06555   0.06549   0.06534   0.06509   0.06471
  2.4121   0.03566   0.03171   0.02582   0.02212   0.01926   0.01699   0.01517   0.01371   0.01255   0.01165
   0.01097   0.01051   0.01022   0.01006   0.01001   0.01005   0.01012   0.01024   0.01036   0.01048
  2.4623   0.05044   0.02910   0.02186   0.01911   0.01755   0.01648   0.01565   0.01494   0.01423   0.01347
   0.01280   0.01220   0.01174   0.01144   0.01131   0.01125   0.01130   0.01145   0.01162   0.01181
  2.5126   0.10337   0.06429   0.05165   0.04691   0.04428   0.04254   0.04134   0.04047   0.03968   0.03876
   0.03795   0.03716   0.03651   0.03608   0.03587   0.03573   0.03576   0.03593   0.03610   0.03629
  2.5628   0.12628   0.08435   0.06870   0.06215   0.05820   0.05545   0.05347   0.05204   0.05082   0.04960
   0.04852   0.04753   0.04669   0.04610   0.04576   0.04549   0.04540   0.04546   0.04554   0.04561
  2.6131   0.12132   0.09391   0.07644   0.06726   0.06097   0.05626   0.05258   0.04969   0.04732   0.04528
   0.04354   0.04205   0.04077   0.03974   0.03894   0.03825   0.03768   0.03727   0.03691   0.03655
  2.6633   0.13348   0.12053   0.09781   0.08367   0.07333   0.06529   0.05880   0.05353   0.04922   0.04577
   0.04284   0.04042   0.03831   0.03652   0.03497   0.03358   0.03229   0.03116   0.03017   0.02918
  2.7136   0.13690   0.13015   0.10544   0.08938   0.07748   0.06817   0.06060   0.05442   0.04937   0.04539
   0.04202   0.03925   0.03684   0.03477   0.03294   0.03129   0.02972   0.02832   0.02709   0.02586
  2.7638   0.08691   0.08415   0.06797   0.05736   0.04953   0.04343   0.03848   0.03443   0.03115   0.02856
   0.02639   0.02461   0.02306   0.02174   0.02057   0.01951   0.01850   0.01760   0.01681   0.01601
  2.8141   0.02256   0.02294   0.01835   0.01529   0.01306   0.01136   0.00998   0.00887   0.00797   0.00727
   0.00669   0.00623   0.00583   0.00548   0.00518   0.00491   0.00465   0.00442   0.00422   0.00401
  2.8643   0.01270   0.00828   0.00751   0.00718   0.00674   0.00628   0.00585   0.00546   0.00511   0.00477
   0.00446   0.00418   0.00392   0.00368   0.00346   0.00326   0.00308   0.00292   0.00277   0.00263
  2.9146   0.06396   0.04445   0.03948   0.03700   0.03436   0.03179   0.02945   0.02739   0.02553   0.02382
   0.02225   0.02088   0.01960   0.01841   0.01738   0.01640   0.01553   0.01476   0.01405   0.01338
  2.9648   0.10928   0.07869   0.06989   0.06537   0.06062   0.05598   0.05172   0.04793   0.04450   0.04137
   0.03850   0.03599   0.03367   0.03155   0.02970   0.02795   0.02639   0.02502   0.02374   0.02256
  3.0151   0.08846   0.06541   0.05907   0.05591   0.05220   0.04836   0.04466   0.04127   0.03812   0.03523
   0.03256   0.03023   0.02808   0.02612   0.02442   0.02282   0.02139   0.02014   0.01898   0.01792
  3.0653   0.06590   0.04648   0.03977   0.03612   0.03291   0.03012   0.02781   0.02591   0.02429   0.02287
   0.02159   0.02047   0.01944   0.01847   0.01764   0.01683   0.01611   0.01547   0.01487   0.01431
  3.1156   0.18096   0.11514   0.08769   0.07172   0.06090   0.05371   0.04946   0.04723   0.04618   0.04576
   0.04552   0.04537   0.04515   0.04488   0.04462   0.04421   0.04389   0.04350   0.04304   0.04259
  3.1658   0.40404   0.25402   0.19155   0.15510   0.13070   0.11475   0.10557   0.10102   0.09913   0.09867
   0.09857   0.09864   0.09853   0.09825   0.09795   0.09730   0.09682   0.09617   0.09532   0.09447
  3.2161   0.49143   0.30759   0.23207   0.18801   0.15845   0.13907   0.12783   0.12216   0.11969   0.11895
   0.11867   0.11863   0.11839   0.11794   0.11750   0.11665   0.11601   0.11517   0.11409   0.11303
  3.2663   0.32799   0.20330   0.15300   0.12367   0.10399   0.09108   0.08354   0.07970   0.07796   0.07737
   0.07712   0.07704   0.07684   0.07651   0.07619   0.07562   0.07517   0.07461   0.07388   0.07317
  3.3166   0.09473   0.05689   0.04238   0.03400   0.02846   0.02489   0.02282   0.02179   0.02132   0.02117
   0.02111   0.02109   0.02104   0.02095   0.02087   0.02071   0.02060   0.02045   0.02024   0.02005
  3.3668  -0.02560  -0.01509  -0.00972  -0.00637  -0.00396  -0.00225  -0.00118  -0.00058  -0.00031  -0.00025
  -0.00030  -0.00038  -0.00051  -0.00062  -0.00072  -0.00080  -0.00085  -0.00088  -0.00089  -0.00087
  3.4171  -0.02704  -0.00792   0.00149   0.00708   0.01069   0.01301   0.01427   0.01477   0.01474   0.01442
   0.01388   0.01332   0.01267   0.01211   0.01154   0.01107   0.01067   0.01035   0.01012   0.00997
  3.4673   0.05460   0.05520   0.05669   0.05655   0.05503   0.05306   0.05106   0.04911   0.04726   0.04556
   0.04388   0.04235   0.04081   0.03944   0.03807   0.03692   0.03584   0.03492   0.03417   0.03354
  3.5176   0.18860   0.15081   0.13440   0.12171   0.10956   0.09900   0.09071   0.08422   0.07931   0.07552
   0.07236   0.06968   0.06724   0.06506   0.06288   0.06111   0.05927   0.05768   0.05635   0.05510
  3.5678   0.27124   0.20540   0.17536   0.15333   0.13362   0.11710   0.10457   0.09516   0.08842   0.08350
   0.07969   0.07658   0.07390   0.07150   0.06910   0.06720   0.06510   0.06327   0.06171   0.06019
  3.6181   0.21341   0.15841   0.13293   0.11449   0.09829   0.08487   0.07481   0.06736   0.06214   0.05841
   0.05561   0.05338   0.05151   0.04983   0.04815   0.04684   0.04534   0.04404   0.04292   0.04180
  3.6683   0.08141   0.06009   0.05001   0.04265   0.03617   0.03086   0.02692   0.02405   0.02209   0.02072
   0.01974   0.01897   0.01837   0.01781   0.01726   0.01684   0.01635   0.01592   0.01555   0.01517
  3.7186  -0.00538  -0.00295  -0.00223  -0.00208  -0.00215  -0.00213  -0.00208  -0.00193  -0.00175  -0.00156
  -0.00136  -0.00117  -0.00091  -0.00073  -0.00055  -0.00039  -0.00016  -0.00000   0.00015   0.00028
  3.7688  -0.01850  -0.01200  -0.00935  -0.00780  -0.00673  -0.00575  -0.00502  -0.00435  -0.00384  -0.00342
  -0.00307  -0.00276  -0.00236  -0.00208  -0.00181  -0.00157  -0.00121  -0.00097  -0.00075  -0.00054
  3.8191   0.02460   0.01676   0.01444   0.01385   0.01353   0.01332   0.01298   0.01267   0.01227   0.01187
   0.01144   0.01107   0.01082   0.01051   0.01021   0.00994   0.00982   0.00959   0.00940   0.00924
  3.8693   0.10770   0.07110   0.05957   0.05546   0.05307   0.05114   0.04922   0.04746   0.04563   0.04390
   0.04221   0.04068   0.03935   0.03806   0.03679   0.03567   0.03471   0.03371   0.03278   0.03204
  3.9196   0.17213   0.11616   0.09946   0.09333   0.08976   0.08692   0.08429   0.08204   0.07978   0.07769
   0.07570   0.07386   0.07233   0.07077   0.06929   0.06795   0.06682   0.06564   0.06447   0.06365
  3.9698   0.15301   0.11169   0.10114   0.09673   0.09394   0.09187   0.09026   0.08933   0.08858   0.08800
   0.08764   0.08720   0.08715   0.08684   0.08660   0.08635   0.08628   0.08605   0.08568   0.08569
  4.0201   0.07606   0.06895   0.06974   0.06870   0.06760   0.06700   0.06704   0.06790   0.06911   0.07046
   0.07208   0.07338   0.07500   0.07618   0.07735   0.07835   0.07945   0.08026   0.08087   0.08170
  4.0704   0.02341   0.03724   0.04358   0.04402   0.04367   0.04370   0.04454   0.04608   0.04797   0.04984
   0.05187   0.05345   0.05513   0.05639   0.05752   0.05844   0.05938   0.06003   0.06058   0.06114
  4.1206   0.03427   0.04739   0.05181   0.05104   0.04995   0.04953   0.05023   0.05149   0.05303   0.05430
   0.05553   0.05619   0.05672   0.05691   0.05685   0.05663   0.05633   0.05588   0.05549   0.05498
  4.1709   0.08663   0.09019   0.09018   0.08688   0.08410   0.08250   0.08245   0.08304   0.08398   0.08447
   0.08483   0.08464   0.08411   0.08334   0.08225   0.08104   0.07963   0.07828   0.07708   0.07572
  4.2211   0.12715   0.12891   0.12790   0.12294   0.11848   0.11545   0.11414   0.11362   0.11373   0.11347
   0.11316   0.11265   0.11165   0.11061   0.10928   0.10783   0.10610   0.10463   0.10330   0.10174
  4.2714   0.11793   0.13133   0.13509   0.13088   0.12590   0.12198   0.11949   0.11781   0.11710   0.11628
   0.11559   0.11525   0.11435   0.11361   0.11268   0.11164   0.11032   0.10930   0.10839   0.10711
  4.3216   0.07599   0.09933   0.10755   0.10545   0.10144   0.09782   0.09513   0.09313   0.09213   0.09129
   0.09068   0.09069   0.09022   0.08997   0.08964   0.08916   0.08855   0.08809   0.08770   0.08688
  4.3719   0.04620   0.06464   0.07104   0.07006   0.06752   0.06503   0.06305   0.06153   0.06066   0.06001
   0.05960   0.05959   0.05941   0.05933   0.05929   0.05905   0.05884   0.05869   0.05854   0.05807
  4.4221   0.04202   0.05070   0.05283   0.05187   0.05038   0.04888   0.04769   0.04665   0.04579   0.04509
   0.04452   0.04402   0.04368   0.04327   0.04308   0.04261   0.04230   0.04207   0.04181   0.04137
  4.4724   0.04016   0.04609   0.04730   0.04673   0.04603   0.04525   0.04460   0.04386   0.04303   0.04224
   0.04145   0.04057   0.03996   0.03923   0.03878   0.03805   0.03748   0.03704   0.03659   0.03603
  4.5226   0.02591   0.03306   0.03589   0.03638   0.03659   0.03653   0.03638   0.03608   0.03565   0.03512
   0.03454   0.03389   0.03339   0.03276   0.03234   0.03177   0.03124   0.03081   0.03038   0.02991
  4.5729   0.01204   0.02034   0.02500   0.02651   0.02742   0.02784   0.02797   0.02802   0.02800   0.02783
   0.02762   0.02740   0.02722   0.02690   0.02665   0.02648   0.02620   0.02596   0.02573   0.02550
  4.6231   0.01112   0.02252   0.02928   0.03130   0.03215   0.03228   0.03208   0.03187   0.03164   0.03131
   0.03103   0.03075   0.03057   0.03025   0.02999   0.02995   0.02974   0.02960   0.02946   0.02932
  4.6734   0.01751   0.03333   0.04191   0.04390   0.04404   0.04334   0.04243   0.04148   0.04057   0.03970
   0.03896   0.03818   0.03770   0.03716   0.03670   0.03649   0.03617   0.03601   0.03586   0.03567
  4.7236   0.01892   0.03541   0.04362   0.04521   0.04480   0.04370   0.04253   0.04124   0.04008   0.03904
   0.03815   0.03714   0.03655   0.03605   0.03558   0.03530   0.03498   0.03493   0.03488   0.03472
  4.7739   0.01202   0.02335   0.02860   0.02960   0.02926   0.02856   0.02786   0.02701   0.02632   0.02572
   0.02522   0.02457   0.02425   0.02410   0.02389   0.02376   0.02364   0.02377   0.02390   0.02387
  4.8241   0.00321   0.00773   0.00963   0.01007   0.01003   0.00990   0.00978   0.00955   0.00942   0.00933
   0.00926   0.00908   0.00906   0.00916   0.00917   0.00920   0.00923   0.00941   0.00958   0.00964
  4.8744  -0.00283  -0.00176  -0.00153  -0.00133  -0.00119  -0.00107  -0.00097  -0.00092  -0.00084  -0.00076
  -0.00071  -0.00069  -0.00064  -0.00056  -0.00052  -0.00048  -0.00046  -0.00039  -0.00033  -0.00030
  4.9246  -0.00703  -0.00514  -0.00477  -0.00443  -0.00416  -0.00397  -0.00384  -0.00373  -0.00365  -0.00359
  -0.00357  -0.00354  -0.00352  -0.00353  -0.00353  -0.00354  -0.00357  -0.00359  -0.00363  -0.00365
  4.9749  -0.00455  -0.00150  -0.00071  -0.00037  -0.00015   0.00006   0.00023   0.00038   0.00050   0.00060
   0.00071   0.00080   0.00086   0.00094   0.00100   0.00105   0.00113   0.00116   0.00122   0.00127
  5.0251   0.02341   0.01763   0.01603   0.01480   0.01401   0.01375   0.01377   0.01387   0.01401   0.01420
   0.01457   0.01481   0.01506   0.01547   0.01574   0.01602   0.01645   0.01673   0.01716   0.01745
  5.0754   0.08347   0.05127   0.04229   0.03712   0.03391   0.03229   0.03156   0.03121   0.03109   0.03115
   0.03167   0.03199   0.03237   0.03308   0.03354   0.03405   0.03486   0.03540   0.03624   0.03677
  5.1256   0.13291   0.07333   0.05660   0.04773   0.04228   0.03918   0.03746   0.03641   0.03577   0.03547
   0.03577   0.03591   0.03617   0.03680   0.03721   0.03769   0.03848   0.03902   0.03986   0.04039
  5.1759   0.12022   0.06213   0.04567   0.03728   0.03201   0.02877   0.02680   0.02546   0.02465   0.02415
   0.02412   0.02403   0.02409   0.02438   0.02459   0.02482   0.02528   0.02556   0.02604   0.02636
  5.2261   0.06307   0.03436   0.02632   0.02221   0.01921   0.01720   0.01586   0.01489   0.01448   0.01417
   0.01411   0.01399   0.01400   0.01407   0.01422   0.01423   0.01446   0.01450   0.01467   0.01490
  5.2764   0.01928   0.01983   0.02088   0.02122   0.02060   0.02003   0.01959   0.01923   0.01940   0.01947
   0.01960   0.01960   0.01967   0.01972   0.01995   0.01988   0.02011   0.02006   0.02016   0.02043
  5.3266   0.01167   0.03131   0.03925   0.04260   0.04391   0.04468   0.04524   0.04572   0.04660   0.04725
   0.04782   0.04819   0.04849   0.04876   0.04921   0.04930   0.04970   0.04978   0.04992   0.05028
  5.3769   0.02889   0.06756   0.08252   0.08798   0.09112   0.09334   0.09525   0.09704   0.09906   0.10081
   0.10235   0.10353   0.10447   0.10539   0.10634   0.10698   0.10773   0.10827   0.10848   0.10903
  5.4271   0.04719   0.10070   0.12051   0.12677   0.13093   0.13413   0.13712   0.14001   0.14308   0.14587
   0.14838   0.15036   0.15198   0.15359   0.15504   0.15625   0.15735   0.15834   0.15860   0.15934
  5.4774   0.04441   0.09191   0.10874   0.11351   0.11691   0.11979   0.12266   0.12550   0.12848   0.13129
   0.13383   0.13588   0.13759   0.13932   0.14077   0.14210   0.14322   0.14429   0.14463   0.14537
  5.5276   0.02862   0.05668   0.06674   0.06953   0.07136   0.07317   0.07522   0.07739   0.07955   0.08188
   0.08395   0.08587   0.08748   0.08922   0.09049   0.09191   0.09308   0.09417   0.09490   0.09562
  5.5779   0.02689   0.04761   0.05785   0.06155   0.06283   0.06402   0.06550   0.06740   0.06915   0.07154
   0.07371   0.07610   0.07809   0.08036   0.08182   0.08378   0.08539   0.08681   0.08817   0.08900
  5.6281   0.03949   0.06841   0.08620   0.09311   0.09487   0.09570   0.09653   0.09810   0.09956   0.10194
   0.10429   0.10703   0.10928   0.11185   0.11345   0.11565   0.11750   0.11904   0.12061   0.12131
  5.6784   0.04504   0.08503   0.10907   0.11763   0.11945   0.11960   0.11937   0.11998   0.12075   0.12228
   0.12407   0.12616   0.12784   0.12967   0.13084   0.13234   0.13364   0.13457   0.13558   0.13576
  5.7286   0.04240   0.09904   0.12699   0.13489   0.13619   0.13587   0.13503   0.13496   0.13537   0.13609
   0.13714   0.13819   0.13904   0.13983   0.14034   0.14068   0.14101   0.14100   0.14117   0.14072
  5.7789   0.04204   0.12288   0.15626   0.16390   0.16523   0.16524   0.16483   0.16497   0.16580   0.16649
   0.16727   0.16776   0.16821   0.16847   0.16852   0.16803   0.16759   0.16688   0.16642   0.16550
  5.8291   0.03313   0.12163   0.15580   0.16334   0.16511   0.16573   0.16593   0.16637   0.16742   0.16818
   0.16876   0.16899   0.16926   0.16937   0.16919   0.16842   0.16771   0.16682   0.16616   0.16515
  5.8794   0.02502   0.09347   0.11814   0.12169   0.12127   0.12049   0.11975   0.11932   0.11944   0.11956
   0.11956   0.11944   0.11939   0.11926   0.11895   0.11818   0.11755   0.11679   0.11617   0.11535
  5.9296   0.09503   0.13911   0.15095   0.14325   0.13400   0.12710   0.12235   0.11958   0.11813   0.11746
   0.11709   0.11673   0.11640   0.11589   0.11534   0.11435   0.11351   0.11248   0.11148   0.11035
  5.9799   0.28237   0.30374   0.30424   0.28088   0.25838   0.24252   0.23251   0.22774   0.22584   0.22559
   0.22613   0.22623   0.22617   0.22554   0.22478   0.22337   0.22191   0.22002   0.21812   0.21590
  6.0302   0.45127   0.44406   0.43597   0.40417   0.37505   0.35504   0.34337   0.33916   0.33872   0.34017
   0.34262   0.34392   0.34471   0.34463   0.34418   0.34296   0.34129   0.33903   0.33677   0.33388
  6.0804   0.42867   0.41629   0.41111   0.38643   0.36372   0.34803   0.33944   0.33729   0.33819   0.34065
   0.34391   0.34590   0.34727   0.34793   0.34820   0.34790   0.34692   0.34548   0.34403   0.34187
  6.1307   0.25389   0.28052   0.29069   0.28036   0.26894   0.26022   0.25516   0.25360   0.25363   0.25486
   0.25660   0.25769   0.25846   0.25903   0.25950   0.25969   0.25941   0.25897   0.25855   0.25757
  6.1809   0.10678   0.17880   0.20187   0.19982   0.19428   0.18901   0.18494   0.18217   0.18010   0.17898
   0.17831   0.17763   0.17707   0.17676   0.17659   0.17641   0.17611   0.17594   0.17583   0.17540
  6.2312   0.06616   0.15255   0.17782   0.17670   0.17150   0.16654   0.16224   0.15844   0.15537   0.15287
   0.15104   0.14941   0.14820   0.14745   0.14677   0.14634   0.14595   0.14582   0.14579   0.14570
  6.2814   0.07549   0.15083   0.17244   0.17085   0.16540   0.16071   0.15692   0.15347   0.15110   0.14889
   0.14756   0.14632   0.14559   0.14532   0.14482   0.14483   0.14479   0.14501   0.14527   0.14569
  6.3317   0.06306   0.11557   0.13100   0.13016   0.12630   0.12322   0.12099   0.11900   0.11802   0.11698
   0.11666   0.11628   0.11632   0.11662   0.11656   0.11701   0.11731   0.11777   0.11817   0.11884
  6.3819   0.02268   0.04815   0.05594   0.05629   0.05504   0.05414   0.05361   0.05315   0.05319   0.05312
   0.05336   0.05350   0.05383   0.05422   0.05435   0.05478   0.05506   0.05540   0.05564   0.05609
  6.4322  -0.00013   0.00390   0.00537   0.00576   0.00580   0.00585   0.00596   0.00602   0.00617   0.00627
   0.00639   0.00648   0.00660   0.00670   0.00674   0.00682   0.00687   0.00692   0.00693   0.00701
  6.4824   0.03718   0.02416   0.01933   0.01659   0.01462   0.01297   0.01187   0.01087   0.01001   0.00931
   0.00866   0.00811   0.00761   0.00717   0.00682   0.00636   0.00605   0.00574   0.00550   0.00520
  6.5327   0.13103   0.09628   0.08135   0.07181   0.06477   0.05915   0.05539   0.05220   0.04957   0.04756
   0.04586   0.04433   0.04308   0.04198   0.04110   0.04003   0.03933   0.03870   0.03819   0.03751
  6.5829   0.21942   0.16685   0.14280   0.12680   0.11487   0.10566   0.09958   0.09484   0.09111   0.08851
   0.08657   0.08470   0.08333   0.08211   0.08114   0.08005   0.07941   0.07891   0.07850   0.07775
  6.6332   0.23707   0.19594   0.17699   0.16123   0.14854   0.13888   0.13268   0.12857   0.12562   0.12408
   0.12351   0.12278   0.12242   0.12217   0.12197   0.12196   0.12218   0.12257   0.12290   0.12270
  6.6834   0.18887   0.19350   0.19681   0.18931   0.18101   0.17441   0.17050   0.16877   0.16806   0.16846
   0.16998   0.17121   0.17227   0.17356   0.17456   0.17597   0.17733   0.17883   0.18010   0.18072
  6.7337   0.14358   0.18839   0.21115   0.21213   0.20933   0.20656   0.20539   0.20562   0.20679   0.20833
   0.21081   0.21308   0.21476   0.21690   0.21851   0.22040   0.22220   0.22415   0.22575   0.22678
  6.7839   0.15731   0.19084   0.20797   0.20783   0.20538   0.20316   0.20219   0.20194   0.20283   0.20365
   0.20508   0.20653   0.20753   0.20911   0.21020   0.21129   0.21243   0.21385   0.21492   0.21559
  6.8342   0.21132   0.19578   0.18895   0.17947   0.17188   0.16637   0.16267   0.15991   0.15848   0.15726
   0.15652   0.15603   0.15563   0.15564   0.15547   0.15519   0.15508   0.15542   0.15546   0.15532
  6.8844   0.24745   0.20689   0.18502   0.16847   0.15592   0.14646   0.13953   0.13420   0.13003   0.12673
   0.12407   0.12192   0.12014   0.11862   0.11726   0.11576   0.11455   0.11401   0.11299   0.11208
  6.9347   0.25887   0.24187   0.22231   0.20347   0.18725   0.17371   0.16313   0.15486   0.14777   0.14221
   0.13779   0.13424   0.13114   0.12844   0.12626   0.12382   0.12187   0.12088   0.11907   0.11766
  6.9849   0.27393   0.29074   0.27638   0.25475   0.23347   0.21452   0.19883   0.18621   0.17556   0.16706
   0.16045   0.15517   0.15070   0.14694   0.14409   0.14102   0.13856   0.13725   0.13513   0.13343
  7.0352   0.28471   0.30636   0.29297   0.26986   0.24591   0.22417   0.20552   0.19031   0.17788   0.16774
   0.15989   0.15368   0.14864   0.14450   0.14142   0.13843   0.13595   0.13446   0.13252   0.13085
  7.0854   0.27982   0.27754   0.26545   0.24760   0.22863   0.21114   0.19599   0.18374   0.17406   0.16593
   0.15958   0.15483   0.15096   0.14785   0.14552   0.14358   0.14189   0.14073   0.13941   0.13823
  7.1357   0.26090   0.23440   0.22647   0.21836   0.20917   0.20039   0.19316   0.18781   0.18403   0.18060
   0.17795   0.17641   0.17504   0.17405   0.17330   0.17295   0.17252   0.17230   0.17180   0.17144
  7.1859   0.20171   0.17752   0.17668   0.17712   0.17625   0.17510   0.17498   0.17585   0.17740   0.17845
   0.17954   0.18097   0.18205   0.18313   0.18397   0.18499   0.18560   0.18637   0.18663   0.18698
  7.2362   0.11126   0.11117   0.11825   0.12259   0.12520   0.12759   0.13067   0.13432   0.13829   0.14177
   0.14502   0.14805   0.15057   0.15296   0.15483   0.15664   0.15781   0.15915   0.15987   0.16063
  7.2864   0.07616   0.08955   0.09833   0.10003   0.10051   0.10216   0.10452   0.10794   0.11183   0.11587
   0.11989   0.12353   0.12673   0.12983   0.13250   0.13481   0.13647   0.13822   0.13915   0.14019
  7.3367   0.13536   0.13121   0.13080   0.12478   0.11966   0.11809   0.11782   0.11979   0.12258   0.12619
   0.13027   0.13395   0.13739   0.14077   0.14409   0.14673   0.14885   0.15104   0.15201   0.15328
  7.3869   0.19557   0.16363   0.15142   0.13963   0.13073   0.12655   0.12413   0.12457   0.12597   0.12832
   0.13155   0.13441   0.13725   0.14004   0.14314   0.14549   0.14754   0.14972   0.15054   0.15171
  7.4372   0.16346   0.12889   0.11550   0.10573   0.09853   0.09472   0.09231   0.09199   0.09246   0.09337
   0.09510   0.09666   0.09824   0.09974   0.10170   0.10315   0.10446   0.10588   0.10645   0.10711
  7.4874   0.08507   0.07448   0.07010   0.06644   0.06330   0.06153   0.06062   0.06045   0.06087   0.06118
   0.06187   0.06253   0.06318   0.06360   0.06439   0.06499   0.06534   0.06583   0.06611   0.06606
  7.5377   0.04994   0.06484   0.06952   0.06910   0.06736   0.06627   0.06609   0.06591   0.06643   0.06691
   0.06737   0.06780   0.06824   0.06838   0.06868   0.06899   0.06873   0.06887   0.06887   0.06836
  7.5879   0.05751   0.08412   0.09315   0.09289   0.09045   0.08872   0.08818   0.08770   0.08815   0.08907
   0.08990   0.09068   0.09147   0.09217   0.09286   0.09356   0.09345   0.09403   0.09417   0.09391
  7.6382   0.06486   0.09142   0.10153   0.10155   0.09948   0.09780   0.09725   0.09709   0.09803   0.09954
   0.10117   0.10298   0.10437   0.10613   0.10781   0.10927   0.10999   0.11135   0.11219   0.11274
  7.6884   0.06224   0.08760   0.09837   0.09940   0.09889   0.09826   0.09858   0.09952   0.10162   0.10379
   0.10636   0.10946   0.11144   0.11407   0.11670   0.11872   0.12023   0.12203   0.12359   0.12474
  7.7387   0.05796   0.08731   0.10044   0.10268   0.10343   0.10409   0.10567   0.10800   0.11133   0.11430
   0.11778   0.12185   0.12441   0.12741   0.13053   0.13274   0.13465   0.13637   0.13813   0.13931
  7.7889   0.05422   0.08727   0.10347   0.10700   0.10823   0.10984   0.11248   0.11598   0.12010   0.12396
   0.12819   0.13273   0.13582   0.13890   0.14214   0.14442   0.14642   0.14789   0.14953   0.15049
  7.8392   0.05044   0.07728   0.09261   0.09627   0.09718   0.09891   0.10171   0.10538   0.10938   0.11341
   0.11751   0.12165   0.12458   0.12729   0.13003   0.13215   0.13373   0.13484   0.13617   0.13677
  7.8894   0.05406   0.06202   0.06977   0.07115   0.07093   0.07188   0.07389   0.07662   0.07970   0.08288
   0.08579   0.08862   0.09055   0.09233   0.09385   0.09533   0.09593   0.09648   0.09722   0.09725
  7.9397   0.08311   0.06477   0.06158   0.05893   0.05693   0.05649   0.05728   0.05879   0.06085   0.06310
   0.06483   0.06654   0.06762   0.06863   0.06918   0.07016   0.07003   0.07027   0.07059   0.07027
  7.9899   0.15096   0.10207   0.08801   0.08033   0.07556   0.07269   0.07159   0.07169   0.07259   0.07424
   0.07537   0.07677   0.07777   0.07872   0.07931   0.08041   0.08063   0.08114   0.08164   0.08167
  8.0402   0.23428   0.15747   0.13438   0.12147   0.11292   0.10654   0.10257   0.10064   0.09975   0.10048
   0.10093   0.10218   0.10318   0.10421   0.10524   0.10653   0.10757   0.10852   0.10935   0.11005
  8.0905   0.26655   0.18915   0.16592   0.15108   0.13971   0.13045   0.12371   0.11957   0.11670   0.11599
   0.11525   0.11593   0.11623   0.11688   0.11775   0.11866   0.11983   0.12067   0.12133   0.12218
  8.1407   0.21383   0.17424   0.16416   0.15341   0.14256   0.13318   0.12555   0.12040   0.11657   0.11483
   0.11319   0.11333   0.11286   0.11308   0.11348   0.11390   0.11469   0.11513   0.11549   0.11615
  8.1910   0.12353   0.12882   0.13533   0.13173   0.12480   0.11850   0.11289   0.10915   0.10647   0.10546
   0.10455   0.10516   0.10530   0.10609   0.10687   0.10779   0.10892   0.10970   0.11058   0.11165
  8.2412   0.05687   0.08154   0.09569   0.09727   0.09505   0.09310   0.09145   0.09093   0.09124   0.09277
   0.09426   0.09645   0.09869   0.10118   0.10338   0.10584   0.10828   0.11025   0.11249   0.11470
  8.2915   0.02856   0.05058   0.06301   0.06595   0.06645   0.06734   0.06884   0.07103   0.07408   0.07801
   0.08167   0.08532   0.08935   0.09327   0.09666   0.10030   0.10376   0.10666   0.10981   0.11279
  8.3417   0.02261   0.04092   0.05013   0.05229   0.05319   0.05459   0.05698   0.05999   0.06382   0.06822
   0.07231   0.07616   0.08025   0.08413   0.08742   0.09079   0.09397   0.09659   0.09927   0.10176
  8.3920   0.02878   0.05107   0.06052   0.06192   0.06233   0.06320   0.06507   0.06771   0.07080   0.07415
   0.07752   0.08062   0.08362   0.08640   0.08876   0.09098   0.09303   0.09459   0.09604   0.09727
  8.4422   0.04282   0.06649   0.07646   0.07742   0.07730   0.07750   0.07839   0.08014   0.08194   0.08380
   0.08605   0.08805   0.08977   0.09127   0.09261   0.09372   0.09473   0.09527   0.09572   0.09592
  8.4925   0.05001   0.06395   0.07059   0.07097   0.07052   0.07022   0.07021   0.07081   0.07134   0.07181
   0.07282   0.07361   0.07418   0.07457   0.07505   0.07533   0.07566   0.07556   0.07552   0.07529
  8.5427   0.04107   0.04490   0.04758   0.04799   0.04830   0.04865   0.04924   0.04996   0.05082   0.05144
   0.05241   0.05308   0.05366   0.05396   0.05444   0.05463   0.05489   0.05484   0.05485   0.05468
  8.5930   0.02720   0.03188   0.03459   0.03640   0.03895   0.04158   0.04501   0.04820   0.05196   0.05510
   0.05825   0.06081   0.06324   0.06496   0.06680   0.06793   0.06895   0.06973   0.07028   0.07047
  8.6432   0.01848   0.02852   0.03319   0.03640   0.04086   0.04556   0.05157   0.05726   0.06378   0.06944
   0.07481   0.07938   0.08366   0.08684   0.09004   0.09215   0.09401   0.09558   0.09664   0.09714
  8.6935   0.01195   0.02274   0.02753   0.03036   0.03423   0.03845   0.04385   0.04904   0.05489   0.06006
   0.06492   0.06909   0.07297   0.07590   0.07881   0.08076   0.08252   0.08400   0.08498   0.08550
  8.7437   0.00694   0.01813   0.02281   0.02400   0.02545   0.02729   0.02986   0.03236   0.03512   0.03771
   0.04013   0.04215   0.04412   0.04567   0.04719   0.04829   0.04923   0.05012   0.05066   0.05112
  8.7940   0.00738   0.02510   0.03234   0.03259   0.03213   0.03206   0.03249   0.03294   0.03342   0.03418
   0.03493   0.03542   0.03614   0.03679   0.03747   0.03808   0.03841   0.03901   0.03930   0.03980
  8.8442   0.01198   0.03670   0.04709   0.04769   0.04678   0.04604   0.04570   0.04546   0.04528   0.04562
   0.04597   0.04618   0.04670   0.04718   0.04785   0.04839   0.04857   0.04914   0.04946   0.04990
  8.8945   0.01547   0.03827   0.04823   0.04929   0.04864   0.04784   0.04721   0.04681   0.04653   0.04684
   0.04707   0.04738   0.04788   0.04827   0.04904   0.04946   0.04957   0.05002   0.05039   0.05058
  8.9447   0.01396   0.02670   0.03252   0.03327   0.03283   0.03217   0.03145   0.03103   0.03072   0.03088
   0.03086   0.03111   0.03140   0.03157   0.03216   0.03235   0.03238   0.03257   0.03290   0.03286
  8.9950   0.00822   0.01106   0.01254   0.01263   0.01228   0.01184   0.01133   0.01101   0.01076   0.01074
   0.01059   0.01065   0.01071   0.01072   0.01097   0.01099   0.01096   0.01098   0.01115   0.01107
  9.0452   0.00365   0.00156   0.00089   0.00055   0.00023  -0.00009  -0.00038  -0.00062  -0.00082  -0.00095
  -0.00110  -0.00116  -0.00124  -0.00129  -0.00129  -0.00133  -0.00137  -0.00141  -0.00140  -0.00144
  9.0955   0.00382   0.00131   0.00049   0.00004  -0.00032  -0.00062  -0.00079  -0.00098  -0.00112  -0.00124
  -0.00132  -0.00139  -0.00147  -0.00149  -0.00154  -0.00156  -0.00157  -0.00159  -0.00161  -0.00162
  9.1457   0.00732   0.00854   0.00901   0.00875   0.00854   0.00854   0.00869   0.00890   0.00908   0.00929
   0.00948   0.00958   0.00967   0.00982   0.00996   0.01003   0.01018   0.01026   0.01040   0.01048
  9.1960   0.01123   0.01894   0.02145   0.02161   0.02182   0.02251   0.02329   0.02430   0.02511   0.02594
   0.02658   0.02700   0.02741   0.02786   0.02830   0.02852   0.02897   0.02920   0.02964   0.02987
  9.2462   0.01201   0.02293   0.02624   0.02659   0.02706   0.02820   0.02937   0.03085   0.03204   0.03323
   0.03413   0.03472   0.03532   0.03593   0.03654   0.03685   0.03747   0.03778   0.03840   0.03872
  9.2965   0.00743   0.01413   0.01578   0.01579   0.01607   0.01690   0.01774   0.01884   0.01970   0.02058
   0.02122   0.02165   0.02211   0.02254   0.02300   0.02323   0.02370   0.02394   0.02441   0.02467
  9.3467   0.00096   0.00267   0.00310   0.00308   0.00320   0.00350   0.00373   0.00408   0.00435   0.00464
   0.00485   0.00499   0.00517   0.00531   0.00546   0.00554   0.00569   0.00575   0.00590   0.00598
  9.3970   0.00034   0.00946   0.01492   0.01693   0.01788   0.01835   0.01855   0.01872   0.01890   0.01905
   0.01921   0.01934   0.01937   0.01945   0.01941   0.01939   0.01930   0.01922   0.01907   0.01894
  9.4472   0.01158   0.04532   0.06378   0.07028   0.07309   0.07449   0.07549   0.07621   0.07696   0.07752
   0.07811   0.07851   0.07852   0.07881   0.07875   0.07872   0.07853   0.07837   0.07805   0.07769
  9.4975   0.03015   0.08995   0.12092   0.13118   0.13511   0.13697   0.13867   0.13979   0.14097   0.14180
   0.14268   0.14324   0.14308   0.14352   0.14343   0.14339   0.14319   0.14299   0.14263   0.14210
  9.5477   0.03872   0.10084   0.13180   0.14119   0.14403   0.14498   0.14620   0.14680   0.14752   0.14795
   0.14849   0.14873   0.14828   0.14855   0.14832   0.14820   0.14799   0.14778   0.14748   0.14698
  9.5980   0.02754   0.06537   0.08361   0.08842   0.08914   0.08886   0.08899   0.08875   0.08867   0.08847
   0.08842   0.08826   0.08771   0.08768   0.08736   0.08719   0.08700   0.08681   0.08660   0.08630
  9.6482   0.00882   0.01936   0.02418   0.02503   0.02466   0.02409   0.02373   0.02328   0.02292   0.02257
   0.02230   0.02204   0.02169   0.02154   0.02130   0.02116   0.02102   0.02089   0.02077   0.02065
  9.6985  -0.00258  -0.00457  -0.00570  -0.00618  -0.00650  -0.00669  -0.00688  -0.00707  -0.00727  -0.00745
  -0.00764  -0.00782  -0.00796  -0.00812  -0.00825  -0.00837  -0.00847  -0.00857  -0.00865  -0.00872
  9.7487  -0.00528  -0.00801  -0.00935  -0.00951  -0.00940  -0.00928  -0.00922  -0.00924  -0.00928  -0.00937
  -0.00947  -0.00956  -0.00962  -0.00973  -0.00980  -0.00988  -0.00995  -0.00999  -0.01003  -0.01005
  9.7990   0.00003  -0.00049  -0.00049  -0.00006   0.00043   0.00059   0.00067   0.00064   0.00070   0.00067
   0.00075   0.00092   0.00113   0.00129   0.00147   0.00167   0.00187   0.00211   0.00237   0.00263
  9.8492   0.02089   0.02148   0.02248   0.02263   0.02288   0.02247   0.02218   0.02213   0.02242   0.02282
   0.02353   0.02448   0.02544   0.02645   0.02743   0.02840   0.02935   0.03029   0.03124   0.03215
  9.8995   0.05952   0.06098   0.06313   0.06174   0.06060   0.05887   0.05779   0.05795   0.05878   0.06029
   0.06233   0.06470   0.06703   0.06962   0.07202   0.07433   0.07654   0.07853   0.08042   0.08220
  9.9497   0.09327   0.09905   0.10433   0.10188   0.09925   0.09632   0.09458   0.09518   0.09673   0.09964
   0.10321   0.10718   0.11097   0.11527   0.11922   0.12289   0.12646   0.12942   0.13210   0.13468
 10.0000   0.09370   0.10737   0.11706   0.11595   0.11344   0.11061   0.10896   0.10971   0.11159   0.11497
   0.11899   0.12360   0.12793   0.13277   0.13740   0.14157   0.14578   0.14910   0.15197   0.15496
