# E(THz)     0.001     0.002     0.003     0.004     0.005     0.006     0.007     0.008     0.009     0.010
     0.011     0.012     0.013     0.014     0.015     0.016     0.017     0.018     0.019     0.020
  0.0000  -0.00000  -0.00000  -0.00000  -0.00000  -0.00000  -0.00000  -0.00000  -0.00000  -0.00000  -0.00000
  -0.00000  -0.00000  -0.00000  -0.00000  -0.00000  -0.00000  -0.00000  -0.00000  -0.00000  -0.00000
  0.0905  -0.00000  -0.00000  -0.00000  -0.00000  -0.00000  -0.00000  -0.00000  -0.00000  -0.00000  -0.00000
  -0.00000  -0.00000  -0.00000  -0.00000  -0.00000  -0.00000  -0.00000  -0.00000  -0.00000  -0.00000
  0.1809  -0.00000  -0.00000  -0.00000  -0.00000  -0.00000  -0.00000  -0.00000  -0.00000  -0.00000  -0.00000
  -0.00000  -0.00000  -0.00000  -0.00000  -0.00000  -0.00000  -0.00000  -0.00000  -0.00000  -0.00000
  0.2714  -0.00000  -0.00000  -0.00000  -0.00000  -0.00000  -0.00000  -0.00000  -0.00000  -0.00000  -0.00000
  -0.00000  -0.00000  -0.00000  -0.00000  -0.00000  -0.00000  -0.00000  -0.00000  -0.00000  -0.00000
  0.3618  -0.00000  -0.00000  -0.00000  -0.00000  -0.00000  -0.00000  -0.00000  -0.00000  -0.00000  -0.00000
  -0.00000  -0.00000  -0.00000  -0.00000  -0.00000  -0.00000  -0.00000  -0.00000  -0.00000  -0.00000
  0.4523  -0.00000  -0.00000  -0.00000  -0.00000  -0.00000  -0.00000  -0.00000  -0.00000  -0.00000  -0.00000
  -0.00000  -0.00000  -0.00000  -0.00000  -0.00000  -0.00000  -0.00000  -0.00000  -0.00000  -0.00000
  0.5427  -0.00000  -0.00000  -0.00000  -0.00000  -0.00000  -0.00000  -0.00000  -0.00000  -0.00000  -0.00000
  -0.00000  -0.00000  -0.00000  -0.00000  -0.00000  -0.00000  -0.00000  -0.00000  -0.00000  -0.00000
  0.6332  -0.00000  -0.00000  -0.00000  -0.00000  -0.00000  -0.00000  -0.00000  -0.00000  -0.00000  -0.00000
  -0.00000  -0.00000  -0.00000  -0.00000  -0.00000  -0.00000  -0.00000  -0.00000  -0.00000  -0.00000
  0.7236  -0.00000  -0.00000  -0.00000  -0.00000  -0.00000  -0.00000  -0.00000  -0.00000  -0.00000  -0.00000
  -0.00000  -0.00000  -0.00000  -0.00000  -0.00000  -0.00000  -0.00000  -0.00000  -0.00000  -0.00000
  0.8141  -0.00028  -0.00038  -0.00041  -0.00041  -0.00041  -0.00042  -0.00042  -0.00042  -0.00041  -0.00041
  -0.00040  -0.00039  -0.00038  -0.00037  -0.00035  -0.00034  -0.00033  -0.00032  -0.00031  -0.00030
  0.9045  -0.00903  -0.01221  -0.01310  -0.01322  -0.01331  -0.01340  -0.01346  -0.01343  -0.01331  -0.01310
  -0.01282  -0.01250  -0.01215  -0.01178  -0.01140  -0.01101  -0.01064  -0.01027  -0.00991  -0.00957
  0.9950  -0.05161  -0.06958  -0.07458  -0.07528  -0.07573  -0.07625  -0.07657  -0.07642  -0.07571  -0.07452
  -0.07295  -0.07111  -0.06909  -0.06698  -0.06481  -0.06264  -0.06049  -0.05839  -0.05636  -0.05441
  1.0854   0.20298   0.28217   0.30479   0.30889   0.31184   0.31491   0.31695   0.31688   0.31436   0.30968
   0.30335   0.29583   0.28756   0.27882   0.26985   0.26084   0.25193   0.24321   0.23477   0.22667
  1.1759   0.72512   1.10285   1.21773   1.24783   1.27183   1.29465   1.31120   1.31701   1.31093   1.29452
   1.27028   1.24042   1.20689   1.17105   1.13407   1.09669   1.05960   1.02323   0.98797   0.95406
  1.2663   0.27262   0.48807   0.55616   0.57768   0.59566   0.61243   0.62525   0.63190   0.63192   0.62623
   0.61620   0.60301   0.58773   0.57109   0.55371   0.53599   0.51830   0.50088   0.48392   0.46757
  1.3568   4.27733   3.12762   2.59861   2.22469   1.88727   1.60095   1.37116   1.19219   1.05461   0.94829
   0.86492   0.79792   0.74282   0.69631   0.65628   0.62117   0.58990   0.56182   0.53632   0.51305
  1.4472   7.86342   5.75446   4.82765   4.19202   3.61450   3.11786   2.71287   2.39098   2.13723   1.93554
   1.77279   1.63853   1.52553   1.42849   1.34384   1.26894   1.20190   1.14155   1.08676   1.03684
  1.5377   3.40034   2.45539   2.10221   1.89054   1.69268   1.51289   1.35729   1.22503   1.11288   1.01703
   0.93449   0.86271   0.79975   0.74415   0.69472   0.65056   0.61092   0.57525   0.54306   0.51394
  1.6281   0.16803   0.10725   0.09629   0.09676   0.09544   0.09162   0.08588   0.07887   0.07123   0.06358
   0.05632   0.04969   0.04380   0.03860   0.03405   0.03009   0.02670   0.02371   0.02115   0.01891
  1.7186   0.09048   0.11467   0.11034   0.10376   0.10108   0.10109   0.10243   0.10409   0.10542   0.10619
   0.10636   0.10612   0.10558   0.10482   0.10388   0.10286   0.10184   0.10072   0.09961   0.09847
  1.8090   2.28809   2.12839   1.93078   1.77761   1.65739   1.56273   1.48995   1.43256   1.38395   1.33940
   1.29650   1.25485   1.21423   1.17506   1.13738   1.10148   1.06737   1.03514   1.00472   0.97603
  1.8995   3.87411   3.21820   2.82098   2.56037   2.35737   2.19367   2.06512   1.96337   1.87864   1.80366
   1.73422   1.66869   1.60649   1.54744   1.49146   1.43867   1.38876   1.34197   1.29797   1.25669
  1.9899   3.16174   2.04798   1.62372   1.42773   1.29661   1.19481   1.11420   1.04902   0.99365   0.94444
   0.89929   0.85712   0.81771   0.78077   0.74614   0.71379   0.68343   0.65524   0.62888   0.60433
  2.0804   0.85309   0.48536   0.34716   0.28656   0.24882   0.22111   0.19933   0.18159   0.16672   0.15408
   0.14325   0.13379   0.12542   0.11799   0.11126   0.10515   0.09949   0.09435   0.08953   0.08509
  2.1709  -0.06423  -0.01021   0.00769   0.01228   0.01431   0.01608   0.01835   0.02140   0.02514   0.02915
   0.03302   0.03646   0.03932   0.04159   0.04331   0.04455   0.04535   0.04582   0.04599   0.04593
  2.2613   0.05463   0.13160   0.14987   0.15279   0.15257   0.15224   0.15370   0.15746   0.16305   0.16934
   0.17512   0.17996   0.18359   0.18593   0.18720   0.18758   0.18711   0.18605   0.18449   0.18251
  2.3518   0.08993   0.11103   0.10501   0.09792   0.09148   0.08625   0.08265   0.08063   0.07994   0.08013
   0.08062   0.08128   0.08189   0.08229   0.08255   0.08269   0.08257   0.08232   0.08193   0.08138
  2.4422   0.03643   0.02249   0.01651   0.01388   0.01219   0.01094   0.00992   0.00903   0.00819   0.00739
   0.00671   0.00616   0.00576   0.00551   0.00541   0.00539   0.00545   0.00560   0.00576   0.00595
  2.5327   0.11833   0.07554   0.06121   0.05566   0.05249   0.05036   0.04888   0.04784   0.04691   0.04589
   0.04499   0.04412   0.04340   0.04292   0.04267   0.04250   0.04250   0.04266   0.04282   0.04299
  2.6231   0.12186   0.09791   0.07964   0.06958   0.06256   0.05723   0.05303   0.04969   0.04696   0.04466
   0.04270   0.04104   0.03961   0.03844   0.03750   0.03668   0.03597   0.03541   0.03493   0.03444
  2.7136   0.13690   0.13015   0.10544   0.08938   0.07748   0.06817   0.06060   0.05442   0.04937   0.04539
   0.04202   0.03925   0.03684   0.03477   0.03294   0.03129   0.02972   0.02832   0.02709   0.02586
  2.8040   0.03276   0.03288   0.02635   0.02202   0.01887   0.01645   0.01449   0.01289   0.01161   0.01061
   0.00978   0.00911   0.00853   0.00803   0.00760   0.00721   0.00683   0.00649   0.00619   0.00590
  2.8945   0.03924   0.02646   0.02369   0.02239   0.02089   0.01939   0.01802   0.01680   0.01569   0.01466
   0.01371   0.01287   0.01209   0.01136   0.01072   0.01012   0.00958   0.00911   0.00866   0.00825
  2.9849   0.10884   0.07918   0.07070   0.06638   0.06168   0.05701   0.05266   0.04874   0.04517   0.04190
   0.03890   0.03628   0.03386   0.03164   0.02971   0.02790   0.02627   0.02485   0.02353   0.02231
  3.0754   0.07483   0.05114   0.04228   0.03732   0.03339   0.03029   0.02795   0.02620   0.02483   0.02369
   0.02269   0.02182   0.02100   0.02023   0.01956   0.01889   0.01830   0.01776   0.01724   0.01675
  3.1658   0.40403   0.25402   0.19155   0.15510   0.13070   0.11475   0.10557   0.10102   0.09913   0.09867
   0.09857   0.09864   0.09853   0.09825   0.09795   0.09730   0.09682   0.09617   0.09532   0.09447
  3.2563   0.37460   0.23283   0.17539   0.14189   0.11941   0.10465   0.09605   0.09167   0.08970   0.08904
   0.08876   0.08867   0.08845   0.08807   0.08771   0.08705   0.08654   0.08590   0.08506   0.08425
  3.3467   0.00567   0.00261   0.00233   0.00234   0.00248   0.00269   0.00287   0.00302   0.00309   0.00312
   0.00311   0.00309   0.00304   0.00299   0.00294   0.00289   0.00286   0.00284   0.00280   0.00279
  3.4372  -0.00351   0.01128   0.01899   0.02329   0.02568   0.02693   0.02736   0.02721   0.02666   0.02591
   0.02500   0.02410   0.02313   0.02227   0.02142   0.02069   0.02005   0.01952   0.01911   0.01880
  3.5276   0.21361   0.16805   0.14793   0.13266   0.11837   0.10610   0.09657   0.08921   0.08373   0.07957
   0.07617   0.07332   0.07076   0.06846   0.06616   0.06432   0.06236   0.06067   0.05925   0.05791
  3.6181   0.21342   0.15841   0.13293   0.11449   0.09829   0.08487   0.07481   0.06736   0.06214   0.05841
   0.05561   0.05338   0.05151   0.04983   0.04815   0.04684   0.04534   0.04404   0.04292   0.04180
  3.7085   0.00564   0.00492   0.00422   0.00342   0.00255   0.00190   0.00145   0.00122   0.00113   0.00112
   0.00116   0.00123   0.00137   0.00145   0.00153   0.00162   0.00175   0.00183   0.00190   0.00197
  3.7990   0.00124   0.00137   0.00176   0.00231   0.00270   0.00309   0.00331   0.00351   0.00358   0.00361
   0.00360   0.00360   0.00370   0.00371   0.00371   0.00372   0.00386   0.00388   0.00392   0.00396
  3.8894   0.14049   0.09310   0.07840   0.07311   0.07005   0.06757   0.06518   0.06301   0.06080   0.05871
   0.05669   0.05485   0.05324   0.05168   0.05015   0.04880   0.04763   0.04643   0.04529   0.04441
  3.9799   0.13968   0.10479   0.09650   0.09277   0.09031   0.08854   0.08727   0.08673   0.08641   0.08626
   0.08635   0.08631   0.08666   0.08669   0.08678   0.08684   0.08705   0.08707   0.08694   0.08716
  4.0704   0.02341   0.03724   0.04358   0.04402   0.04367   0.04370   0.04454   0.04608   0.04797   0.04984
   0.05187   0.05345   0.05513   0.05639   0.05752   0.05844   0.05938   0.06003   0.06058   0.06114
  4.1608   0.07526   0.08060   0.08138   0.07860   0.07619   0.07486   0.07501   0.07577   0.07685   0.07749
   0.07801   0.07794   0.07758   0.07695   0.07601   0.07494   0.07370   0.07247   0.07139   0.07015
  4.2513   0.12778   0.13551   0.13690   0.13210   0.12714   0.12345   0.12136   0.12008   0.11965   0.11901
   0.11842   0.11797   0.11697   0.11606   0.11491   0.11366   0.11211   0.11087   0.10975   0.10832
  4.3417   0.06073   0.08378   0.09203   0.09057   0.08716   0.08395   0.08149   0.07963   0.07866   0.07790
   0.07739   0.07747   0.07716   0.07704   0.07688   0.07656   0.07617   0.07588   0.07563   0.07498
  4.4322   0.04236   0.04984   0.05145   0.05051   0.04917   0.04783   0.04676   0.04578   0.04492   0.04418
   0.04355   0.04294   0.04253   0.04204   0.04179   0.04126   0.04089   0.04061   0.04031   0.03984
  4.5226   0.02591   0.03306   0.03589   0.03638   0.03659   0.03653   0.03638   0.03608   0.03565   0.03512
   0.03454   0.03389   0.03339   0.03276   0.03234   0.03177   0.03124   0.03081   0.03038   0.02991
  4.6131   0.01032   0.02088   0.02719   0.02915   0.03009   0.03034   0.03026   0.03016   0.03003   0.02978
   0.02956   0.02934   0.02921   0.02892   0.02868   0.02864   0.02845   0.02830   0.02815   0.02802
  4.7035   0.01946   0.03643   0.04514   0.04692   0.04667   0.04562   0.04445   0.04320   0.04204   0.04098
   0.04008   0.03909   0.03850   0.03793   0.03742   0.03714   0.03679   0.03668   0.03657   0.03637
  4.7940   0.00831   0.01676   0.02056   0.02132   0.02111   0.02066   0.02022   0.01964   0.01920   0.01884
   0.01854   0.01808   0.01791   0.01789   0.01779   0.01774   0.01770   0.01787   0.01804   0.01807
  4.8844  -0.00378  -0.00285  -0.00270  -0.00250  -0.00234  -0.00220  -0.00209  -0.00202  -0.00193  -0.00185
  -0.00180  -0.00177  -0.00173  -0.00167  -0.00163  -0.00161  -0.00160  -0.00155  -0.00152  -0.00150
  4.9749  -0.00455  -0.00150  -0.00071  -0.00037  -0.00015   0.00006   0.00023   0.00038   0.00050   0.00060
   0.00071   0.00080   0.00086   0.00094   0.00100   0.00105   0.00113   0.00116   0.00122   0.00127
  5.0653   0.07023   0.04436   0.03716   0.03290   0.03025   0.02895   0.02842   0.02820   0.02815   0.02827
   0.02878   0.02911   0.02948   0.03015   0.03059   0.03107   0.03182   0.03232   0.03311   0.03360
  5.1558   0.13348   0.07036   0.05254   0.04335   0.03767   0.03428   0.03228   0.03097   0.03015   0.02968
   0.02976   0.02975   0.02988   0.03031   0.03060   0.03094   0.03153   0.03193   0.03257   0.03298
  5.2462   0.04153   0.02585   0.02173   0.01955   0.01757   0.01615   0.01517   0.01443   0.01425   0.01409
   0.01408   0.01399   0.01402   0.01407   0.01424   0.01419   0.01440   0.01439   0.01451   0.01475
  5.3367   0.01375   0.03695   0.04624   0.05006   0.05176   0.05280   0.05361   0.05432   0.05539   0.05622
   0.05694   0.05744   0.05783   0.05820   0.05872   0.05890   0.05935   0.05950   0.05965   0.06004
  5.4271   0.04719   0.10070   0.12051   0.12677   0.13093   0.13413   0.13712   0.14001   0.14308   0.14587
   0.14838   0.15036   0.15198   0.15359   0.15504   0.15625   0.15735   0.15834   0.15860   0.15934
  5.5176   0.03137   0.06305   0.07420   0.07724   0.07934   0.08135   0.08356   0.08584   0.08816   0.09056
   0.09270   0.09460   0.09620   0.09790   0.09919   0.10055   0.10168   0.10274   0.10336   0.10407
  5.6080   0.03417   0.05888   0.07333   0.07892   0.08046   0.08146   0.08261   0.08439   0.08601   0.08849
   0.09083   0.09353   0.09577   0.09832   0.09993   0.10213   0.10397   0.10554   0.10712   0.10793
  5.6985   0.04413   0.08949   0.11505   0.12348   0.12510   0.12500   0.12440   0.12464   0.12517   0.12630
   0.12775   0.12941   0.13073   0.13212   0.13302   0.13405   0.13497   0.13553   0.13621   0.13613
  5.7889   0.04149   0.12612   0.16038   0.16809   0.16952   0.16968   0.16942   0.16966   0.17059   0.17133
   0.17209   0.17252   0.17293   0.17315   0.17313   0.17255   0.17201   0.17123   0.17069   0.16971
  5.8794   0.02502   0.09347   0.11814   0.12169   0.12127   0.12049   0.11975   0.11932   0.11944   0.11956
   0.11956   0.11944   0.11939   0.11926   0.11895   0.11818   0.11755   0.11679   0.11617   0.11535
  5.9698   0.23960   0.26612   0.26881   0.24846   0.22849   0.21430   0.20521   0.20068   0.19870   0.19823
   0.19846   0.19840   0.19822   0.19757   0.19683   0.19548   0.19414   0.19244   0.19072   0.18873
  6.0603   0.46401   0.44827   0.44002   0.41080   0.38422   0.36601   0.35583   0.35289   0.35346   0.35575
   0.35896   0.36083   0.36208   0.36249   0.36247   0.36178   0.36045   0.35857   0.35669   0.35410
  6.1508   0.18339   0.23046   0.24695   0.24105   0.23287   0.22608   0.22172   0.21979   0.21898   0.21928
   0.22002   0.22041   0.22066   0.22091   0.22118   0.22130   0.22108   0.22084   0.22062   0.21994
  6.2412   0.06691   0.15253   0.17734   0.17607   0.17074   0.16575   0.16146   0.15761   0.15456   0.15200
   0.15016   0.14851   0.14733   0.14662   0.14592   0.14553   0.14518   0.14511   0.14512   0.14512
  6.3317   0.06306   0.11557   0.13100   0.13016   0.12630   0.12322   0.12099   0.11900   0.11802   0.11698
   0.11666   0.11628   0.11632   0.11662   0.11656   0.11702   0.11731   0.11777   0.11817   0.11884
  6.4221   0.00054   0.00821   0.01081   0.01138   0.01138   0.01143   0.01154   0.01162   0.01184   0.01198
   0.01217   0.01232   0.01252   0.01270   0.01277   0.01295   0.01305   0.01316   0.01321   0.01337
  6.5126   0.08966   0.06422   0.05377   0.04725   0.04245   0.03855   0.03594   0.03367   0.03177   0.03028
   0.02898   0.02783   0.02685   0.02600   0.02532   0.02447   0.02391   0.02338   0.02296   0.02242
  6.6030   0.23668   0.18395   0.15959   0.14262   0.12973   0.11987   0.11342   0.10865   0.10498   0.10261
   0.10103   0.09944   0.09835   0.09739   0.09662   0.09585   0.09546   0.09524   0.09505   0.09445
  6.6935   0.17704   0.19201   0.20035   0.19490   0.18782   0.18207   0.17877   0.17754   0.17731   0.17805
   0.17991   0.18147   0.18276   0.18431   0.18550   0.18712   0.18864   0.19031   0.19172   0.19247
  6.7839   0.15731   0.19084   0.20797   0.20783   0.20538   0.20316   0.20219   0.20194   0.20283   0.20365
   0.20508   0.20653   0.20753   0.20911   0.21020   0.21129   0.21243   0.21385   0.21492   0.21559
  6.8744   0.24306   0.20328   0.18282   0.16718   0.15543   0.14672   0.14040   0.13556   0.13193   0.12903
   0.12671   0.12485   0.12332   0.12208   0.12092   0.11964   0.11862   0.11822   0.11739   0.11661
  6.9648   0.26707   0.27241   0.25649   0.23616   0.21701   0.20027   0.18668   0.17587   0.16664   0.15933
   0.15361   0.14903   0.14509   0.14172   0.13912   0.13625   0.13396   0.13277   0.13071   0.12911
  7.0553   0.28422   0.29852   0.28536   0.26348   0.24056   0.21966   0.20160   0.18686   0.17496   0.16516
   0.15755   0.15161   0.14682   0.14291   0.14000   0.13732   0.13507   0.13363   0.13189   0.13036
  7.1457   0.25325   0.22467   0.21792   0.21176   0.20452   0.19749   0.19189   0.18797   0.18543   0.18299
   0.18116   0.18029   0.17946   0.17893   0.17852   0.17849   0.17830   0.17830   0.17797   0.17777
  7.2362   0.11126   0.11117   0.11825   0.12259   0.12520   0.12759   0.13067   0.13432   0.13829   0.14177
   0.14502   0.14805   0.15057   0.15296   0.15483   0.15664   0.15781   0.15915   0.15987   0.16063
  7.3266   0.11907   0.12048   0.12258   0.11823   0.11428   0.11341   0.11371   0.11600   0.11905   0.12281
   0.12694   0.13067   0.13411   0.13750   0.14073   0.14334   0.14539   0.14751   0.14849   0.14973
  7.4171   0.18751   0.14988   0.13531   0.12382   0.11533   0.11100   0.10830   0.10814   0.10888   0.11031
   0.11264   0.11471   0.11682   0.11886   0.12134   0.12318   0.12485   0.12663   0.12731   0.12822
  7.5075   0.06358   0.06431   0.06401   0.06218   0.06004   0.05880   0.05836   0.05825   0.05875   0.05907
   0.05958   0.06008   0.06056   0.06076   0.06125   0.06165   0.06169   0.06194   0.06209   0.06179
  7.5980   0.05990   0.08716   0.09658   0.09630   0.09379   0.09197   0.09136   0.09087   0.09135   0.09238
   0.09334   0.09428   0.09518   0.09607   0.09692   0.09776   0.09778   0.09852   0.09876   0.09864
  7.6884   0.06224   0.08760   0.09837   0.09940   0.09889   0.09826   0.09858   0.09952   0.10162   0.10379
   0.10636   0.10946   0.11144   0.11407   0.11670   0.11872   0.12023   0.12203   0.12359   0.12474
  7.7789   0.05500   0.08784   0.10357   0.10687   0.10807   0.10954   0.11202   0.11534   0.11936   0.12307
   0.12719   0.13169   0.13470   0.13779   0.14104   0.14331   0.14532   0.14684   0.14852   0.14953
  7.8693   0.05071   0.06749   0.07896   0.08153   0.08185   0.08320   0.08560   0.08879   0.09229   0.09588
   0.09934   0.10274   0.10512   0.10731   0.10936   0.11113   0.11216   0.11293   0.11393   0.11420
  7.9598   0.10568   0.07558   0.06799   0.06343   0.06048   0.05923   0.05938   0.06038   0.06203   0.06403
   0.06547   0.06698   0.06795   0.06887   0.06931   0.07027   0.07016   0.07043   0.07076   0.07049
  8.0503   0.24704   0.16702   0.14289   0.12919   0.11990   0.11281   0.10823   0.10583   0.10452   0.10500
   0.10524   0.10642   0.10733   0.10833   0.10939   0.11066   0.11180   0.11278   0.11362   0.11441
  8.1407   0.21383   0.17424   0.16416   0.15341   0.14256   0.13318   0.12555   0.12040   0.11657   0.11483
   0.11319   0.11333   0.11286   0.11308   0.11348   0.11390   0.11469   0.11513   0.11549   0.11615
  8.2312   0.06690   0.09005   0.10359   0.10444   0.10138   0.09860   0.09613   0.09493   0.09458   0.09553
   0.09649   0.09832   0.10009   0.10220   0.10408   0.10621   0.10836   0.11006   0.11202   0.11399
  8.3216   0.02332   0.04218   0.05237   0.05494   0.05586   0.05728   0.05956   0.06245   0.06621   0.07068
   0.07480   0.07873   0.08300   0.08708   0.09057   0.09422   0.09767   0.10054   0.10357   0.10641
  8.4121   0.03404   0.05804   0.06801   0.06924   0.06943   0.07003   0.07154   0.07389   0.07651   0.07928
   0.08224   0.08493   0.08743   0.08970   0.09165   0.09339   0.09498   0.09611   0.09710   0.09784
  8.5025   0.04939   0.06078   0.06647   0.06677   0.06635   0.06605   0.06598   0.06644   0.06683   0.06716
   0.06799   0.06862   0.06905   0.06931   0.06968   0.06987   0.07012   0.06996   0.06988   0.06963
  8.5930   0.02720   0.03188   0.03459   0.03640   0.03895   0.04158   0.04501   0.04820   0.05196   0.05510
   0.05825   0.06081   0.06324   0.06496   0.06680   0.06793   0.06895   0.06973   0.07028   0.07047
  8.6834   0.01325   0.02422   0.02913   0.03220   0.03640   0.04094   0.04673   0.05228   0.05856   0.06409
   0.06928   0.07375   0.07790   0.08103   0.08413   0.08621   0.08808   0.08965   0.09069   0.09122
  8.7739   0.00648   0.02093   0.02683   0.02729   0.02742   0.02796   0.02905   0.03013   0.03130   0.03259
   0.03382   0.03476   0.03582   0.03672   0.03761   0.03834   0.03885   0.03951   0.03986   0.04034
  8.8643   0.01380   0.03907   0.04984   0.05069   0.04986   0.04906   0.04858   0.04826   0.04802   0.04835
   0.04867   0.04892   0.04945   0.04991   0.05065   0.05116   0.05131   0.05186   0.05221   0.05257
  8.9548   0.01302   0.02351   0.02836   0.02898   0.02856   0.02794   0.02725   0.02684   0.02654   0.02665
   0.02660   0.02681   0.02704   0.02718   0.02771   0.02785   0.02786   0.02801   0.02831   0.02825
  9.0452   0.00365   0.00156   0.00089   0.00055   0.00023  -0.00009  -0.00038  -0.00062  -0.00082  -0.00095
  -0.00110  -0.00116  -0.00124  -0.00129  -0.00129  -0.00133  -0.00137  -0.00141  -0.00140  -0.00144
  9.1357   0.00649   0.00664   0.00675   0.00642   0.00616   0.00606   0.00611   0.00620   0.00629   0.00640
   0.00651   0.00656   0.00660   0.00671   0.00679   0.00683   0.00694   0.00699   0.00708   0.00714
  9.2261   0.01231   0.02279   0.02608   0.02642   0.02683   0.02787   0.02896   0.03035   0.03146   0.03258
   0.03343   0.03399   0.03456   0.03513   0.03571   0.03600   0.03659   0.03688   0.03747   0.03777
  9.3166   0.00467   0.00874   0.00954   0.00941   0.00956   0.01015   0.01073   0.01152   0.01213   0.01276
   0.01321   0.01352   0.01386   0.01418   0.01451   0.01468   0.01502   0.01520   0.01555   0.01574
  9.4070   0.00157   0.01442   0.02195   0.02471   0.02598   0.02660   0.02691   0.02714   0.02740   0.02760
   0.02782   0.02799   0.02801   0.02812   0.02807   0.02804   0.02792   0.02782   0.02762   0.02745
  9.4975   0.03015   0.08995   0.12092   0.13118   0.13511   0.13697   0.13866   0.13979   0.14097   0.14180
   0.14268   0.14324   0.14308   0.14352   0.14343   0.14339   0.14319   0.14299   0.14263   0.14210
  9.5879   0.03100   0.07483   0.09611   0.10192   0.10303   0.10294   0.10326   0.10316   0.10321   0.10311
   0.10316   0.10306   0.10251   0.10253   0.10221   0.10205   0.10185   0.10165   0.10142   0.10107
  9.6784   0.00076   0.00186   0.00216   0.00193   0.00151   0.00114   0.00085   0.00054   0.00026   0.00000
  -0.00023  -0.00044  -0.00065  -0.00081  -0.00098  -0.00110  -0.00121  -0.00132  -0.00141  -0.00148
  9.7688  -0.00438  -0.00623  -0.00705  -0.00695  -0.00666  -0.00648  -0.00638  -0.00638  -0.00639  -0.00647
  -0.00653  -0.00655  -0.00654  -0.00659  -0.00661  -0.00662  -0.00662  -0.00660  -0.00656  -0.00650
  9.8593   0.02752   0.02819   0.02935   0.02928   0.02934   0.02871   0.02829   0.02826   0.02863   0.02920
   0.03011   0.03130   0.03249   0.03376   0.03498   0.03618   0.03735   0.03848   0.03961   0.04068
  9.9497   0.09327   0.09905   0.10433   0.10188   0.09925   0.09632   0.09458   0.09518   0.09673   0.09964
   0.10321   0.10718   0.11097   0.11527   0.11922   0.12289   0.12646   0.12942   0.13210   0.13468
 10.0402   0.07243   0.09079   0.10229   0.10326   0.10194   0.10006   0.09884   0.09924   0.10086   0.10354
   0.10679   0.11080   0.11456   0.11865   0.12288   0.12660   0.13053   0.13360   0.13615   0.13913
 10.1307   0.02181   0.03400   0.04028   0.04263   0.04328   0.04323   0.04290   0.04251   0.04295   0.04341
   0.04417   0.04549   0.04678   0.04806   0.04989   0.05139   0.05317   0.05464   0.05578   0.05750
 10.2211  -0.00040   0.00023   0.00045   0.00077   0.00099   0.00112   0.00116   0.00110   0.00110   0.00104
   0.00101   0.00099   0.00099   0.00097   0.00103   0.00107   0.00112   0.00118   0.00122   0.00132
 10.3116  -0.00139  -0.00201  -0.00234  -0.00245  -0.00248  -0.00247  -0.00245  -0.00243  -0.00246  -0.00249
  -0.00254  -0.00262  -0.00269  -0.00277  -0.00287  -0.00296  -0.00306  -0.00315  -0.00321  -0.00331
 10.4020  -0.00013  -0.00019  -0.00022  -0.00024  -0.00024  -0.00025  -0.00025  -0.00024  -0.00025  -0.00025
  -0.00025  -0.00026  -0.00027  -0.00028  -0.00029  -0.00030  -0.00031  -0.00032  -0.00032  -0.00033
 10.4925  -0.00000  -0.00000  -0.00000  -0.00001  -0.00001  -0.00001  -0.00001  -0.00001  -0.00001  -0.00001
  -0.00001  -0.00001  -0.00001  -0.00001  -0.00001  -0.00001  -0.00001  -0.00001  -0.00001  -0.00001
 10.5829  -0.00000  -0.00000  -0.00000  -0.00000  -0.00000  -0.00000  -0.00000  -0.00000  -0.00000  -0.00000
  -0.00000  -0.00000  -0.00000  -0.00000  -0.00000  -0.00000  -0.00000  -0.00000  -0.00000  -0.00000
 10.6734  -0.00000  -0.00000  -0.00000  -0.00000  -0.00000  -0.00000  -0.00000  -0.00000  -0.00000  -0.00000
  -0.00000  -0.00000  -0.00000  -0.00000  -0.00000  -0.00000  -0.00000  -0.00000  -0.00000  -0.00000
 10.7638  -0.00000  -0.00000  -0.00000  -0.00000  -0.00000  -0.00000  -0.00000  -0.00000  -0.00000  -0.00000
  -0.00000  -0.00000  -0.00000  -0.00000  -0.00000  -0.00000  -0.00000  -0.00000  -0.00000  -0.00000
 10.8543  -0.00000  -0.00000  -0.00000  -0.00000  -0.00000  -0.00000  -0.00000  -0.00000  -0.00000  -0.00000
  -0.00000  -0.00000  -0.00000  -0.00000  -0.00000  -0.00000  -0.00000  -0.00000  -0.00000  -0.00000
 10.9447  -0.00000  -0.00000  -0.00000  -0.00000  -0.00000  -0.00000  -0.00000  -0.00000  -0.00000  -0.00000
  -0.00000  -0.00000  -0.00000  -0.00000  -0.00000  -0.00000  -0.00000  -0.00000  -0.00000  -0.00000
 11.0352  -0.00000  -0.00000  -0.00000  -0.00000  -0.00000  -0.00000  -0.00000  -0.00000  -0.00000  -0.00000
  -0.00000  -0.00000  -0.00000  -0.00000  -0.00000  -0.00000  -0.00000  -0.00000  -0.00000  -0.00000
 11.1256  -0.00000  -0.00000  -0.00000  -0.00000  -0.00000  -0.00000  -0.00000  -0.00000  -0.00000  -0.00000
  -0.00000  -0.00000  -0.00000  -0.00000  -0.00000  -0.00000  -0.00000  -0.00000  -0.00000  -0.00000
 11.2161  -0.00000  -0.00000  -0.00000  -0.00000  -0.00000  -0.00000  -0.00000  -0.00000  -0.00000  -0.00000
  -0.00000  -0.00000  -0.00000  -0.00000  -0.00000  -0.00000  -0.00000  -0.00000  -0.00000  -0.00000
 11.3065  -0.00000  -0.00000  -0.00000  -0.00000  -0.00000  -0.00000  -0.00000  -0.00000  -0.00000  -0.00000
  -0.00000  -0.00000  -0.00000  -0.00000  -0.00000  -0.00000  -0.00000  -0.00000  -0.00000  -0.00000
 11.3970  -0.00000  -0.00000  -0.00000  -0.00000  -0.00000  -0.00000  -0.00000  -0.00000  -0.00000  -0.00000
  -0.00000  -0.00000  -0.00000  -0.00000  -0.00000  -0.00000  -0.00000  -0.00000  -0.00000  -0.00000
 11.4874  -0.00000  -0.00000  -0.00000  -0.00000  -0.00000  -0.00000  -0.00000  -0.00000  -0.00000  -0.00000
  -0.00000  -0.00000  -0.00000  -0.00000  -0.00000  -0.00000  -0.00000  -0.00000  -0.00000  -0.00000
 11.5779  -0.00000  -0.00000  -0.00000  -0.00000  -0.00000  -0.00000  -0.00000  -0.00000  -0.00000  -0.00000
  -0.00000  -0.00000  -0.00000  -0.00000  -0.00000  -0.00000  -0.00000  -0.00000  -0.00000  -0.00000
 11.6683  -0.00000  -0.00000  -0.00000  -0.00000  -0.00000  -0.00000  -0.00000  -0.00000  -0.00000  -0.00000
  -0.00000  -0.00000  -0.00000  -0.00000  -0.00000  -0.00000  -0.00000  -0.00000  -0.00000  -0.00000
 11.7588  -0.00000  -0.00000  -0.00000  -0.00000  -0.00000  -0.00000  -0.00000  -0.00000  -0.00000  -0.00000
  -0.00000  -0.00000  -0.00000  -0.00000  -0.00000  -0.00000  -0.00000  -0.00000  -0.00000  -0.00000
 11.8492  -0.00000  -0.00000  -0.00000  -0.00000  -0.00000  -0.00000  -0.00000  -0.00000  -0.00000  -0.00000
  -0.00000  -0.00000  -0.00000  -0.00000  -0.00000  -0.00000  -0.00000  -0.00000  -0.00000  -0.00000
 11.9397  -0.00000  -0.00000  -0.00000  -0.00000  -0.00000  -0.00000  -0.00000  -0.00000  -0.00000  -0.00000
  -0.00000  -0.00000  -0.00000  -0.00000  -0.00000  -0.00000  -0.00000  -0.00000  -0.00000  -0.00000
 12.0302  -0.00005  -0.00004  -0.00004  -0.00004  -0.00004  -0.00003  -0.00003  -0.00003  -0.00003  -0.00003
  -0.00003  -0.00003  -0.00003  -0.00003  -0.00003  -0.00003  -0.00003  -0.00003  -0.00003  -0.00003
 12.1206  -0.00093  -0.00083  -0.00086  -0.00080  -0.00072  -0.00066  -0.00063  -0.00061  -0.00061  -0.00062
  -0.00063  -0.00065  -0.00066  -0.00066  -0.00067  -0.00067  -0.00067  -0.00067  -0.00067  -0.00066
 12.2111  -0.00168  -0.00150  -0.00155  -0.00143  -0.00129  -0.00119  -0.00113  -0.00110  -0.00110  -0.00112
  -0.00114  -0.00116  -0.00118  -0.00119  -0.00121  -0.00121  -0.00121  -0.00121  -0.00120  -0.00119
 12.3015   0.02166   0.01935   0.02004   0.01845   0.01669   0.01538   0.01455   0.01421   0.01421   0.01442
   0.01469   0.01500   0.01524   0.01542   0.01556   0.01562   0.01562   0.01559   0.01552   0.01538
 12.3920   0.04157   0.03713   0.03846   0.03541   0.03204   0.02952   0.02793   0.02727   0.02727   0.02767
   0.02820   0.02879   0.02926   0.02959   0.02985   0.02999   0.02999   0.02992   0.02979   0.02952
 12.4824   0.00927   0.00828   0.00857   0.00789   0.00714   0.00658   0.00623   0.00608   0.00608   0.00617
   0.00629   0.00642   0.00652   0.00659   0.00665   0.00668   0.00668   0.00667   0.00664   0.00658
 12.5729  -0.00231  -0.00211  -0.00221  -0.00205  -0.00187  -0.00173  -0.00165  -0.00162  -0.00162  -0.00166
  -0.00169  -0.00173  -0.00177  -0.00179  -0.00181  -0.00183  -0.00183  -0.00183  -0.00183  -0.00181
 12.6633  -0.00053  -0.00118  -0.00168  -0.00182  -0.00186  -0.00191  -0.00199  -0.00210  -0.00224  -0.00239
  -0.00254  -0.00269  -0.00282  -0.00295  -0.00306  -0.00314  -0.00323  -0.00329  -0.00334  -0.00338
 12.7538  -0.00018  -0.00101  -0.00160  -0.00180  -0.00189  -0.00198  -0.00209  -0.00223  -0.00240  -0.00258
  -0.00276  -0.00292  -0.00307  -0.00323  -0.00336  -0.00346  -0.00356  -0.00364  -0.00370  -0.00375
 12.8442   0.00312   0.01871   0.02975   0.03359   0.03527   0.03695   0.03911   0.04175   0.04487   0.04823
   0.05158   0.05470   0.05758   0.06046   0.06286   0.06478   0.06670   0.06814   0.06934   0.07030
 12.9347   0.00525   0.03152   0.05011   0.05657   0.05940   0.06223   0.06587   0.07031   0.07556   0.08122
   0.08688   0.09213   0.09698   0.10183   0.10587   0.10910   0.11234   0.11476   0.11678   0.11840
 13.0251   0.00088   0.00546   0.00875   0.00988   0.01033   0.01080   0.01142   0.01219   0.01311   0.01410
   0.01510   0.01602   0.01687   0.01773   0.01844   0.01901   0.01958   0.02001   0.02035   0.02063
 13.1156  -0.00091  -0.00373  -0.00546  -0.00612  -0.00655  -0.00693  -0.00736  -0.00784  -0.00836  -0.00888
  -0.00943  -0.00993  -0.01038  -0.01081  -0.01120  -0.01153  -0.01183  -0.01209  -0.01233  -0.01253
 13.2060   0.00054   0.00322   0.00510   0.00654   0.00802   0.00924   0.01039   0.01153   0.01265   0.01356
   0.01462   0.01554   0.01632   0.01694   0.01756   0.01805   0.01839   0.01874   0.01909   0.01932
 13.2965   0.01081   0.02892   0.03843   0.04320   0.04789   0.05167   0.05558   0.05937   0.06313   0.06658
   0.07041   0.07380   0.07680   0.07939   0.08203   0.08447   0.08652   0.08857   0.09087   0.09271
 13.3869   0.02974   0.10454   0.13586   0.14092   0.14280   0.14407   0.14693   0.14969   0.15319   0.15770
   0.16244   0.16705   0.17180   0.17644   0.18142   0.18632   0.19090   0.19549   0.20035   0.20455
 13.4774   0.04388   0.19744   0.26816   0.28491   0.29414   0.30291   0.31359   0.32289   0.33292   0.34470
   0.35467   0.36466   0.37437   0.38373   0.39278   0.40072   0.40785   0.41501   0.42077   0.42644
 13.5678   0.03243   0.13132   0.18266   0.20269   0.21821   0.23304   0.24693   0.25871   0.26968   0.28061
   0.28950   0.29754   0.30481   0.31153   0.31711   0.32156   0.32547   0.32928   0.33144   0.33379
 13.6583   0.01163   0.04287   0.06040   0.07025   0.07803   0.08510   0.09094   0.09690   0.10297   0.10848
   0.11418   0.11851   0.12233   0.12550   0.12781   0.12915   0.13030   0.13101   0.13111   0.13073
 13.7487   0.00024   0.00421   0.00670   0.00855   0.00974   0.01061   0.01142   0.01265   0.01424   0.01587
   0.01765   0.01904   0.02024   0.02111   0.02178   0.02210   0.02234   0.02235   0.02228   0.02205
 13.8392  -0.00068  -0.00253  -0.00352  -0.00401  -0.00439  -0.00474  -0.00503  -0.00532  -0.00562  -0.00589
  -0.00617  -0.00638  -0.00658  -0.00674  -0.00687  -0.00695  -0.00702  -0.00708  -0.00710  -0.00710
 13.9296  -0.00008  -0.00046  -0.00067  -0.00079  -0.00088  -0.00095  -0.00101  -0.00109  -0.00118  -0.00127
  -0.00136  -0.00144  -0.00150  -0.00155  -0.00159  -0.00162  -0.00164  -0.00164  -0.00165  -0.00164
 14.0201  -0.00000  -0.00002  -0.00003  -0.00003  -0.00004  -0.00004  -0.00004  -0.00005  -0.00005  -0.00005
  -0.00006  -0.00006  -0.00007  -0.00007  -0.00007  -0.00007  -0.00007  -0.00007  -0.00007  -0.00007
 14.1106  -0.00000  -0.00000  -0.00000  -0.00000  -0.00000  -0.00000  -0.00000  -0.00000  -0.00000  -0.00000
  -0.00000  -0.00000  -0.00000  -0.00000  -0.00000  -0.00000  -0.00000  -0.00000  -0.00000  -0.00000
 14.2010  -0.00000  -0.00000  -0.00000  -0.00000  -0.00000  -0.00000  -0.00000  -0.00000  -0.00000  -0.00000
  -0.00000  -0.00000  -0.00000  -0.00000  -0.00000  -0.00000  -0.00000  -0.00000  -0.00000  -0.00000
 14.2915  -0.00000  -0.00000  -0.00000  -0.00000  -0.00000  -0.00000  -0.00000  -0.00000  -0.00000  -0.00000
  -0.00000  -0.00000  -0.00000  -0.00000  -0.00000  -0.00000  -0.00000  -0.00000  -0.00000  -0.00000
 14.3819  -0.00000  -0.00000  -0.00000  -0.00000  -0.00000  -0.00000  -0.00000  -0.00000  -0.00000  -0.00000
  -0.00000  -0.00000  -0.00000  -0.00000  -0.00000  -0.00000  -0.00000  -0.00000  -0.00000  -0.00000
 14.4724  -0.00000  -0.00000  -0.00000  -0.00000  -0.00000  -0.00000  -0.00000  -0.00000  -0.00000  -0.00000
  -0.00000  -0.00000  -0.00000  -0.00000  -0.00000  -0.00000  -0.00000  -0.00000  -0.00000  -0.00000
 14.5628  -0.00000  -0.00000  -0.00000  -0.00000  -0.00000  -0.00000  -0.00000  -0.00000  -0.00000  -0.00000
  -0.00000  -0.00000  -0.00000  -0.00000  -0.00000  -0.00000  -0.00000  -0.00000  -0.00000  -0.00000
 14.6533  -0.00000  -0.00000  -0.00000  -0.00000  -0.00000  -0.00000  -0.00000  -0.00000  -0.00000  -0.00000
  -0.00000  -0.00000  -0.00000  -0.00000  -0.00000  -0.00000  -0.00000  -0.00000  -0.00000  -0.00000
 14.7437  -0.00000  -0.00000  -0.00000  -0.00000  -0.00000  -0.00000  -0.00000  -0.00000  -0.00000  -0.00000
  -0.00000  -0.00000  -0.00000  -0.00000  -0.00000  -0.00000  -0.00000  -0.00000  -0.00000  -0.00000
 14.8342  -0.00000  -0.00001  -0.00001  -0.00001  -0.00001  -0.00001  -0.00001  -0.00001  -0.00001  -0.00001
  -0.00001  -0.00001  -0.00001  -0.00001  -0.00001  -0.00001  -0.00001  -0.00001  -0.00001  -0.00001
 14.9246  -0.00014  -0.00042  -0.00056  -0.00061  -0.00063  -0.00064  -0.00066  -0.00067  -0.00067  -0.00068
  -0.00069  -0.00070  -0.00070  -0.00071  -0.00071  -0.00071  -0.00071  -0.00071  -0.00071  -0.00071
 15.0151  -0.00197  -0.00522  -0.00683  -0.00739  -0.00765  -0.00778  -0.00796  -0.00812  -0.00825  -0.00842
  -0.00853  -0.00864  -0.00872  -0.00878  -0.00884  -0.00884  -0.00886  -0.00885  -0.00882  -0.00881
 15.1055  -0.00092   0.00181   0.00313   0.00370   0.00397   0.00403   0.00399   0.00390   0.00380   0.00373
   0.00367   0.00359   0.00357   0.00350   0.00348   0.00342   0.00340   0.00338   0.00333   0.00332
 15.1960   0.02977   0.09557   0.12743   0.13908   0.14497   0.14813   0.15216   0.15582   0.15866   0.16217
   0.16449   0.16673   0.16824   0.16928   0.17031   0.17023   0.17036   0.17003   0.16929   0.16902
 15.2864   0.06525   0.13894   0.17476   0.18568   0.19065   0.19345   0.19821   0.20313   0.20730   0.21240
   0.21594   0.21960   0.22201   0.22412   0.22577   0.22625   0.22683   0.22679   0.22631   0.22618
 15.3769   0.22893   0.22606   0.23826   0.23219   0.22445   0.21771   0.21424   0.21303   0.21432   0.21801
   0.22131   0.22610   0.22978   0.23461   0.23799   0.24103   0.24488   0.24785   0.25035   0.25216
 15.4673   0.25109   0.25431   0.28078   0.28269   0.27735   0.27048   0.26562   0.26248   0.26257   0.26555
   0.26842   0.27294   0.27717   0.28239   0.28665   0.29049   0.29599   0.29983   0.30328   0.30594
 15.5578   0.08766   0.14168   0.17759   0.18698   0.18672   0.18451   0.18128   0.17930   0.17855   0.17904
   0.18035   0.18234   0.18574   0.18876   0.19218   0.19601   0.20062   0.20403   0.20735   0.21067
 15.6482   0.01612   0.03844   0.04851   0.05023   0.04986   0.04956   0.04890   0.04906   0.04956   0.05045
   0.05197   0.05366   0.05590   0.05794   0.06015   0.06266   0.06521   0.06731   0.06955   0.07172
 15.7387   0.00091   0.01040   0.01419   0.01687   0.01843   0.01907   0.01976   0.02040   0.02130   0.02217
   0.02332   0.02476   0.02613   0.02747   0.02913   0.03043   0.03201   0.03325   0.03486   0.03613
 15.8291   0.04080   0.06022   0.07075   0.07442   0.07490   0.07398   0.07307   0.07235   0.07255   0.07273
   0.07381   0.07558   0.07734   0.07957   0.08226   0.08447   0.08739   0.09009   0.09325   0.09572
 15.9196   0.06839   0.07828   0.08601   0.08549   0.08260   0.07952   0.07644   0.07387   0.07240   0.07093
   0.07055   0.07077   0.07097   0.07223   0.07355   0.07481   0.07665   0.07895   0.08131   0.08310
 16.0101   0.01597   0.01670   0.01772   0.01695   0.01579   0.01471   0.01359   0.01260   0.01182   0.01104
   0.01052   0.01019   0.00983   0.00982   0.00980   0.00984   0.00995   0.01032   0.01061   0.01084
 16.1005  -0.00198  -0.00190  -0.00182  -0.00142  -0.00095  -0.00047   0.00008   0.00059   0.00111   0.00162
   0.00208   0.00238   0.00274   0.00292   0.00310   0.00321   0.00336   0.00336   0.00341   0.00344
 16.1910   0.02468   0.03335   0.04029   0.04556   0.04997   0.05439   0.05968   0.06497   0.07112   0.07728
   0.08342   0.08780   0.09306   0.09655   0.10005   0.10267   0.10615   0.10788   0.11049   0.11223
 16.2814   0.02321   0.03122   0.03766   0.04249   0.04652   0.05054   0.05537   0.06020   0.06583   0.07147
   0.07711   0.08113   0.08596   0.08919   0.09241   0.09482   0.09804   0.09965   0.10207   0.10368
 16.3719  -0.00101  -0.00163  -0.00164  -0.00160  -0.00154  -0.00155  -0.00153  -0.00156  -0.00154  -0.00153
  -0.00148  -0.00147  -0.00144  -0.00141  -0.00140  -0.00140  -0.00136  -0.00135  -0.00130  -0.00129
 16.4623   0.00183   0.00074   0.00057   0.00074   0.00092   0.00109   0.00122   0.00135   0.00140   0.00143
   0.00144   0.00139   0.00137   0.00133   0.00127   0.00128   0.00119   0.00112   0.00103   0.00098
 16.5528   0.03495   0.05463   0.05942   0.06151   0.06285   0.06552   0.06818   0.07190   0.07514   0.07868
   0.08145   0.08387   0.08648   0.08815   0.09011   0.09178   0.09299   0.09402   0.09476   0.09551
 16.6432   0.03020   0.06116   0.06672   0.06715   0.06670   0.06813   0.06952   0.07231   0.07469   0.07763
   0.07965   0.08201   0.08423   0.08573   0.08773   0.08923   0.09039   0.09170   0.09253   0.09331
 16.7337   0.00564   0.01481   0.01686   0.01678   0.01648   0.01672   0.01708   0.01775   0.01843   0.01921
   0.01988   0.02065   0.02132   0.02187   0.02263   0.02318   0.02362   0.02417   0.02449   0.02493
 16.8241   0.03202   0.05140   0.05913   0.06199   0.06440   0.06823   0.07303   0.07829   0.08401   0.08925
   0.09455   0.09884   0.10315   0.10652   0.11040   0.11377   0.11619   0.11859   0.12006   0.12249
 16.9146   0.02484   0.03823   0.04297   0.04497   0.04685   0.04986   0.05366   0.05775   0.06228   0.06634
   0.07040   0.07371   0.07702   0.07957   0.08243   0.08500   0.08681   0.08862   0.08969   0.09150
 17.0050   0.00006   0.00348   0.00617   0.00742   0.00790   0.00804   0.00803   0.00801   0.00808   0.00819
   0.00830   0.00835   0.00839   0.00844   0.00846   0.00844   0.00842   0.00840   0.00832   0.00830
 17.0955  -0.00006   0.01504   0.02669   0.03184   0.03368   0.03409   0.03391   0.03372   0.03378   0.03414
   0.03451   0.03463   0.03475   0.03490   0.03505   0.03493   0.03484   0.03476   0.03443   0.03435
 17.1859   0.00047   0.00822   0.01409   0.01668   0.01763   0.01790   0.01789   0.01787   0.01799   0.01825
   0.01851   0.01864   0.01877   0.01890   0.01902   0.01901   0.01901   0.01900   0.01886   0.01886
 17.2764  -0.00005  -0.00073  -0.00124  -0.00147  -0.00155  -0.00158  -0.00158  -0.00158  -0.00159  -0.00161
  -0.00164  -0.00165  -0.00166  -0.00167  -0.00168  -0.00168  -0.00168  -0.00168  -0.00167  -0.00167
 17.3668  -0.00002  -0.00036  -0.00061  -0.00072  -0.00076  -0.00077  -0.00077  -0.00077  -0.00078  -0.00079
  -0.00080  -0.00081  -0.00081  -0.00082  -0.00082  -0.00082  -0.00082  -0.00082  -0.00082  -0.00082
 17.4573  -0.00000  -0.00002  -0.00003  -0.00004  -0.00004  -0.00004  -0.00004  -0.00004  -0.00004  -0.00004
  -0.00004  -0.00004  -0.00004  -0.00004  -0.00004  -0.00004  -0.00004  -0.00004  -0.00004  -0.00004
 17.5477  -0.00000  -0.00000  -0.00000  -0.00000  -0.00000  -0.00000  -0.00000  -0.00000  -0.00000  -0.00000
  -0.00000  -0.00000  -0.00000  -0.00000  -0.00000  -0.00000  -0.00000  -0.00000  -0.00000  -0.00000
 17.6382  -0.00000  -0.00000  -0.00000  -0.00000  -0.00000  -0.00000  -0.00000  -0.00000  -0.00000  -0.00000
  -0.00000  -0.00000  -0.00000  -0.00000  -0.00000  -0.00000  -0.00000  -0.00000  -0.00000  -0.00000
 17.7286  -0.00000  -0.00000  -0.00000  -0.00000  -0.00000  -0.00000  -0.00000  -0.00000  -0.00000  -0.00000
  -0.00000  -0.00000  -0.00000  -0.00000  -0.00000  -0.00000  -0.00000  -0.00000  -0.00000  -0.00000
 17.8191  -0.00000  -0.00000  -0.00000  -0.00000  -0.00000  -0.00000  -0.00000  -0.00000  -0.00000  -0.00000
  -0.00000  -0.00000  -0.00000  -0.00000  -0.00000  -0.00000  -0.00000  -0.00000  -0.00000  -0.00000
 17.9095  -0.00000  -0.00000  -0.00000  -0.00000  -0.00000  -0.00000  -0.00000  -0.00000  -0.00000  -0.00000
  -0.00000  -0.00000  -0.00000  -0.00000  -0.00000  -0.00000  -0.00000  -0.00000  -0.00000  -0.00000
 18.0000  -0.00000  -0.00000  -0.00000  -0.00000  -0.00000  -0.00000  -0.00000  -0.00000  -0.00000  -0.00000
  -0.00000  -0.00000  -0.00000  -0.00000  -0.00000  -0.00000  -0.00000  -0.00000  -0.00000  -0.00000
