# degauss   lambda    int alpha2F  <log w>     N(Ef)
  0.001    3.405555    3.390234    81.606   25.881772
  0.002    2.766416    2.740642    82.499   29.975283
  0.003    2.459034    2.427435    83.155   30.598111
  0.004    2.237823    2.204605    83.519   29.793451
  0.005    2.045189    2.011305    83.916   28.780891
  0.006    1.883891    1.849465    84.375   27.843494
  0.007    1.754248    1.719114    84.908   27.081362
  0.008    1.650478    1.614510    85.517   26.527303
  0.009    1.565836    1.528836    86.191   26.161954
  0.010    1.494467    1.456280    86.908   25.941471
  0.011    1.432352    1.393010    87.658   25.821558
  0.012    1.376802    1.336332    88.425   25.768008
  0.013    1.326183    1.284626    89.190   25.757606
  0.014    1.279677    1.237114    89.978   25.775335
  0.015    1.236567    1.193031    90.773   25.811266
  0.016    1.196227    1.151882    91.567   25.858296
  0.017    1.158556    1.113379    92.362   25.910834
  0.018    1.123363    1.077496    93.167   25.964179
  0.019    1.090286    1.043819    93.963   26.014301
  0.020    1.059142    1.012117    94.736   26.057806
