# degauss   lambda    int alpha2F  <log w>     N(Ef)
  0.001    3.405555    3.405453    82.396   25.881772
  0.002    2.766416    2.766329    84.148   29.975283
  0.003    2.459034    2.458955    85.447   30.598111
  0.004    2.237823    2.237751    86.178   29.793451
  0.005    2.045189    2.045122    86.896   28.780891
  0.006    1.883891    1.883828    87.678   27.843494
  0.007    1.754248    1.754190    88.547   27.081362
  0.008    1.650478    1.650423    89.499   26.527303
  0.009    1.565836    1.565783    90.534   26.161954
  0.010    1.494467    1.494417    91.633   25.941471
  0.011    1.432352    1.432304    92.770   25.821558
  0.012    1.376802    1.376756    93.929   25.768008
  0.013    1.326183    1.326139    95.095   25.757606
  0.014    1.279677    1.279635    96.285   25.775335
  0.015    1.236567    1.236527    97.490   25.811266
  0.016    1.196227    1.196188    98.683   25.858296
  0.017    1.158556    1.158519    99.893   25.910834
  0.018    1.123362    1.123327    101.100   25.964179
  0.019    1.090286    1.090252    102.292   26.014301
  0.020    1.059142    1.059109    103.462   26.057806
