# z_A  planar_potential_eV
0.0000000000 3.783714602193
0.0625000000 3.303792300942
0.1250000000 2.899977063405
0.1875000000 2.631753663237
0.2500000000 2.538219511723
0.3125000000 2.538130081254
0.3750000000 2.538218315407
0.4375000000 2.538128592870
0.5000000000 2.538216750275
0.5625000000 2.538126742557
0.6250000000 2.538214845510
0.6875000000 2.538124534218
0.7500000000 2.538212585239
0.8125000000 2.538121968705
0.8750000000 2.538209991582
0.9375000000 2.538119125803
1.0000000000 2.538207199421
1.0625000000 2.538116111286
1.1250000000 2.538204278059
1.1875000000 2.538112976643
1.2500000000 2.538201230271
1.3125000000 2.538109745576
1.3750000000 2.538198164213
1.4375000000 2.538106506583
1.5000000000 2.538195128206
1.5625000000 2.538103326885
1.6250000000 2.538192166232
1.6875000000 2.538100243698
1.7500000000 2.538189377942
1.8125000000 2.538097377813
1.8750000000 2.538186855931
1.9375000000 2.538094810991
2.0000000000 2.538184647451
2.0625000000 2.538092539129
2.1250000000 2.538182793991
2.1875000000 2.538090689859
2.2500000000 2.538181432925
2.3125000000 2.538089388907
2.3750000000 2.538180689024
2.4375000000 2.538088716429
2.5000000000 2.538180600189
2.5625000000 2.538088736028
2.6250000000 2.538181260711
2.6875000000 2.538089520163
2.7500000000 2.538182716416
2.8125000000 2.538091101705
2.8750000000 2.538184994435
2.9375000000 2.538093505467
3.0000000000 2.538188166106
3.0625000000 2.538096896245
3.1250000000 2.538192367512
3.1875000000 2.538101306481
3.2500000000 2.538197613949
3.3125000000 2.538106720813
3.3750000000 2.538203871046
3.4375000000 2.538113181570
3.5000000000 2.538211231308
3.5625000000 2.538120749557
3.6250000000 2.538219731486
3.6875000000 2.538129422989
3.7500000000 2.538229291598
3.8125000000 2.538139141665
3.8750000000 2.538239962214
3.9375000000 2.538149978778
4.0000000000 2.538251776683
4.0625000000 2.538161954802
4.1250000000 2.538264730048
4.1875000000 2.538175011591
4.2500000000 2.538278753088
4.3125000000 2.538189109359
4.3750000000 2.538293813407
4.4375000000 2.538204201346
4.5000000000 2.538309869755
4.5625000000 2.538220231810
4.6250000000 2.538326857047
4.6875000000 2.538237189385
4.7500000000 2.538344795976
4.8125000000 2.538255017055
4.8750000000 2.538363546870
4.9375000000 2.538273569343
5.0000000000 2.538382967372
5.0625000000 2.538292689979
5.1250000000 2.538402929217
5.1875000000 2.538312302092
5.2500000000 2.538423376478
5.3125000000 2.538332296400
5.3750000000 2.538444154380
5.4375000000 2.538352530555
5.5000000000 2.538465125239
5.5625000000 2.538372839237
5.6250000000 2.538486107292
5.6875000000 2.538393004692
5.7500000000 2.538506841741
5.8125000000 2.538412769002
5.8750000000 2.538527085100
5.9375000000 2.538431843257
6.0000000000 2.538546517417
6.0625000000 2.538449882003
6.1250000000 2.538564839482
6.1875000000 2.538466779141
6.2500000000 2.538581812238
6.3125000000 2.538481781723
6.3750000000 2.538596532022
6.4375000000 2.538494094013
6.5000000000 2.538608163875
6.5625000000 2.538502796458
6.6250000000 2.538615684408
6.6875000000 2.538506631897
6.7500000000 2.538617597825
6.8125000000 2.538503862612
6.8750000000 2.538611837962
6.9375000000 2.538491974460
7.0000000000 2.538595998220
7.0625000000 2.538469175139
7.1250000000 2.538567018808
7.1875000000 2.538429624994
7.2500000000 2.538518040941
7.3125000000 2.538366341188
7.3750000000 2.538440958889
7.4375000000 2.538269489489
7.5000000000 2.538324045102
7.5625000000 2.538125061719
7.6250000000 2.538150478982
7.6875000000 2.537912823781
7.7500000000 2.537895865985
7.8125000000 2.537603129965
7.8750000000 2.537524164798
7.9375000000 2.537152103219
8.0000000000 2.536982007014
8.0625000000 2.536494850012
8.1250000000 2.536190633912
8.1875000000 2.535535676643
8.2500000000 2.535033469248
8.3125000000 2.534131915610
8.3750000000 2.533335570959
8.4375000000 2.532068657252
8.5000000000 2.530833072769
8.5625000000 2.529022055701
8.6250000000 2.527128893638
8.6875000000 2.524504746457
8.7500000000 2.521623969680
8.8125000000 2.517778347771
8.8750000000 2.513406664358
8.9375000000 2.507715532432
9.0000000000 2.501082900264
9.0625000000 2.492591988803
9.1250000000 2.482520587368
9.1875000000 2.469768847385
9.2500000000 2.454450348006
9.3125000000 2.435186900138
9.3750000000 2.411825982298
9.4375000000 2.382563453943
9.5000000000 2.346826789070
9.5625000000 2.302158312278
9.6250000000 2.247330891672
9.6875000000 2.178874159866
9.7500000000 2.094552398308
9.8125000000 1.989296908854
9.8750000000 1.859383148547
9.9375000000 1.697155751882
10.0000000000 1.497067839763
10.0625000000 1.246387312336
10.1250000000 0.949631886389
10.1875000000 0.625264795005
10.2500000000 0.185451875329
10.3125000000 -0.466129826824
10.3750000000 -1.374332940069
10.4375000000 -2.532770511719
10.5000000000 -3.894320787635
10.5625000000 -5.391415356876
10.6250000000 -6.947537497571
10.6875000000 -8.489564514089
10.7500000000 -9.951551910604
10.8125000000 -11.281256639076
10.8750000000 -12.438213215087
10.9375000000 -13.392164994212
11.0000000000 -14.115363589723
11.0625000000 -14.581608404718
11.1250000000 -14.776535759554
11.1875000000 -14.703808786988
11.2500000000 -14.372602530988
11.3125000000 -13.814989337866
11.3750000000 -13.063807525987
11.4375000000 -12.156885467625
11.5000000000 -11.135419016798
11.5625000000 -10.055079538718
11.6250000000 -8.976439132773
11.6875000000 -7.983509523094
11.7500000000 -7.150396578778
11.8125000000 -6.526306870887
11.8750000000 -6.148238389607
11.9375000000 -6.032576061005
12.0000000000 -6.148133600734
12.0625000000 -6.419201632781
12.1250000000 -6.729218106759
12.1875000000 -7.043805499612
12.2500000000 -7.382015775001
12.3125000000 -7.722289778889
12.3750000000 -8.052451925353
12.4375000000 -8.357761764220
12.5000000000 -8.629946168813
12.5625000000 -8.860342586167
12.6250000000 -9.044611049484
12.6875000000 -9.178486877077
12.7500000000 -9.260355717582
12.8125000000 -9.288814350658
12.8750000000 -9.263998302403
12.9375000000 -9.186665477711
13.0000000000 -9.058576675239
13.0625000000 -8.883021036675
13.1250000000 -8.664204816945
13.1875000000 -8.409308814242
13.2500000000 -8.126433537773
13.3125000000 -7.828500343766
13.3750000000 -7.528729741540
13.4375000000 -7.244789315273
13.5000000000 -6.955483800365
13.5625000000 -6.717199901349
13.6250000000 -6.646570382837
13.6875000000 -6.810078750215
13.7500000000 -7.227038747385
13.8125000000 -7.867835903974
13.8750000000 -8.685267552696
13.9375000000 -9.620986581712
14.0000000000 -10.626874051808
14.0625000000 -11.635733975988
14.1250000000 -12.577158134147
14.1875000000 -13.402352096649
14.2500000000 -14.070686302204
14.3125000000 -14.544848556044
14.3750000000 -14.789799277599
14.4375000000 -14.776400620228
14.5000000000 -14.496532501074
14.5625000000 -13.947840826094
14.6250000000 -13.147154031388
14.6875000000 -12.120887735459
14.7500000000 -10.896077291555
14.8125000000 -9.504078988195
14.8750000000 -7.986643513693
14.9375000000 -6.398447021186
15.0000000000 -4.806835605548
15.0625000000 -3.286250689044
15.1250000000 -1.912871630328
15.1875000000 -0.752444572027
15.2500000000 0.152401168003
15.3125000000 0.802583880627
15.3750000000 1.250121769211
15.4375000000 1.595906556202
15.5000000000 1.909503169182
15.5625000000 2.159652381530
15.6250000000 2.347900963459
15.6875000000 2.477208725240
15.7500000000 2.550898743592
15.8125000000 2.564661591728
15.8750000000 2.517753353466
15.9375000000 2.396897035019
16.0000000000 2.224152784986
16.0625000000 1.971119896469
16.1250000000 1.520044968280
16.1875000000 0.825531085354
16.2500000000 -0.093670929410
16.3125000000 -1.160231770824
16.3750000000 -2.281877181173
16.4375000000 -3.371954010553
16.5000000000 -4.370450453615
16.5625000000 -5.211141535027
16.6250000000 -5.921356181393
16.6875000000 -6.583330178027
16.7500000000 -7.278728418932
16.8125000000 -8.033705534232
16.8750000000 -8.846534540054
16.9375000000 -9.697223202741
17.0000000000 -10.556683336373
17.0625000000 -11.400580663824
17.1250000000 -12.224472512278
17.1875000000 -13.048010345441
17.2500000000 -13.914098473456
17.3125000000 -14.867797081781
17.3750000000 -15.931876095938
17.4375000000 -17.073578588523
17.5000000000 -18.194275335940
17.5625000000 -19.150521880147
17.6250000000 -19.914535080448
17.6875000000 -20.481856921875
17.7500000000 -20.827643324207
17.8125000000 -20.943437296968
17.8750000000 -20.822768137949
17.9375000000 -20.471315824301
18.0000000000 -19.897679036461
18.0625000000 -19.124497623299
18.1250000000 -18.163786520154
18.1875000000 -17.027850606759
18.2500000000 -15.849785963465
18.3125000000 -14.743194652237
18.3750000000 -13.749199659603
18.4375000000 -12.853773971989
18.5000000000 -12.011968869223
18.5625000000 -11.179090700604
18.6250000000 -10.329202643607
18.6875000000 -9.461980591349
18.7500000000 -8.597100869573
18.8125000000 -7.762566988537
18.8750000000 -6.979193950126
18.9375000000 -6.251251935455
19.0000000000 -5.557186404313
19.0625000000 -4.818737683207
19.1250000000 -3.951389043007
19.1875000000 -2.919470462704
19.2500000000 -1.782092532318
19.3125000000 -0.596255176338
19.3750000000 0.557207759218
19.4375000000 1.585835921956
19.5000000000 2.408279324075
19.5625000000 2.996268226767
19.6250000000 3.383974499068
19.6875000000 3.686095793618
19.7500000000 3.955531192065
19.8125000000 4.167946130636
19.8750000000 4.338991645621
19.9375000000 4.473926846844
20.0000000000 4.582889554909
20.0625000000 4.669049246597
20.1250000000 4.738966268950
20.1875000000 4.794320504270
20.2500000000 4.839524769710
20.3125000000 4.875292757069
20.3750000000 4.904713794387
20.4375000000 4.927919747193
20.5000000000 4.947175947469
20.5625000000 4.962274830757
20.6250000000 4.974951032198
20.6875000000 4.984798400411
20.7500000000 4.993196596518
20.8125000000 4.999625703036
20.8750000000 5.005224387285
20.9375000000 5.009414573057
21.0000000000 5.013170232873
21.0625000000 5.015889082951
21.1250000000 5.018428755430
21.1875000000 5.020180844005
21.2500000000 5.021917244860
21.3125000000 5.023033335543
21.3750000000 5.024236538584
21.4375000000 5.024932457808
21.5000000000 5.025779666114
21.5625000000 5.026197573977
21.6250000000 5.026806712281
21.6875000000 5.027041434068
21.7500000000 5.027491369098
21.8125000000 5.027605727683
21.8750000000 5.027948630075
21.9375000000 5.027983742253
22.0000000000 5.028253953316
22.0625000000 5.028236934564
22.1250000000 5.028457637466
22.1875000000 5.028406771783
22.2500000000 5.028593701172
22.3125000000 5.028521164381
22.3750000000 5.028684830004
22.4375000000 5.028598534095
22.5000000000 5.028745899621
22.5625000000 5.028651036280
22.6250000000 5.028786875322
22.6875000000 5.028686956378
22.7500000000 5.028814598044
22.8125000000 5.028711955556
22.8750000000 5.028833633652
22.9375000000 5.028729815584
23.0000000000 5.028847074434
23.0625000000 5.028742880517
23.1250000000 5.028856725245
23.1875000000 5.028752819989
23.2500000000 5.028864071554
23.3125000000 5.028760868484
23.3750000000 5.028870059408
23.4375000000 5.028767757610
23.5000000000 5.028875215031
23.5625000000 5.028773870876
23.6250000000 5.028879875015
23.6875000000 5.028779557936
23.7500000000 5.028884350796
23.8125000000 5.028785116577
23.8750000000 5.028888880242
23.9375000000 5.028790700492
24.0000000000 5.028893550544
24.0625000000 5.028796379160
24.1250000000 5.028898404033
24.1875000000 5.028802222162
24.2500000000 5.028903529484
24.3125000000 5.028808313872
24.3750000000 5.028908952671
24.4375000000 5.028814684764
24.5000000000 5.028915181642
24.5625000000 5.028822111432
24.6250000000 5.028922045169
24.6875000000 5.028829737499
24.7500000000 5.028929132932
24.8125000000 5.028837521122
24.8750000000 5.028936395134
24.9375000000 5.028845441437
25.0000000000 5.028943841697
25.0625000000 5.028853503445
25.1250000000 5.028951458469
25.1875000000 5.028861704588
25.2500000000 5.028959269826
25.3125000000 5.028870075922
25.3750000000 5.028967266555
25.4375000000 5.028878580008
25.5000000000 5.028975413110
25.5625000000 5.028887197165
25.6250000000 5.028983685143
25.6875000000 5.028895898210
25.7500000000 5.028992067291
25.8125000000 5.028904688429
25.8750000000 5.029000586803
25.9375000000 5.028913614486
26.0000000000 5.029009237479
26.0625000000 5.028922607139
26.1250000000 5.029017963005
26.1875000000 5.028931625682
26.2500000000 5.029026726621
26.3125000000 5.028940682564
26.3750000000 5.029035546250
26.4375000000 5.028949785644
26.5000000000 5.029044433224
26.5625000000 5.028958910490
26.6250000000 5.029053321856
26.6875000000 5.028967977797
26.7500000000 5.029062159517
26.8125000000 5.028976971381
26.8750000000 5.029070932200
26.9375000000 5.028985903819
27.0000000000 5.029079642927
27.0625000000 5.028994731286
27.1250000000 5.029088274640
27.1875000000 5.029003460530
27.2500000000 5.029096784856
27.3125000000 5.029012064847
27.3750000000 5.029105236553
27.4375000000 5.029020575006
27.5000000000 5.029113541629
27.5625000000 5.029028892894
27.6250000000 5.029121651656
27.6875000000 5.029036998082
27.7500000000 5.029129563573
27.8125000000 5.029044907185
27.8750000000 5.029137292045
27.9375000000 5.029052597400
28.0000000000 5.029144778687
28.0625000000 5.029059994524
28.1250000000 5.029151961828
28.1875000000 5.029067065526
28.2500000000 5.029158815949
28.3125000000 5.029073807445
28.3750000000 5.029165333549
28.4375000000 5.029080186027
28.5000000000 5.029171516273
28.5625000000 5.029086190415
28.6250000000 5.029177298175
28.6875000000 5.029091771191
28.7500000000 5.029182638462
28.8125000000 5.029096870934
28.8750000000 5.029187475211
28.9375000000 5.029101457155
29.0000000000 5.029191840418
29.0625000000 5.029105583480
29.1250000000 5.029195744096
29.1875000000 5.029109222142
29.2500000000 5.029199168249
29.3125000000 5.029112364617
29.3750000000 5.029202076441
29.4375000000 5.029114961109
29.5000000000 5.029204463552
29.5625000000 5.029117051656
29.6250000000 5.029206320108
29.6875000000 5.029118559818
29.7500000000 5.029207609307
29.8125000000 4.935497034702
29.8750000000 4.667451607095
29.9375000000 4.263459466814
