              w [eV]            znorm(w)       delta(w) [eV]
    3.3840188587E-04    1.3416229890E+00    1.3725598514E-04
    1.0152056576E-03    1.3414687980E+00    1.3708434661E-04
    1.6920094294E-03    1.3411613735E+00    1.3674242039E-04
    2.3688132011E-03    1.3407026048E+00    1.3623286682E-04
    3.0456169729E-03    1.3400952645E+00    1.3555957618E-04
    3.7224207446E-03    1.3393429386E+00    1.3472755660E-04
    4.3992245164E-03    1.3384499412E+00    1.3374279721E-04
    5.0760282881E-03    1.3374212170E+00    1.3261211518E-04
    5.7528320599E-03    1.3362622384E+00    1.3134299528E-04
    6.4296358316E-03    1.3349789005E+00    1.2994342984E-04
    7.1064396033E-03    1.3335774182E+00    1.2842176573E-04
    7.7832433751E-03    1.3320642298E+00    1.2678656330E-04
    8.4600471468E-03    1.3304459077E+00    1.2504647038E-04
    9.1368509186E-03    1.3287290793E+00    1.2321011316E-04
    9.8136546903E-03    1.3269203576E+00    1.2128600437E-04
    1.0490458462E-02    1.3250262822E+00    1.1928246817E-04
    1.1167262234E-02    1.3230532703E+00    1.1720758058E-04
    1.1844066006E-02    1.3210075770E+00    1.1506912380E-04
    1.2520869777E-02    1.3188952636E+00    1.1287455277E-04
    1.3197673549E-02    1.3167221735E+00    1.1063097200E-04
    1.3874477321E-02    1.3144939152E+00    1.0834512114E-04
    1.4551281093E-02    1.3122158496E+00    1.0602336760E-04
    1.5228084864E-02    1.3098930830E+00    1.0367170490E-04
    1.5904888636E-02    1.3075304635E+00    1.0129575559E-04
    1.6581692408E-02    1.3051325803E+00    9.8900777652E-05
    1.7258496180E-02    1.3027037664E+00    9.6491673654E-05
    1.7935299951E-02    1.3002481021E+00    9.4073001872E-05
    1.8612103723E-02    1.2977694214E+00    9.1648988895E-05
    1.9288907495E-02    1.2952713187E+00    8.9223543213E-05
    1.9965711267E-02    1.2927571565E+00    8.6800269456E-05
    2.0642515038E-02    1.2902300743E+00    8.4382482980E-05
    2.1319318810E-02    1.2876929975E+00    8.1973224581E-05
    2.1996122582E-02    1.2851486465E+00    7.9575275165E-05
    2.2672926354E-02    1.2825995460E+00    7.7191170219E-05
    2.3349730125E-02    1.2800480348E+00    7.4823214003E-05
    2.4026533897E-02    1.2774962746E+00    7.2473493356E-05
    2.4703337669E-02    1.2749462596E+00    7.0143891075E-05
    2.5380141441E-02    1.2723998252E+00    6.7836098819E-05
    2.6056945212E-02    1.2698586568E+00    6.5551629504E-05
    2.6733748984E-02    1.2673242984E+00    6.3291829176E-05
    2.7410552756E-02    1.2647981603E+00    6.1057888342E-05
    2.8087356528E-02    1.2622815277E+00    5.8850852771E-05
    2.8764160299E-02    1.2597755673E+00    5.6671633751E-05
    2.9440964071E-02    1.2572813352E+00    5.4521017814E-05
    3.0117767843E-02    1.2547997836E+00    5.2399675941E-05
    3.0794571615E-02    1.2523317670E+00    5.0308172255E-05
    3.1471375386E-02    1.2498780488E+00    4.8246972221E-05
    3.2148179158E-02    1.2474393069E+00    4.6216450362E-05
    3.2824982930E-02    1.2450161394E+00    4.4216897517E-05
    3.3501786701E-02    1.2426090698E+00    4.2248527647E-05
    3.4178590473E-02    1.2402185522E+00    4.0311484226E-05
    3.4855394245E-02    1.2378449757E+00    3.8405846211E-05
    3.5532198017E-02    1.2354886687E+00    3.6531633636E-05
    3.6209001788E-02    1.2331499038E+00    3.4688812829E-05
    3.6885805560E-02    1.2308289006E+00    3.2877301276E-05
    3.7562609332E-02    1.2285258304E+00    3.1096972164E-05
    3.8239413104E-02    1.2262408190E+00    2.9347658594E-05
    3.8916216875E-02    1.2239739503E+00    2.7629157506E-05
    3.9593020647E-02    1.2217252689E+00    2.5941233325E-05
    4.0269824419E-02    1.2194947835E+00    2.4283621338E-05
    4.0946628191E-02    1.2172824690E+00    2.2656030822E-05
    4.1623431962E-02    1.2150882694E+00    2.1058147945E-05
    4.2300235734E-02    1.2129120998E+00    1.9489638443E-05
    4.2977039506E-02    1.2107538487E+00    1.7950150095E-05
    4.3653843278E-02    1.2086133801E+00    1.6439315003E-05
    4.4330647049E-02    1.2064905350E+00    1.4956751695E-05
    4.5007450821E-02    1.2043851337E+00    1.3502067062E-05
    4.5684254593E-02    1.2022969769E+00    1.2074858134E-05
    4.6361058365E-02    1.2002258476E+00    1.0674713715E-05
    4.7037862136E-02    1.1981715123E+00    9.3012158797E-06
    4.7714665908E-02    1.1961337223E+00    7.9539413418E-06
    4.8391469680E-02    1.1941122149E+00    6.6324627116E-06
    4.9068273452E-02    1.1921067147E+00    5.3363496376E-06
    4.9745077223E-02    1.1901169344E+00    4.0651698498E-06
    5.0421880995E-02    1.1881425761E+00    2.8184901094E-06
    5.1098684767E-02    1.1861833316E+00    1.5958770697E-06
    5.1775488539E-02    1.1842388842E+00    3.9689805794E-07
    5.2452292310E-02    1.1823089083E+00   -7.7887821832E-07
    5.3129096082E-02    1.1803930711E+00   -1.9318810338E-06
    5.3805899854E-02    1.1784910327E+00   -3.0625370719E-06
    5.4482703626E-02    1.1766024472E+00   -4.1712699094E-06
    5.5159507397E-02    1.1747269627E+00   -5.2584995564E-06
    5.5836311169E-02    1.1728642222E+00   -6.3246420460E-06
    5.6513114941E-02    1.1710138642E+00   -7.3701090694E-06
    5.7189918713E-02    1.1691755231E+00   -8.3953076545E-06
    5.7866722484E-02    1.1673488292E+00   -9.4006398831E-06
    5.8543526256E-02    1.1655334101E+00   -1.0386502643E-05
    5.9220330028E-02    1.1637288901E+00   -1.1353287416E-05
    5.9897133800E-02    1.1619348914E+00   -1.2301380091E-05
    6.0573937571E-02    1.1601510339E+00   -1.3231160810E-05
    6.1250741343E-02    1.1583769359E+00   -1.4143003835E-05
    6.1927545115E-02    1.1566122146E+00   -1.5037277442E-05
    6.2604348887E-02    1.1548564859E+00   -1.5914343831E-05
    6.3281152658E-02    1.1531093656E+00   -1.6774559062E-05
    6.3957956430E-02    1.1513704690E+00   -1.7618273001E-05
    6.4634760202E-02    1.1496394119E+00   -1.8445829287E-05
    6.5311563974E-02    1.1479158107E+00   -1.9257565310E-05
    6.5988367745E-02    1.1461992827E+00   -2.0053812206E-05
    6.6665171517E-02    1.1444894471E+00   -2.0834894861E-05
    6.7341975289E-02    1.1427859246E+00   -2.1601131924E-05
    6.8018779061E-02    1.1410883389E+00   -2.2352835830E-05
    6.8695582832E-02    1.1393963166E+00   -2.3090312839E-05
    6.9372386604E-02    1.1377094877E+00   -2.3813863071E-05
    7.0049190376E-02    1.1360274869E+00   -2.4523780551E-05
    7.0725994148E-02    1.1343499533E+00   -2.5220353270E-05
    7.1402797919E-02    1.1326765320E+00   -2.5903863236E-05
    7.2079601691E-02    1.1310068745E+00   -2.6574586539E-05
    7.2756405463E-02    1.1293406396E+00   -2.7232793419E-05
    7.3433209235E-02    1.1276774940E+00   -2.7878748333E-05
    7.4110013006E-02    1.1260171139E+00   -2.8512710033E-05
    7.4786816778E-02    1.1243591857E+00   -2.9134931638E-05
    7.5463620550E-02    1.1227034072E+00   -2.9745660710E-05
    7.6140424322E-02    1.1210494889E+00   -3.0345139338E-05
    7.6817228093E-02    1.1193971553E+00   -3.0933604217E-05
    7.7494031865E-02    1.1177461464E+00   -3.1511286729E-05
    7.8170835637E-02    1.1160962193E+00   -3.2078413025E-05
    7.8847639409E-02    1.1144471501E+00   -3.2635204110E-05
    7.9524443180E-02    1.1127987352E+00   -3.3181875928E-05
    8.0201246952E-02    1.1111507938E+00   -3.3718639440E-05
    8.0878050724E-02    1.1095031695E+00   -3.4245700717E-05
    8.1554854496E-02    1.1078557333E+00   -3.4763261015E-05
    8.2231658267E-02    1.1062083849E+00   -3.5271516863E-05
    8.2908462039E-02    1.1045610562E+00   -3.5770660149E-05
    8.3585265811E-02    1.1029137135E+00   -3.6260878199E-05
    8.4262069583E-02    1.1012663603E+00   -3.6742353862E-05
    8.4938873354E-02    1.0996190406E+00   -3.7215265595E-05
    8.5615677126E-02    1.0979718414E+00   -3.7679787543E-05
    8.6292480898E-02    1.0963248967E+00   -3.8136089622E-05
    8.6969284670E-02    1.0946783899E+00   -3.8584337608E-05
    8.7646088441E-02    1.0930325581E+00   -3.9024693210E-05
    8.8322892213E-02    1.0913876946E+00   -3.9457314164E-05
    8.8999695985E-02    1.0897441529E+00   -3.9882354309E-05
    8.9676499757E-02    1.0881023496E+00   -4.0299963678E-05
    9.0353303528E-02    1.0864627677E+00   -4.0710288581E-05
    9.1030107300E-02    1.0848259590E+00   -4.1113471692E-05
    9.1706911072E-02    1.0831925468E+00   -4.1509652141E-05
    9.2383714844E-02    1.0815632276E+00   -4.1898965601E-05
    9.3060518615E-02    1.0799387718E+00   -4.2281544383E-05
    9.3737322387E-02    1.0783200240E+00   -4.2657517536E-05
    9.4414126159E-02    1.0767079015E+00   -4.3027010937E-05
    9.5090929930E-02    1.0751033923E+00   -4.3390147400E-05
    9.5767733702E-02    1.0735075502E+00   -4.3747046778E-05
    9.6444537474E-02    1.0719214895E+00   -4.4097826070E-05
    9.7121341246E-02    1.0703463770E+00   -4.4442599533E-05
    9.7798145017E-02    1.0687834220E+00   -4.4781478795E-05
    9.8474948789E-02    1.0672338654E+00   -4.5114572971E-05
    9.9151752561E-02    1.0656989662E+00   -4.5441988779E-05
    9.9828556333E-02    1.0641799875E+00   -4.5763830652E-05
