              w [eV]            znorm(w)       delta(w) [eV]
    2.0304113152E-04    1.3414099605E+00    2.1132808452E-04
    6.0912339457E-04    1.3413544723E+00    2.1123283116E-04
    1.0152056576E-03    1.3412436200E+00    2.1104259586E-04
    1.4212879207E-03    1.3410776508E+00    2.1075791838E-04
    1.8273701837E-03    1.3408569325E+00    2.1037960089E-04
    2.2334524468E-03    1.3405819498E+00    2.0990869918E-04
    2.6395347098E-03    1.3402533003E+00    2.0934651134E-04
    3.0456169729E-03    1.3398716889E+00    2.0869456416E-04
    3.4516992359E-03    1.3394379214E+00    2.0795459770E-04
    3.8577814990E-03    1.3389528980E+00    2.0712854819E-04
    4.2638637620E-03    1.3384176055E+00    2.0621852987E-04
    4.6699460251E-03    1.3378331101E+00    2.0522681603E-04
    5.0760282881E-03    1.3372005485E+00    2.0415581961E-04
    5.4821105512E-03    1.3365211207E+00    2.0300807378E-04
    5.8881928142E-03    1.3357960812E+00    2.0178621277E-04
    6.2942750772E-03    1.3350267312E+00    2.0049295325E-04
    6.7003573403E-03    1.3342144110E+00    1.9913107637E-04
    7.1064396033E-03    1.3333604920E+00    1.9770341088E-04
    7.5125218664E-03    1.3324663699E+00    1.9621281718E-04
    7.9186041294E-03    1.3315334578E+00    1.9466217264E-04
    8.3246863925E-03    1.3305631801E+00    1.9305435811E-04
    8.7307686555E-03    1.3295569661E+00    1.9139224568E-04
    9.1368509186E-03    1.3285162454E+00    1.8967868768E-04
    9.5429331816E-03    1.3274424422E+00    1.8791650698E-04
    9.9490154447E-03    1.3263369714E+00    1.8610848833E-04
    1.0355097708E-02    1.3252012346E+00    1.8425737098E-04
    1.0761179971E-02    1.3240366163E+00    1.8236584222E-04
    1.1167262234E-02    1.3228444812E+00    1.8043653197E-04
    1.1573344497E-02    1.3216261710E+00    1.7847200826E-04
    1.1979426760E-02    1.3203830027E+00    1.7647477352E-04
    1.2385509023E-02    1.3191162661E+00    1.7444726161E-04
    1.2791591286E-02    1.3178272222E+00    1.7239183553E-04
    1.3197673549E-02    1.3165171023E+00    1.7031078572E-04
    1.3603755812E-02    1.3151871063E+00    1.6820632888E-04
    1.4009838075E-02    1.3138384023E+00    1.6608060728E-04
    1.4415920338E-02    1.3124721256E+00    1.6393568845E-04
    1.4822002601E-02    1.3110893786E+00    1.6177356526E-04
    1.5228084864E-02    1.3096912301E+00    1.5959615627E-04
    1.5634167127E-02    1.3082787156E+00    1.5740530635E-04
    1.6040249390E-02    1.3068528370E+00    1.5520278758E-04
    1.6446331653E-02    1.3054145631E+00    1.5299030026E-04
    1.6852413917E-02    1.3039648292E+00    1.5076947414E-04
    1.7258496180E-02    1.3025045381E+00    1.4854186977E-04
    1.7664578443E-02    1.3010345601E+00    1.4630897994E-04
    1.8070660706E-02    1.2995557337E+00    1.4407223124E-04
    1.8476742969E-02    1.2980688657E+00    1.4183298566E-04
    1.8882825232E-02    1.2965747325E+00    1.3959254228E-04
    1.9288907495E-02    1.2950740799E+00    1.3735213894E-04
    1.9694989758E-02    1.2935676244E+00    1.3511295405E-04
    2.0101072021E-02    1.2920560534E+00    1.3287610826E-04
    2.0507154284E-02    1.2905400263E+00    1.3064266630E-04
    2.0913236547E-02    1.2890201748E+00    1.2841363868E-04
    2.1319318810E-02    1.2874971040E+00    1.2618998352E-04
    2.1725401073E-02    1.2859713928E+00    1.2397260821E-04
    2.2131483336E-02    1.2844435948E+00    1.2176237122E-04
    2.2537565599E-02    1.2829142391E+00    1.1956008376E-04
    2.2943647862E-02    1.2813838307E+00    1.1736651148E-04
    2.3349730125E-02    1.2798528517E+00    1.1518237611E-04
    2.3755812388E-02    1.2783217616E+00    1.1300835712E-04
    2.4161894651E-02    1.2767909983E+00    1.1084509327E-04
    2.4567976914E-02    1.2752609785E+00    1.0869318416E-04
    2.4974059177E-02    1.2737320989E+00    1.0655319182E-04
    2.5380141441E-02    1.2722047361E+00    1.0442564212E-04
    2.5786223704E-02    1.2706792480E+00    1.0231102625E-04
    2.6192305967E-02    1.2691559741E+00    1.0020980212E-04
    2.6598388230E-02    1.2676352362E+00    9.8122395740E-05
    2.7004470493E-02    1.2661173390E+00    9.6049202547E-05
    2.7410552756E-02    1.2646025707E+00    9.3990588689E-05
    2.7816635019E-02    1.2630912037E+00    9.1946892286E-05
    2.8222717282E-02    1.2615834950E+00    8.9918424646E-05
    2.8628799545E-02    1.2600796871E+00    8.7905471438E-05
    2.9034881808E-02    1.2585800080E+00    8.5908293832E-05
    2.9440964071E-02    1.2570846722E+00    8.3927129602E-05
    2.9847046334E-02    1.2555938811E+00    8.1962194189E-05
    3.0253128597E-02    1.2541078234E+00    8.0013681729E-05
    3.0659210860E-02    1.2526266757E+00    7.8081766049E-05
    3.1065293123E-02    1.2511506029E+00    7.6166601620E-05
    3.1471375386E-02    1.2496797587E+00    7.4268324485E-05
    3.1877457649E-02    1.2482142860E+00    7.2387053144E-05
    3.2283539912E-02    1.2467543173E+00    7.0522889417E-05
    3.2689622175E-02    1.2452999753E+00    6.8675919266E-05
    3.3095704438E-02    1.2438513731E+00    6.6846213588E-05
    3.3501786701E-02    1.2424086146E+00    6.5033828984E-05
    3.3907868965E-02    1.2409717950E+00    6.3238808487E-05
    3.4313951228E-02    1.2395410010E+00    6.1461182271E-05
    3.4720033491E-02    1.2381163114E+00    5.9700968329E-05
    3.5126115754E-02    1.2366977970E+00    5.7958173121E-05
    3.5532198017E-02    1.2352855216E+00    5.6232792203E-05
    3.5938280280E-02    1.2338795414E+00    5.4524810820E-05
    3.6344362543E-02    1.2324799062E+00    5.2834204483E-05
    3.6750444806E-02    1.2310866591E+00    5.1160939522E-05
    3.7156527069E-02    1.2296998371E+00    4.9504973607E-05
    3.7562609332E-02    1.2283194711E+00    4.7866256259E-05
    3.7968691595E-02    1.2269455863E+00    4.6244729330E-05
    3.8374773858E-02    1.2255782026E+00    4.4640327464E-05
    3.8780856121E-02    1.2242173346E+00    4.3052978542E-05
    3.9186938384E-02    1.2228629919E+00    4.1482604106E-05
    3.9593020647E-02    1.2215151792E+00    3.9929119758E-05
    3.9999102910E-02    1.2201738969E+00    3.8392435552E-05
    4.0405185173E-02    1.2188391409E+00    3.6872456358E-05
    4.0811267436E-02    1.2175109029E+00    3.5369082217E-05
    4.1217349699E-02    1.2161891708E+00    3.3882208674E-05
    4.1623431962E-02    1.2148739285E+00    3.2411727103E-05
    4.2029514226E-02    1.2135651564E+00    3.0957525007E-05
    4.2435596489E-02    1.2122628315E+00    2.9519486312E-05
    4.2841678752E-02    1.2109669273E+00    2.8097491645E-05
    4.3247761015E-02    1.2096774143E+00    2.6691418597E-05
    4.3653843278E-02    1.2083942601E+00    2.5301141974E-05
    4.4059925541E-02    1.2071174292E+00    2.3926534037E-05
    4.4466007804E-02    1.2058468836E+00    2.2567464730E-05
    4.4872090067E-02    1.2045825825E+00    2.1223801894E-05
    4.5278172330E-02    1.2033244828E+00    1.9895411478E-05
    4.5684254593E-02    1.2020725390E+00    1.8582157726E-05
    4.6090336856E-02    1.2008267032E+00    1.7283903370E-05
    4.6496419119E-02    1.1995869255E+00    1.6000509802E-05
    4.6902501382E-02    1.1983531541E+00    1.4731837241E-05
    4.7308583645E-02    1.1971253350E+00    1.3477744894E-05
    4.7714665908E-02    1.1959034125E+00    1.2238091101E-05
    4.8120748171E-02    1.1946873291E+00    1.1012733481E-05
    4.8526830434E-02    1.1934770257E+00    9.8015290649E-06
    4.8932912697E-02    1.1922724415E+00    8.6043344236E-06
    4.9338994960E-02    1.1910735143E+00    7.4210057858E-06
    4.9745077223E-02    1.1898801805E+00    6.2513991532E-06
    5.0151159486E-02    1.1886923750E+00    5.0953704073E-06
    5.0557241750E-02    1.1875100315E+00    3.9527754103E-06
    5.0963324013E-02    1.1863330826E+00    2.8234701004E-06
    5.1369406276E-02    1.1851614595E+00    1.7073105816E-06
    5.1775488539E-02    1.1839950924E+00    6.0415320815E-07
    5.2181570802E-02    1.1828339105E+00   -4.8614533615E-07
    5.2587653065E-02    1.1816778421E+00   -1.5637279632E-06
    5.2993735328E-02    1.1805268143E+00   -2.6287371104E-06
    5.3399817591E-02    1.1793807536E+00   -3.6813146753E-06
    5.3805899854E-02    1.1782395855E+00   -4.7216019537E-06
    5.4211982117E-02    1.1771032348E+00   -5.7497395825E-06
    5.4618064380E-02    1.1759716255E+00   -6.7658674853E-06
    5.5024146643E-02    1.1748446809E+00   -7.7701248227E-06
    5.5430228906E-02    1.1737223238E+00   -8.7626499454E-06
    5.5836311169E-02    1.1726044761E+00   -9.7435803505E-06
    5.6242393432E-02    1.1714910595E+00   -1.0713052641E-05
    5.6648475695E-02    1.1703819947E+00   -1.1671202489E-05
    5.7054557958E-02    1.1692772024E+00   -1.2618164599E-05
    5.7460640221E-02    1.1681766024E+00   -1.3554072679E-05
    5.7866722484E-02    1.1670801143E+00   -1.4479059408E-05
    5.8272804747E-02    1.1659876573E+00   -1.5393256412E-05
    5.8678887010E-02    1.1648991502E+00   -1.6296794235E-05
    5.9084969274E-02    1.1638145114E+00   -1.7189802320E-05
    5.9491051537E-02    1.1627336591E+00   -1.8072408986E-05
    5.9897133800E-02    1.1616565111E+00   -1.8944741411E-05
    6.0303216063E-02    1.1605829851E+00   -1.9806925616E-05
    6.0709298326E-02    1.1595129986E+00   -2.0659086445E-05
    6.1115380589E-02    1.1584464688E+00   -2.1501347558E-05
    6.1521462852E-02    1.1573833128E+00   -2.2333831414E-05
    6.1927545115E-02    1.1563234475E+00   -2.3156659264E-05
    6.2333627378E-02    1.1552667899E+00   -2.3969951141E-05
    6.2739709641E-02    1.1542132568E+00   -2.4773825849E-05
    6.3145791904E-02    1.1531627650E+00   -2.5568400964E-05
    6.3551874167E-02    1.1521152313E+00   -2.6353792821E-05
    6.3957956430E-02    1.1510705725E+00   -2.7130116514E-05
    6.4364038693E-02    1.1500287056E+00   -2.7897485893E-05
    6.4770120956E-02    1.1489895476E+00   -2.8656013560E-05
    6.5176203219E-02    1.1479530155E+00   -2.9405810870E-05
    6.5582285482E-02    1.1469190268E+00   -3.0146987928E-05
    6.5988367745E-02    1.1458874989E+00   -3.0879653592E-05
    6.6394450008E-02    1.1448583495E+00   -3.1603915473E-05
    6.6800532271E-02    1.1438314968E+00   -3.2319879938E-05
    6.7206614535E-02    1.1428068590E+00   -3.3027652111E-05
    6.7612696798E-02    1.1417843549E+00   -3.3727335879E-05
    6.8018779061E-02    1.1407639036E+00   -3.4419033893E-05
    6.8424861324E-02    1.1397454248E+00   -3.5102847574E-05
    6.8830943587E-02    1.1387288384E+00   -3.5778877117E-05
    6.9237025850E-02    1.1377140651E+00   -3.6447221501E-05
    6.9643108113E-02    1.1367010261E+00   -3.7107978486E-05
    7.0049190376E-02    1.1356896433E+00   -3.7761244629E-05
    7.0455272639E-02    1.1346798394E+00   -3.8407115283E-05
    7.0861354902E-02    1.1336715376E+00   -3.9045684609E-05
    7.1267437165E-02    1.1326646621E+00   -3.9677045581E-05
    7.1673519428E-02    1.1316591381E+00   -4.0301289996E-05
    7.2079601691E-02    1.1306548916E+00   -4.0918508479E-05
    7.2485683954E-02    1.1296518497E+00   -4.1528790493E-05
    7.2891766217E-02    1.1286499407E+00   -4.2132224347E-05
    7.3297848480E-02    1.1276490938E+00   -4.2728897205E-05
    7.3703930743E-02    1.1266492399E+00   -4.3318895094E-05
    7.4110013006E-02    1.1256503109E+00   -4.3902302916E-05
    7.4516095269E-02    1.1246522403E+00   -4.4479204452E-05
    7.4922177532E-02    1.1236549632E+00   -4.5049682377E-05
    7.5328259795E-02    1.1226584162E+00   -4.5613818263E-05
    7.5734342059E-02    1.1216625379E+00   -4.6171692597E-05
    7.6140424322E-02    1.1206672684E+00   -4.6723384783E-05
    7.6546506585E-02    1.1196725500E+00   -4.7268973155E-05
    7.6952588848E-02    1.1186783272E+00   -4.7808534987E-05
    7.7358671111E-02    1.1176845465E+00   -4.8342146501E-05
    7.7764753374E-02    1.1166911568E+00   -4.8869882881E-05
    7.8170835637E-02    1.1156981096E+00   -4.9391818278E-05
    7.8576917900E-02    1.1147053589E+00   -4.9908025823E-05
    7.8983000163E-02    1.1137128616E+00   -5.0418577636E-05
    7.9389082426E-02    1.1127205774E+00   -5.0923544837E-05
    7.9795164689E-02    1.1117284691E+00   -5.1422997555E-05
    8.0201246952E-02    1.1107365029E+00   -5.1917004936E-05
    8.0607329215E-02    1.1097446484E+00   -5.2405635160E-05
    8.1013411478E-02    1.1087528786E+00   -5.2888955443E-05
    8.1419493741E-02    1.1077611706E+00   -5.3367032052E-05
    8.1825576004E-02    1.1067695054E+00   -5.3839930313E-05
    8.2231658267E-02    1.1057778681E+00   -5.4307714621E-05
    8.2637740530E-02    1.1047862482E+00   -5.4770448452E-05
    8.3043822793E-02    1.1037946401E+00   -5.5228194370E-05
    8.3449905056E-02    1.1028030426E+00   -5.5681014039E-05
    8.3855987319E-02    1.1018114601E+00   -5.6128968234E-05
    8.4262069583E-02    1.1008199019E+00   -5.6572116847E-05
    8.4668151846E-02    1.0998283829E+00   -5.7010518902E-05
    8.5074234109E-02    1.0988369240E+00   -5.7444232559E-05
    8.5480316372E-02    1.0978455520E+00   -5.7873315131E-05
    8.5886398635E-02    1.0968543001E+00   -5.8297823088E-05
    8.6292480898E-02    1.0958632079E+00   -5.8717812070E-05
    8.6698563161E-02    1.0948723220E+00   -5.9133336897E-05
    8.7104645424E-02    1.0938816960E+00   -5.9544451575E-05
    8.7510727687E-02    1.0928913908E+00   -5.9951209315E-05
    8.7916809950E-02    1.0919014751E+00   -6.0353662532E-05
    8.8322892213E-02    1.0909120253E+00   -6.0751862863E-05
    8.8728974476E-02    1.0899231260E+00   -6.1145861174E-05
    8.9135056739E-02    1.0889348703E+00   -6.1535707573E-05
    8.9541139002E-02    1.0879473595E+00   -6.1921451416E-05
    8.9947221265E-02    1.0869607043E+00   -6.2303141321E-05
    9.0353303528E-02    1.0859750240E+00   -6.2680825176E-05
    9.0759385791E-02    1.0849904474E+00   -6.3054550154E-05
    9.1165468054E-02    1.0840071123E+00   -6.3424362717E-05
    9.1571550317E-02    1.0830251665E+00   -6.3790308634E-05
    9.1977632580E-02    1.0820447670E+00   -6.4152432987E-05
    9.2383714844E-02    1.0810660807E+00   -6.4510780186E-05
    9.2789797107E-02    1.0800892839E+00   -6.4865393978E-05
    9.3195879370E-02    1.0791145627E+00   -6.5216317458E-05
    9.3601961633E-02    1.0781421125E+00   -6.5563593085E-05
    9.4008043896E-02    1.0771721382E+00   -6.5907262689E-05
    9.4414126159E-02    1.0762048537E+00   -6.6247367487E-05
    9.4820208422E-02    1.0752404815E+00   -6.6583948096E-05
    9.5226290685E-02    1.0742792526E+00   -6.6917044541E-05
    9.5632372948E-02    1.0733214057E+00   -6.7246696273E-05
    9.6038455211E-02    1.0723671869E+00   -6.7572942181E-05
    9.6444537474E-02    1.0714168487E+00   -6.7895820604E-05
    9.6850619737E-02    1.0704706498E+00   -6.8215369346E-05
    9.7256702000E-02    1.0695288534E+00   -6.8531625690E-05
    9.7662784263E-02    1.0685917273E+00   -6.8844626409E-05
    9.8068866526E-02    1.0676595419E+00   -6.9154407784E-05
    9.8474948789E-02    1.0667325699E+00   -6.9461005618E-05
    9.8881031052E-02    1.0658110849E+00   -6.9764455245E-05
    9.9287113315E-02    1.0648953602E+00   -7.0064791550E-05
    9.9693195578E-02    1.0639856674E+00   -7.0362048978E-05
