              w [eV]            znorm(w)       delta(w) [eV]
    2.7072150870E-04    1.3415889685E+00    1.8705650061E-04
    8.1216452610E-04    1.3414903235E+00    1.8690668911E-04
    1.3536075435E-03    1.3412934258E+00    1.8660782316E-04
    1.8950505609E-03    1.3409990529E+00    1.8616140189E-04
    2.4364935783E-03    1.3406083551E+00    1.8556963738E-04
    2.9779365957E-03    1.3401228359E+00    1.8483541262E-04
    3.5193796131E-03    1.3395443288E+00    1.8396222861E-04
    4.0608226305E-03    1.3388749688E+00    1.8295414286E-04
    4.6022656479E-03    1.3381171613E+00    1.8181570183E-04
    5.1437086653E-03    1.3372735490E+00    1.8055186976E-04
    5.6851516827E-03    1.3363469776E+00    1.7916795639E-04
    6.2265947001E-03    1.3353404618E+00    1.7766954566E-04
    6.7680377175E-03    1.3342571510E+00    1.7606242713E-04
    7.3094807349E-03    1.3331002982E+00    1.7435253162E-04
    7.8509237523E-03    1.3318732289E+00    1.7254587204E-04
    8.3923667697E-03    1.3305793135E+00    1.7064849004E-04
    8.9338097871E-03    1.3292219420E+00    1.6866640878E-04
    9.4752528045E-03    1.3278045015E+00    1.6660559203E-04
    1.0016695822E-02    1.3263303558E+00    1.6447190913E-04
    1.0558138839E-02    1.3248028284E+00    1.6227110581E-04
    1.1099581857E-02    1.3232251874E+00    1.6000878023E-04
    1.1641024874E-02    1.3216006333E+00    1.5769036382E-04
    1.2182467891E-02    1.3199322886E+00    1.5532110643E-04
    1.2723910909E-02    1.3182231893E+00    1.5290606517E-04
    1.3265353926E-02    1.3164762787E+00    1.5045009663E-04
    1.3806796944E-02    1.3146944020E+00    1.4795785176E-04
    1.4348239961E-02    1.3128803029E+00    1.4543377328E-04
    1.4889682978E-02    1.3110366212E+00    1.4288209491E-04
    1.5431125996E-02    1.3091658912E+00    1.4030684245E-04
    1.5972569013E-02    1.3072705413E+00    1.3771183600E-04
    1.6514012031E-02    1.3053528944E+00    1.3510069347E-04
    1.7055455048E-02    1.3034151684E+00    1.3247683486E-04
    1.7596898065E-02    1.3014594777E+00    1.2984348724E-04
    1.8138341083E-02    1.2994878350E+00    1.2720369032E-04
    1.8679784100E-02    1.2975021536E+00    1.2456030238E-04
    1.9221227118E-02    1.2955042496E+00    1.2191600645E-04
    1.9762670135E-02    1.2934958446E+00    1.1927331675E-04
    2.0304113152E-02    1.2914785684E+00    1.1663458521E-04
    2.0845556170E-02    1.2894539620E+00    1.1400200804E-04
    2.1386999187E-02    1.2874234809E+00    1.1137763233E-04
    2.1928442205E-02    1.2853884973E+00    1.0876336251E-04
    2.2469885222E-02    1.2833503043E+00    1.0616096688E-04
    2.3011328239E-02    1.2813101179E+00    1.0357208390E-04
    2.3552771257E-02    1.2792690809E+00    1.0099822840E-04
    2.4094214274E-02    1.2772282654E+00    9.8440797648E-05
    2.4635657292E-02    1.2751886759E+00    9.5901077229E-05
    2.5177100309E-02    1.2731512524E+00    9.3380246778E-05
    2.5718543326E-02    1.2711168731E+00    9.0879385508E-05
    2.6259986344E-02    1.2690863571E+00    8.8399477559E-05
    2.6801429361E-02    1.2670604674E+00    8.5941417160E-05
    2.7342872379E-02    1.2650399132E+00    8.3506013590E-05
    2.7884315396E-02    1.2630253526E+00    8.1093995953E-05
    2.8425758413E-02    1.2610173951E+00    7.8706017759E-05
    2.8967201431E-02    1.2590166040E+00    7.6342661313E-05
    2.9508644448E-02    1.2570234984E+00    7.4004441916E-05
    3.0050087466E-02    1.2550385560E+00    7.1691811884E-05
    3.0591530483E-02    1.2530622144E+00    6.9405164386E-05
    3.1132973500E-02    1.2510948739E+00    6.7144837098E-05
    3.1674416518E-02    1.2491368989E+00    6.4911115700E-05
    3.2215859535E-02    1.2471886201E+00    6.2704237187E-05
    3.2757302553E-02    1.2452503361E+00    6.0524393035E-05
    3.3298745570E-02    1.2433223153E+00    5.8371732199E-05
    3.3840188587E-02    1.2414047971E+00    5.6246363963E-05
    3.4381631605E-02    1.2394979942E+00    5.4148360645E-05
    3.4923074622E-02    1.2376020931E+00    5.2077760157E-05
    3.5464517640E-02    1.2357172566E+00    5.0034568438E-05
    3.6005960657E-02    1.2338436241E+00    4.8018761745E-05
    3.6547403674E-02    1.2319813137E+00    4.6030288830E-05
    3.7088846692E-02    1.2301304231E+00    4.4069072992E-05
    3.7630289709E-02    1.2282910304E+00    4.2135014015E-05
    3.8171732727E-02    1.2264631960E+00    4.0227990000E-05
    3.8713175744E-02    1.2246469628E+00    3.8347859088E-05
    3.9254618761E-02    1.2228423580E+00    3.6494461086E-05
    3.9796061779E-02    1.2210493933E+00    3.4667619002E-05
    4.0337504796E-02    1.2192680661E+00    3.2867140478E-05
    4.0878947814E-02    1.2174983606E+00    3.1092819153E-05
    4.1420390831E-02    1.2157402483E+00    2.9344435931E-05
    4.1961833848E-02    1.2139936887E+00    2.7621760178E-05
    4.2503276866E-02    1.2122586301E+00    2.5924550843E-05
    4.3044719883E-02    1.2105350106E+00    2.4252557510E-05
    4.3586162901E-02    1.2088227580E+00    2.2605521386E-05
    4.4127605918E-02    1.2071217914E+00    2.0983176221E-05
    4.4669048935E-02    1.2054320207E+00    1.9385249173E-05
    4.5210491953E-02    1.2037533480E+00    1.7811461615E-05
    4.5751934970E-02    1.2020856678E+00    1.6261529887E-05
    4.6293377988E-02    1.2004288671E+00    1.4735166004E-05
    4.6834821005E-02    1.1987828266E+00    1.3232078312E-05
    4.7376264022E-02    1.1971474206E+00    1.1751972094E-05
    4.7917707040E-02    1.1955225175E+00    1.0294550147E-05
    4.8459150057E-02    1.1939079801E+00    8.8595133073E-06
    4.9000593075E-02    1.1923036664E+00    7.4465609433E-06
    4.9542036092E-02    1.1907094294E+00    6.0553914127E-06
    5.0083479109E-02    1.1891251176E+00    4.6857024856E-06
    5.0624922127E-02    1.1875505754E+00    3.3371917369E-06
    5.1166365144E-02    1.1859856433E+00    2.0095569083E-06
    5.1707808161E-02    1.1844301583E+00    7.0249624408E-07
    5.2249251179E-02    1.1828839538E+00   -5.8429120086E-07
    5.2790694196E-02    1.1813468601E+00   -1.8511052761E-06
    5.3332137214E-02    1.1798187049E+00   -3.0982444743E-06
    5.3873580231E-02    1.1782993127E+00   -4.3260056914E-06
    5.4415023248E-02    1.1767885060E+00   -5.5346840069E-06
    5.4956466266E-02    1.1752861046E+00   -6.7245724827E-06
    5.5497909283E-02    1.1737919264E+00   -7.8959619805E-06
    5.6039352301E-02    1.1723057872E+00   -9.0491409948E-06
    5.6580795318E-02    1.1708275011E+00   -1.0184395502E-05
    5.7122238335E-02    1.1693568805E+00   -1.1302008826E-05
    5.7663681353E-02    1.1678937363E+00   -1.2402261511E-05
    5.8205124370E-02    1.1664378780E+00   -1.3485431214E-05
    5.8746567388E-02    1.1649891141E+00   -1.4551792609E-05
    5.9288010405E-02    1.1635472517E+00   -1.5601617295E-05
    5.9829453422E-02    1.1621120972E+00   -1.6635173721E-05
    6.0370896440E-02    1.1606834561E+00   -1.7652727118E-05
    6.0912339457E-02    1.1592611331E+00   -1.8654539444E-05
    6.1453782475E-02    1.1578449324E+00   -1.9640869329E-05
    6.1995225492E-02    1.1564346579E+00   -2.0611972033E-05
    6.2536668509E-02    1.1550301129E+00   -2.1568099416E-05
    6.3078111527E-02    1.1536311007E+00   -2.2509499902E-05
    6.3619554544E-02    1.1522374244E+00   -2.3436418463E-05
    6.4160997562E-02    1.1508488871E+00   -2.4349096597E-05
    6.4702440579E-02    1.1494652924E+00   -2.5247772321E-05
    6.5243883596E-02    1.1480864438E+00   -2.6132680160E-05
    6.5785326614E-02    1.1467121456E+00   -2.7004051148E-05
    6.6326769631E-02    1.1453422025E+00   -2.7862112830E-05
    6.6868212649E-02    1.1439764200E+00   -2.8707089265E-05
    6.7409655666E-02    1.1426146046E+00   -2.9539201038E-05
    6.7951098683E-02    1.1412565638E+00   -3.0358665272E-05
    6.8492541701E-02    1.1399021065E+00   -3.1165695640E-05
    6.9033984718E-02    1.1385510430E+00   -3.1960502390E-05
    6.9575427736E-02    1.1372031851E+00   -3.2743292359E-05
    7.0116870753E-02    1.1358583467E+00   -3.3514268997E-05
    7.0658313770E-02    1.1345163437E+00   -3.4273632395E-05
    7.1199756788E-02    1.1331769943E+00   -3.5021579307E-05
    7.1741199805E-02    1.1318401195E+00   -3.5758303181E-05
    7.2282642823E-02    1.1305055430E+00   -3.6483994188E-05
    7.2824085840E-02    1.1291730916E+00   -3.7198839252E-05
    7.3365528857E-02    1.1278425957E+00   -3.7903022082E-05
    7.3906971875E-02    1.1265138894E+00   -3.8596723205E-05
    7.4448414892E-02    1.1251868112E+00   -3.9280120000E-05
    7.4989857910E-02    1.1238612039E+00   -3.9953386733E-05
    7.5531300927E-02    1.1225369152E+00   -4.0616694592E-05
    7.6072743944E-02    1.1212137983E+00   -4.1270211720E-05
    7.6614186962E-02    1.1198917122E+00   -4.1914103256E-05
    7.7155629979E-02    1.1185705220E+00   -4.2548531369E-05
    7.7697072997E-02    1.1172501000E+00   -4.3173655293E-05
    7.8238516014E-02    1.1159303253E+00   -4.3789631368E-05
    7.8779959031E-02    1.1146110853E+00   -4.4396613075E-05
    7.9321402049E-02    1.1132922759E+00   -4.4994751073E-05
    7.9862845066E-02    1.1119738021E+00   -4.5584193238E-05
    8.0404288084E-02    1.1106555785E+00   -4.6165084700E-05
    8.0945731101E-02    1.1093375306E+00   -4.6737567878E-05
    8.1487174118E-02    1.1080195951E+00   -4.7301782522E-05
    8.2028617136E-02    1.1067017207E+00   -4.7857865748E-05
    8.2570060153E-02    1.1053838692E+00   -4.8405952074E-05
    8.3111503171E-02    1.1040660159E+00   -4.8946173460E-05
    8.3652946188E-02    1.1027481510E+00   -4.9478659344E-05
    8.4194389205E-02    1.1014302805E+00   -5.0003536678E-05
    8.4735832223E-02    1.1001124265E+00   -5.0520929968E-05
    8.5277275240E-02    1.0987946293E+00   -5.1030961309E-05
    8.5818718258E-02    1.0974769476E+00   -5.1533750420E-05
    8.6360161275E-02    1.0961594597E+00   -5.2029414688E-05
    8.6901604292E-02    1.0948422651E+00   -5.2518069195E-05
    8.7443047310E-02    1.0935254848E+00   -5.2999826766E-05
    8.7984490327E-02    1.0922092633E+00   -5.3474797998E-05
    8.8525933345E-02    1.0908937689E+00   -5.3943091302E-05
    8.9067376362E-02    1.0895791954E+00   -5.4404812938E-05
    8.9608819379E-02    1.0882657626E+00   -5.4860067056E-05
    9.0150262397E-02    1.0869537178E+00   -5.5308955733E-05
    9.0691705414E-02    1.0856433364E+00   -5.5751579011E-05
    9.1233148432E-02    1.0843349227E+00   -5.6188034940E-05
    9.1774591449E-02    1.0830288107E+00   -5.6618419613E-05
    9.2316034466E-02    1.0817253646E+00   -5.7042827213E-05
    9.2857477484E-02    1.0804249788E+00   -5.7461350049E-05
    9.3398920501E-02    1.0791280783E+00   -5.7874078605E-05
    9.3940363519E-02    1.0778351179E+00   -5.8281101577E-05
    9.4481806536E-02    1.0765465821E+00   -5.8682505924E-05
    9.5023249553E-02    1.0752629836E+00   -5.9078376908E-05
    9.5564692571E-02    1.0739848623E+00   -5.9468798148E-05
    9.6106135588E-02    1.0727127829E+00   -5.9853851661E-05
    9.6647578606E-02    1.0714473325E+00   -6.0233617917E-05
    9.7189021623E-02    1.0701891182E+00   -6.0608175886E-05
    9.7730464640E-02    1.0689387631E+00   -6.0977603089E-05
    9.8271907658E-02    1.0676969028E+00   -6.1341975652E-05
    9.8813350675E-02    1.0664641806E+00   -6.1701368355E-05
    9.9354793692E-02    1.0652412437E+00   -6.2055854686E-05
    9.9896236710E-02    1.0640287377E+00   -6.2405506891E-05
