              w [eV]            znorm(w)       delta(w) [eV]
    1.3536075435E-04    1.3414040280E+00    2.2067161673E-04
    4.0608226305E-04    1.3413793651E+00    2.2062739508E-04
    6.7680377175E-04    1.3413300640E+00    2.2053900788E-04
    9.4752528045E-04    1.3412561734E+00    2.2040656703E-04
    1.2182467891E-03    1.3411577668E+00    2.2023023969E-04
    1.4889682978E-03    1.3410349412E+00    2.2001024744E-04
    1.7596898065E-03    1.3408878172E+00    2.1974686522E-04
    2.0304113152E-03    1.3407165386E+00    2.1944041997E-04
    2.3011328239E-03    1.3405212715E+00    2.1909128910E-04
    2.5718543326E-03    1.3403022036E+00    2.1869989867E-04
    2.8425758413E-03    1.3400595439E+00    2.1826672148E-04
    3.1132973500E-03    1.3397935213E+00    2.1779227487E-04
    3.3840188587E-03    1.3395043841E+00    2.1727711851E-04
    3.6547403674E-03    1.3391923991E+00    2.1672185193E-04
    3.9254618761E-03    1.3388578503E+00    2.1612711201E-04
    4.1961833848E-03    1.3385010383E+00    2.1549357046E-04
    4.4669048935E-03    1.3381222788E+00    2.1482193110E-04
    4.7376264022E-03    1.3377219020E+00    2.1411292726E-04
    5.0083479109E-03    1.3373002513E+00    2.1336731903E-04
    5.2790694196E-03    1.3368576821E+00    2.1258589067E-04
    5.5497909283E-03    1.3363945610E+00    2.1176944790E-04
    5.8205124370E-03    1.3359112645E+00    2.1091881533E-04
    6.0912339457E-03    1.3354081783E+00    2.1003483393E-04
    6.3619554544E-03    1.3348856957E+00    2.0911835857E-04
    6.6326769631E-03    1.3343442173E+00    2.0817025562E-04
    6.9033984718E-03    1.3337841493E+00    2.0719140066E-04
    7.1741199805E-03    1.3332059030E+00    2.0618267634E-04
    7.4448414892E-03    1.3326098941E+00    2.0514497023E-04
    7.7155629979E-03    1.3319965410E+00    2.0407917292E-04
    7.9862845066E-03    1.3313662650E+00    2.0298617611E-04
    8.2570060153E-03    1.3307194886E+00    2.0186687092E-04
    8.5277275240E-03    1.3300566354E+00    2.0072214622E-04
    8.7984490327E-03    1.3293781291E+00    1.9955288715E-04
    9.0691705414E-03    1.3286843928E+00    1.9835997370E-04
    9.3398920501E-03    1.3279758485E+00    1.9714427945E-04
    9.6106135588E-03    1.3272529165E+00    1.9590667039E-04
    9.8813350675E-03    1.3265160148E+00    1.9464800382E-04
    1.0152056576E-02    1.3257655586E+00    1.9336912738E-04
    1.0422778085E-02    1.3250019599E+00    1.9207087819E-04
    1.0693499594E-02    1.3242256270E+00    1.9075408207E-04
    1.0964221102E-02    1.3234369643E+00    1.8941955279E-04
    1.1234942611E-02    1.3226363715E+00    1.8806809149E-04
    1.1505664120E-02    1.3218242440E+00    1.8670048612E-04
    1.1776385628E-02    1.3210009717E+00    1.8531751099E-04
    1.2047107137E-02    1.3201669396E+00    1.8391992632E-04
    1.2317828646E-02    1.3193225271E+00    1.8250847793E-04
    1.2588550154E-02    1.3184681077E+00    1.8108389694E-04
    1.2859271663E-02    1.3176040493E+00    1.7964689954E-04
    1.3129993172E-02    1.3167307135E+00    1.7819818682E-04
    1.3400714681E-02    1.3158484558E+00    1.7673844462E-04
    1.3671436189E-02    1.3149576256E+00    1.7526834342E-04
    1.3942157698E-02    1.3140585656E+00    1.7378853831E-04
    1.4212879207E-02    1.3131516122E+00    1.7229966896E-04
    1.4483600715E-02    1.3122370954E+00    1.7080235961E-04
    1.4754322224E-02    1.3113153383E+00    1.6929721913E-04
    1.5025043733E-02    1.3103866577E+00    1.6778484108E-04
    1.5295765241E-02    1.3094513636E+00    1.6626580379E-04
    1.5566486750E-02    1.3085097596E+00    1.6474067046E-04
    1.5837208259E-02    1.3075621425E+00    1.6320998933E-04
    1.6107929768E-02    1.3066088025E+00    1.6167429376E-04
    1.6378651276E-02    1.3056500234E+00    1.6013410246E-04
    1.6649372785E-02    1.3046860823E+00    1.5858991961E-04
    1.6920094294E-02    1.3037172499E+00    1.5704223506E-04
    1.7190815802E-02    1.3027437904E+00    1.5549152455E-04
    1.7461537311E-02    1.3017659617E+00    1.5393824988E-04
    1.7732258820E-02    1.3007840154E+00    1.5238285915E-04
    1.8002980328E-02    1.2997981967E+00    1.5082578695E-04
    1.8273701837E-02    1.2988087446E+00    1.4926745463E-04
    1.8544423346E-02    1.2978158923E+00    1.4770827047E-04
    1.8815144855E-02    1.2968198667E+00    1.4614862998E-04
    1.9085866363E-02    1.2958208887E+00    1.4458891607E-04
    1.9356587872E-02    1.2948191736E+00    1.4302949936E-04
    1.9627309381E-02    1.2938149307E+00    1.4147073834E-04
    1.9898030889E-02    1.2928083637E+00    1.3991297970E-04
    2.0168752398E-02    1.2917996707E+00    1.3835655849E-04
    2.0439473907E-02    1.2907890443E+00    1.3680179844E-04
    2.0710195415E-02    1.2897766717E+00    1.3524901212E-04
    2.0980916924E-02    1.2887627348E+00    1.3369850126E-04
    2.1251638433E-02    1.2877474102E+00    1.3215055695E-04
    2.1522359942E-02    1.2867308694E+00    1.3060545987E-04
    2.1793081450E-02    1.2857132791E+00    1.2906348057E-04
    2.2063802959E-02    1.2846948006E+00    1.2752487966E-04
    2.2334524468E-02    1.2836755909E+00    1.2598990806E-04
    2.2605245976E-02    1.2826558019E+00    1.2445880727E-04
    2.2875967485E-02    1.2816355808E+00    1.2293180951E-04
    2.3146688994E-02    1.2806150707E+00    1.2140913805E-04
    2.3417410502E-02    1.2795944098E+00    1.1989100736E-04
    2.3688132011E-02    1.2785737320E+00    1.1837762336E-04
    2.3958853520E-02    1.2775531672E+00    1.1686918362E-04
    2.4229575029E-02    1.2765328409E+00    1.1536587760E-04
    2.4500296537E-02    1.2755128745E+00    1.1386788685E-04
    2.4771018046E-02    1.2744933855E+00    1.1237538519E-04
    2.5041739555E-02    1.2734744876E+00    1.1088853897E-04
    2.5312461063E-02    1.2724562903E+00    1.0940750720E-04
    2.5583182572E-02    1.2714388999E+00    1.0793244183E-04
    2.5853904081E-02    1.2704224185E+00    1.0646348787E-04
    2.6124625589E-02    1.2694069452E+00    1.0500078361E-04
    2.6395347098E-02    1.2683925751E+00    1.0354446082E-04
    2.6666068607E-02    1.2673794003E+00    1.0209464492E-04
    2.6936790116E-02    1.2663675094E+00    1.0065145513E-04
    2.7207511624E-02    1.2653569878E+00    9.9215004723E-05
    2.7478233133E-02    1.2643479177E+00    9.7785401106E-05
    2.7748954642E-02    1.2633403783E+00    9.6362746054E-05
    2.8019676150E-02    1.2623344458E+00    9.4947135846E-05
    2.8290397659E-02    1.2613301935E+00    9.3538661438E-05
    2.8561119168E-02    1.2603276916E+00    9.2137408615E-05
    2.8831840676E-02    1.2593270079E+00    9.0743458148E-05
    2.9102562185E-02    1.2583282072E+00    8.9356885947E-05
    2.9373283694E-02    1.2573313517E+00    8.7977763207E-05
    2.9644005203E-02    1.2563365011E+00    8.6606156555E-05
    2.9914726711E-02    1.2553437125E+00    8.5242128187E-05
    3.0185448220E-02    1.2543530407E+00    8.3885736012E-05
    3.0456169729E-02    1.2533645380E+00    8.2537033783E-05
    3.0726891237E-02    1.2523782544E+00    8.1196071227E-05
    3.0997612746E-02    1.2513942376E+00    7.9862894180E-05
    3.1268334255E-02    1.2504125331E+00    7.8537544707E-05
    3.1539055763E-02    1.2494331844E+00    7.7220061224E-05
    3.1809777272E-02    1.2484562327E+00    7.5910478623E-05
    3.2080498781E-02    1.2474817174E+00    7.4608828381E-05
    3.2351220290E-02    1.2465096757E+00    7.3315138680E-05
    3.2621941798E-02    1.2455401431E+00    7.2029434513E-05
    3.2892663307E-02    1.2445731530E+00    7.0751737793E-05
    3.3163384816E-02    1.2436087371E+00    6.9482067461E-05
    3.3434106324E-02    1.2426469254E+00    6.8220439583E-05
    3.3704827833E-02    1.2416877460E+00    6.6966867454E-05
    3.3975549342E-02    1.2407312255E+00    6.5721361694E-05
    3.4246270850E-02    1.2397773888E+00    6.4483930341E-05
    3.4516992359E-02    1.2388262592E+00    6.3254578943E-05
    3.4787713868E-02    1.2378778585E+00    6.2033310649E-05
    3.5058435377E-02    1.2369322069E+00    6.0820126296E-05
    3.5329156885E-02    1.2359893234E+00    5.9615024491E-05
    3.5599878394E-02    1.2350492252E+00    5.8418001698E-05
    3.5870599903E-02    1.2341119286E+00    5.7229052313E-05
    3.6141321411E-02    1.2331774481E+00    5.6048168745E-05
    3.6412042920E-02    1.2322457972E+00    5.4875341491E-05
    3.6682764429E-02    1.2313169881E+00    5.3710559207E-05
    3.6953485937E-02    1.2303910317E+00    5.2553808786E-05
    3.7224207446E-02    1.2294679378E+00    5.1405075419E-05
    3.7494928955E-02    1.2285477150E+00    5.0264342668E-05
    3.7765650463E-02    1.2276303708E+00    4.9131592532E-05
    3.8036371972E-02    1.2267159115E+00    4.8006805505E-05
    3.8307093481E-02    1.2258043425E+00    4.6889960644E-05
    3.8577814990E-02    1.2248956682E+00    4.5781035625E-05
    3.8848536498E-02    1.2239898918E+00    4.4680006802E-05
    3.9119258007E-02    1.2230870158E+00    4.3586849265E-05
    3.9389979516E-02    1.2221870416E+00    4.2501536892E-05
    3.9660701024E-02    1.2212899697E+00    4.1424042404E-05
    3.9931422533E-02    1.2203957997E+00    4.0354337417E-05
    4.0202144042E-02    1.2195045304E+00    3.9292392489E-05
    4.0472865550E-02    1.2186161599E+00    3.8238177171E-05
    4.0743587059E-02    1.2177306853E+00    3.7191660055E-05
    4.1014308568E-02    1.2168481029E+00    3.6152808814E-05
    4.1285030077E-02    1.2159684084E+00    3.5121590254E-05
    4.1555751585E-02    1.2150915967E+00    3.4097970348E-05
    4.1826473094E-02    1.2142176619E+00    3.3081914284E-05
    4.2097194603E-02    1.2133465977E+00    3.2073386503E-05
    4.2367916111E-02    1.2124783967E+00    3.1072350736E-05
    4.2638637620E-02    1.2116130512E+00    3.0078770044E-05
    4.2909359129E-02    1.2107505528E+00    2.9092606853E-05
    4.3180080637E-02    1.2098908925E+00    2.8113822988E-05
    4.3450802146E-02    1.2090340605E+00    2.7142379712E-05
    4.3721523655E-02    1.2081800466E+00    2.6178237751E-05
    4.3992245164E-02    1.2073288402E+00    2.5221357333E-05
    4.4262966672E-02    1.2064804300E+00    2.4271698214E-05
    4.4533688181E-02    1.2056348041E+00    2.3329219711E-05
    4.4804409690E-02    1.2047919502E+00    2.2393880728E-05
    4.5075131198E-02    1.2039518556E+00    2.1465639786E-05
    4.5345852707E-02    1.2031145069E+00    2.0544455049E-05
    4.5616574216E-02    1.2022798905E+00    1.9630284350E-05
    4.5887295724E-02    1.2014479923E+00    1.8723085214E-05
    4.6158017233E-02    1.2006187975E+00    1.7822814887E-05
    4.6428738742E-02    1.1997922913E+00    1.6929430355E-05
    4.6699460251E-02    1.1989684583E+00    1.6042888366E-05
    4.6970181759E-02    1.1981472827E+00    1.5163145458E-05
    4.7240903268E-02    1.1973287482E+00    1.4290157972E-05
    4.7511624777E-02    1.1965128385E+00    1.3423882078E-05
    4.7782346285E-02    1.1956995367E+00    1.2564273791E-05
    4.8053067794E-02    1.1948888255E+00    1.1711288993E-05
    4.8323789303E-02    1.1940806875E+00    1.0864883447E-05
    4.8594510811E-02    1.1932751048E+00    1.0025012819E-05
    4.8865232320E-02    1.1924720592E+00    9.1916326907E-06
    4.9135953829E-02    1.1916715324E+00    8.3646985797E-06
    4.9406675338E-02    1.1908735055E+00    7.5441659517E-06
    4.9677396846E-02    1.1900779597E+00    6.7299902370E-06
    4.9948118355E-02    1.1892848757E+00    5.9221268451E-06
    5.0218839864E-02    1.1884942338E+00    5.1205311779E-06
    5.0489561372E-02    1.1877060144E+00    4.3251586438E-06
    5.0760282881E-02    1.1869201975E+00    3.5359646700E-06
    5.1031004390E-02    1.1861367628E+00    2.7529047148E-06
    5.1301725898E-02    1.1853556899E+00    1.9759342801E-06
    5.1572447407E-02    1.1845769580E+00    1.2050089218E-06
    5.1843168916E-02    1.1838005463E+00    4.4008426177E-07
    5.2113890425E-02    1.1830264338E+00   -3.1888400262E-07
    5.2384611933E-02    1.1822545991E+00   -1.0719400878E-06
    5.2655333442E-02    1.1814850208E+00   -1.8191281148E-06
    5.2926054951E-02    1.1807176773E+00   -2.5604920996E-06
    5.3196776459E-02    1.1799525467E+00   -3.2960759447E-06
    5.3467497968E-02    1.1791896070E+00   -4.0259234305E-06
    5.3738219477E-02    1.1784288362E+00   -4.7500782070E-06
    5.4008940985E-02    1.1776702119E+00   -5.4685837864E-06
    5.4279662494E-02    1.1769137117E+00   -6.1814835357E-06
    5.4550384003E-02    1.1761593131E+00   -6.8888206692E-06
    5.4821105512E-02    1.1754069932E+00   -7.5906382422E-06
    5.5091827020E-02    1.1746567294E+00   -8.2869791445E-06
    5.5362548529E-02    1.1739084985E+00   -8.9778860941E-06
    5.5633270038E-02    1.1731622775E+00   -9.6634016315E-06
    5.5903991546E-02    1.1724180432E+00   -1.0343568114E-05
    5.6174713055E-02    1.1716757723E+00   -1.1018427711E-05
    5.6445434564E-02    1.1709354413E+00   -1.1688022397E-05
    5.6716156072E-02    1.1701970268E+00   -1.2352393950E-05
    5.6986877581E-02    1.1694605051E+00   -1.3011583945E-05
    5.7257599090E-02    1.1687258526E+00   -1.3665633750E-05
    5.7528320599E-02    1.1679930453E+00   -1.4314584521E-05
    5.7799042107E-02    1.1672620595E+00   -1.4958477199E-05
    5.8069763616E-02    1.1665328712E+00   -1.5597352508E-05
    5.8340485125E-02    1.1658054564E+00   -1.6231250950E-05
    5.8611206633E-02    1.1650797909E+00   -1.6860212800E-05
    5.8881928142E-02    1.1643558507E+00   -1.7484278107E-05
    5.9152649651E-02    1.1636336115E+00   -1.8103486688E-05
    5.9423371159E-02    1.1629130489E+00   -1.8717878125E-05
    5.9694092668E-02    1.1621941388E+00   -1.9327491767E-05
    5.9964814177E-02    1.1614768567E+00   -1.9932366722E-05
    6.0235535686E-02    1.1607611781E+00   -2.0532541858E-05
    6.0506257194E-02    1.1600470787E+00   -2.1128055801E-05
    6.0776978703E-02    1.1593345339E+00   -2.1718946933E-05
    6.1047700212E-02    1.1586235192E+00   -2.2305253388E-05
    6.1318421720E-02    1.1579140101E+00   -2.2887013054E-05
    6.1589143229E-02    1.1572059818E+00   -2.3464263569E-05
    6.1859864738E-02    1.1564994099E+00   -2.4037042320E-05
    6.2130586246E-02    1.1557942698E+00   -2.4605386445E-05
    6.2401307755E-02    1.1550905367E+00   -2.5169332827E-05
    6.2672029264E-02    1.1543881860E+00   -2.5728918095E-05
    6.2942750772E-02    1.1536871931E+00   -2.6284178626E-05
    6.3213472281E-02    1.1529875333E+00   -2.6835150539E-05
    6.3484193790E-02    1.1522891820E+00   -2.7381869700E-05
    6.3754915299E-02    1.1515921146E+00   -2.7924371717E-05
    6.4025636807E-02    1.1508963064E+00   -2.8462691941E-05
    6.4296358316E-02    1.1502017328E+00   -2.8996865468E-05
    6.4567079825E-02    1.1495083691E+00   -2.9526927134E-05
    6.4837801333E-02    1.1488161910E+00   -3.0052911520E-05
    6.5108522842E-02    1.1481251737E+00   -3.0574852948E-05
    6.5379244351E-02    1.1474352929E+00   -3.1092785483E-05
    6.5649965859E-02    1.1467465240E+00   -3.1606742933E-05
    6.5920687368E-02    1.1460588427E+00   -3.2116758847E-05
    6.6191408877E-02    1.1453722245E+00   -3.2622866519E-05
    6.6462130386E-02    1.1446866452E+00   -3.3125098986E-05
    6.6732851894E-02    1.1440020804E+00   -3.3623489026E-05
    6.7003573403E-02    1.1433185061E+00   -3.4118069165E-05
    6.7274294912E-02    1.1426358981E+00   -3.4608871669E-05
    6.7545016420E-02    1.1419542323E+00   -3.5095928553E-05
    6.7815737929E-02    1.1412734848E+00   -3.5579271575E-05
    6.8086459438E-02    1.1405936317E+00   -3.6058932238E-05
    6.8357180946E-02    1.1399146492E+00   -3.6534941796E-05
    6.8627902455E-02    1.1392365137E+00   -3.7007331247E-05
    6.8898623964E-02    1.1385592015E+00   -3.7476131337E-05
    6.9169345473E-02    1.1378826893E+00   -3.7941372564E-05
    6.9440066981E-02    1.1372069536E+00   -3.8403085173E-05
    6.9710788490E-02    1.1365319713E+00   -3.8861299160E-05
    6.9981509999E-02    1.1358577192E+00   -3.9316044275E-05
    7.0252231507E-02    1.1351841745E+00   -3.9767350018E-05
    7.0522953016E-02    1.1345113144E+00   -4.0215245643E-05
    7.0793674525E-02    1.1338391162E+00   -4.0659760160E-05
    7.1064396033E-02    1.1331675575E+00   -4.1100922332E-05
    7.1335117542E-02    1.1324966159E+00   -4.1538760683E-05
    7.1605839051E-02    1.1318262695E+00   -4.1973303489E-05
    7.1876560560E-02    1.1311564962E+00   -4.2404578790E-05
    7.2147282068E-02    1.1304872744E+00   -4.2832614383E-05
    7.2418003577E-02    1.1298185825E+00   -4.3257437827E-05
    7.2688725086E-02    1.1291503994E+00   -4.3679076443E-05
    7.2959446594E-02    1.1284827039E+00   -4.4097557316E-05
    7.3230168103E-02    1.1278154753E+00   -4.4512907295E-05
    7.3500889612E-02    1.1271486930E+00   -4.4925152995E-05
    7.3771611120E-02    1.1264823368E+00   -4.5334320800E-05
    7.4042332629E-02    1.1258163867E+00   -4.5740436860E-05
    7.4313054138E-02    1.1251508229E+00   -4.6143527096E-05
    7.4583775647E-02    1.1244856260E+00   -4.6543617199E-05
    7.4854497155E-02    1.1238207770E+00   -4.6940732633E-05
    7.5125218664E-02    1.1231562571E+00   -4.7334898637E-05
    7.5395940173E-02    1.1224920479E+00   -4.7726140221E-05
    7.5666661681E-02    1.1218281313E+00   -4.8114482176E-05
    7.5937383190E-02    1.1211644896E+00   -4.8499949067E-05
    7.6208104699E-02    1.1205011055E+00   -4.8882565240E-05
    7.6478826207E-02    1.1198379622E+00   -4.9262354820E-05
    7.6749547716E-02    1.1191750431E+00   -4.9639341713E-05
    7.7020269225E-02    1.1185123321E+00   -5.0013549611E-05
    7.7290990734E-02    1.1178498138E+00   -5.0385001986E-05
    7.7561712242E-02    1.1171874729E+00   -5.0753722100E-05
    7.7832433751E-02    1.1165252948E+00   -5.1119732999E-05
    7.8103155260E-02    1.1158632654E+00   -5.1483057519E-05
    7.8373876768E-02    1.1152013710E+00   -5.1843718284E-05
    7.8644598277E-02    1.1145395986E+00   -5.2201737712E-05
    7.8915319786E-02    1.1138779356E+00   -5.2557138011E-05
    7.9186041294E-02    1.1132163702E+00   -5.2909941185E-05
    7.9456762803E-02    1.1125548911E+00   -5.3260169031E-05
    7.9727484312E-02    1.1118934875E+00   -5.3607843145E-05
    7.9998205821E-02    1.1112321493E+00   -5.3952984919E-05
    8.0268927329E-02    1.1105708673E+00   -5.4295615547E-05
    8.0539648838E-02    1.1099096328E+00   -5.4635756021E-05
    8.0810370347E-02    1.1092484377E+00   -5.4973427138E-05
    8.1081091855E-02    1.1085872750E+00   -5.5308649495E-05
    8.1351813364E-02    1.1079261381E+00   -5.5641443499E-05
    8.1622534873E-02    1.1072650214E+00   -5.5971829358E-05
    8.1893256381E-02    1.1066039201E+00   -5.6299827092E-05
    8.2163977890E-02    1.1059428302E+00   -5.6625456528E-05
    8.2434699399E-02    1.1052817487E+00   -5.6948737304E-05
    8.2705420908E-02    1.1046206733E+00   -5.7269688870E-05
    8.2976142416E-02    1.1039596028E+00   -5.7588330488E-05
    8.3246863925E-02    1.1032985370E+00   -5.7904681236E-05
    8.3517585434E-02    1.1026374765E+00   -5.8218760009E-05
    8.3788306942E-02    1.1019764230E+00   -5.8530585517E-05
    8.4059028451E-02    1.1013153795E+00   -5.8840176289E-05
    8.4329749960E-02    1.1006543496E+00   -5.9147550676E-05
    8.4600471468E-02    1.0999933385E+00   -5.9452726849E-05
    8.4871192977E-02    1.0993323523E+00   -5.9755722802E-05
    8.5141914486E-02    1.0986713984E+00   -6.0056556353E-05
    8.5412635995E-02    1.0980104853E+00   -6.0355245146E-05
    8.5683357503E-02    1.0973496227E+00   -6.0651806653E-05
    8.5954079012E-02    1.0966888219E+00   -6.0946258172E-05
    8.6224800521E-02    1.0960280953E+00   -6.1238616832E-05
    8.6495522029E-02    1.0953674565E+00   -6.1528899593E-05
    8.6766243538E-02    1.0947069209E+00   -6.1817123247E-05
    8.7036965047E-02    1.0940465050E+00   -6.2103304421E-05
    8.7307686555E-02    1.0933862269E+00   -6.2387459576E-05
    8.7578408064E-02    1.0927261061E+00   -6.2669605009E-05
    8.7849129573E-02    1.0920661637E+00   -6.2949756858E-05
    8.8119851081E-02    1.0914064224E+00   -6.3227931096E-05
    8.8390572590E-02    1.0907469064E+00   -6.3504143541E-05
    8.8661294099E-02    1.0900876417E+00   -6.3778409850E-05
    8.8932015608E-02    1.0894286556E+00   -6.4050745525E-05
    8.9202737116E-02    1.0887699776E+00   -6.4321165913E-05
    8.9473458625E-02    1.0881116385E+00   -6.4589686208E-05
    8.9744180134E-02    1.0874536711E+00   -6.4856321451E-05
    9.0014901642E-02    1.0867961099E+00   -6.5121086532E-05
    9.0285623151E-02    1.0861389911E+00   -6.5383996193E-05
    9.0556344660E-02    1.0854823529E+00   -6.5645065028E-05
    9.0827066168E-02    1.0848262352E+00   -6.5904307484E-05
    9.1097787677E-02    1.0841706799E+00   -6.6161737863E-05
    9.1368509186E-02    1.0835157307E+00   -6.6417370326E-05
    9.1639230695E-02    1.0828614332E+00   -6.6671218890E-05
    9.1909952203E-02    1.0822078350E+00   -6.6923297433E-05
    9.2180673712E-02    1.0815549854E+00   -6.7173619695E-05
    9.2451395221E-02    1.0809029357E+00   -6.7422199276E-05
    9.2722116729E-02    1.0802517393E+00   -6.7669049645E-05
    9.2992838238E-02    1.0796014511E+00   -6.7914184134E-05
    9.3263559747E-02    1.0789521283E+00   -6.8157615944E-05
    9.3534281255E-02    1.0783038296E+00   -6.8399358146E-05
    9.3805002764E-02    1.0776566158E+00   -6.8639423680E-05
    9.4075724273E-02    1.0770105493E+00   -6.8877825362E-05
    9.4346445782E-02    1.0763656944E+00   -6.9114575881E-05
    9.4617167290E-02    1.0757221171E+00   -6.9349687801E-05
    9.4887888799E-02    1.0750798849E+00   -6.9583173568E-05
    9.5158610308E-02    1.0744390671E+00   -6.9815045503E-05
    9.5429331816E-02    1.0737997344E+00   -7.0045315812E-05
    9.5700053325E-02    1.0731619591E+00   -7.0273996585E-05
    9.5970774834E-02    1.0725258147E+00   -7.0501099794E-05
    9.6241496342E-02    1.0718913761E+00   -7.0726637301E-05
    9.6512217851E-02    1.0712587194E+00   -7.0950620857E-05
    9.6782939360E-02    1.0706279216E+00   -7.1173062103E-05
    9.7053660869E-02    1.0699990609E+00   -7.1393972573E-05
    9.7324382377E-02    1.0693722161E+00   -7.1613363696E-05
    9.7595103886E-02    1.0687474669E+00   -7.1831246798E-05
    9.7865825395E-02    1.0681248935E+00   -7.2047633103E-05
    9.8136546903E-02    1.0675045765E+00   -7.2262533737E-05
    9.8407268412E-02    1.0668865968E+00   -7.2475959727E-05
    9.8677989921E-02    1.0662710355E+00   -7.2687922004E-05
    9.8948711429E-02    1.0656579736E+00   -7.2898431407E-05
    9.9219432938E-02    1.0650474921E+00   -7.3107498683E-05
    9.9490154447E-02    1.0644396714E+00   -7.3315134489E-05
    9.9760875956E-02    1.0638345916E+00   -7.3521349392E-05
