&CONTROL
 calculation = 'nscf'
 prefix = 'si'
 pseudo_dir = '<赝势库路径>'
 outdir = './tmp'
 tprnfor = .true.
 verbosity = 'high'
/
&SYSTEM
 ibrav = 2
 celldm(1) = 10.2
 nat = 2
 ntyp = 1
 ecutwfc = 40
 ecutrho = 320
 nbnd = 4
 occupations = 'fixed'
 nosym = .true.
 noinv = .true.
/
&ELECTRONS
 conv_thr = 1.0d-12
 diagonalization = 'cg'
 diago_thr_init = 1.0d-10
 diago_full_acc = .true.
 diago_cg_maxiter = 200
/
ATOMIC_SPECIES
Si 28.0855 Si.pbe-n-van.UPF
ATOMIC_POSITIONS crystal
Si -0.25 0.75 -0.25
Si 0.00 0.00 0.00
K_POINTS crystal
216
0.000000000000 0.000000000000 0.000000000000 0.004629629630
0.000000000000 0.000000000000 0.166666666667 0.004629629630
0.000000000000 0.000000000000 0.333333333333 0.004629629630
0.000000000000 0.000000000000 0.500000000000 0.004629629630
0.000000000000 0.000000000000 0.666666666667 0.004629629630
0.000000000000 0.000000000000 0.833333333333 0.004629629630
0.000000000000 0.166666666667 0.000000000000 0.004629629630
0.000000000000 0.166666666667 0.166666666667 0.004629629630
0.000000000000 0.166666666667 0.333333333333 0.004629629630
0.000000000000 0.166666666667 0.500000000000 0.004629629630
0.000000000000 0.166666666667 0.666666666667 0.004629629630
0.000000000000 0.166666666667 0.833333333333 0.004629629630
0.000000000000 0.333333333333 0.000000000000 0.004629629630
0.000000000000 0.333333333333 0.166666666667 0.004629629630
0.000000000000 0.333333333333 0.333333333333 0.004629629630
0.000000000000 0.333333333333 0.500000000000 0.004629629630
0.000000000000 0.333333333333 0.666666666667 0.004629629630
0.000000000000 0.333333333333 0.833333333333 0.004629629630
0.000000000000 0.500000000000 0.000000000000 0.004629629630
0.000000000000 0.500000000000 0.166666666667 0.004629629630
0.000000000000 0.500000000000 0.333333333333 0.004629629630
0.000000000000 0.500000000000 0.500000000000 0.004629629630
0.000000000000 0.500000000000 0.666666666667 0.004629629630
0.000000000000 0.500000000000 0.833333333333 0.004629629630
0.000000000000 0.666666666667 0.000000000000 0.004629629630
0.000000000000 0.666666666667 0.166666666667 0.004629629630
0.000000000000 0.666666666667 0.333333333333 0.004629629630
0.000000000000 0.666666666667 0.500000000000 0.004629629630
0.000000000000 0.666666666667 0.666666666667 0.004629629630
0.000000000000 0.666666666667 0.833333333333 0.004629629630
0.000000000000 0.833333333333 0.000000000000 0.004629629630
0.000000000000 0.833333333333 0.166666666667 0.004629629630
0.000000000000 0.833333333333 0.333333333333 0.004629629630
0.000000000000 0.833333333333 0.500000000000 0.004629629630
0.000000000000 0.833333333333 0.666666666667 0.004629629630
0.000000000000 0.833333333333 0.833333333333 0.004629629630
0.166666666667 0.000000000000 0.000000000000 0.004629629630
0.166666666667 0.000000000000 0.166666666667 0.004629629630
0.166666666667 0.000000000000 0.333333333333 0.004629629630
0.166666666667 0.000000000000 0.500000000000 0.004629629630
0.166666666667 0.000000000000 0.666666666667 0.004629629630
0.166666666667 0.000000000000 0.833333333333 0.004629629630
0.166666666667 0.166666666667 0.000000000000 0.004629629630
0.166666666667 0.166666666667 0.166666666667 0.004629629630
0.166666666667 0.166666666667 0.333333333333 0.004629629630
0.166666666667 0.166666666667 0.500000000000 0.004629629630
0.166666666667 0.166666666667 0.666666666667 0.004629629630
0.166666666667 0.166666666667 0.833333333333 0.004629629630
0.166666666667 0.333333333333 0.000000000000 0.004629629630
0.166666666667 0.333333333333 0.166666666667 0.004629629630
0.166666666667 0.333333333333 0.333333333333 0.004629629630
0.166666666667 0.333333333333 0.500000000000 0.004629629630
0.166666666667 0.333333333333 0.666666666667 0.004629629630
0.166666666667 0.333333333333 0.833333333333 0.004629629630
0.166666666667 0.500000000000 0.000000000000 0.004629629630
0.166666666667 0.500000000000 0.166666666667 0.004629629630
0.166666666667 0.500000000000 0.333333333333 0.004629629630
0.166666666667 0.500000000000 0.500000000000 0.004629629630
0.166666666667 0.500000000000 0.666666666667 0.004629629630
0.166666666667 0.500000000000 0.833333333333 0.004629629630
0.166666666667 0.666666666667 0.000000000000 0.004629629630
0.166666666667 0.666666666667 0.166666666667 0.004629629630
0.166666666667 0.666666666667 0.333333333333 0.004629629630
0.166666666667 0.666666666667 0.500000000000 0.004629629630
0.166666666667 0.666666666667 0.666666666667 0.004629629630
0.166666666667 0.666666666667 0.833333333333 0.004629629630
0.166666666667 0.833333333333 0.000000000000 0.004629629630
0.166666666667 0.833333333333 0.166666666667 0.004629629630
0.166666666667 0.833333333333 0.333333333333 0.004629629630
0.166666666667 0.833333333333 0.500000000000 0.004629629630
0.166666666667 0.833333333333 0.666666666667 0.004629629630
0.166666666667 0.833333333333 0.833333333333 0.004629629630
0.333333333333 0.000000000000 0.000000000000 0.004629629630
0.333333333333 0.000000000000 0.166666666667 0.004629629630
0.333333333333 0.000000000000 0.333333333333 0.004629629630
0.333333333333 0.000000000000 0.500000000000 0.004629629630
0.333333333333 0.000000000000 0.666666666667 0.004629629630
0.333333333333 0.000000000000 0.833333333333 0.004629629630
0.333333333333 0.166666666667 0.000000000000 0.004629629630
0.333333333333 0.166666666667 0.166666666667 0.004629629630
0.333333333333 0.166666666667 0.333333333333 0.004629629630
0.333333333333 0.166666666667 0.500000000000 0.004629629630
0.333333333333 0.166666666667 0.666666666667 0.004629629630
0.333333333333 0.166666666667 0.833333333333 0.004629629630
0.333333333333 0.333333333333 0.000000000000 0.004629629630
0.333333333333 0.333333333333 0.166666666667 0.004629629630
0.333333333333 0.333333333333 0.333333333333 0.004629629630
0.333333333333 0.333333333333 0.500000000000 0.004629629630
0.333333333333 0.333333333333 0.666666666667 0.004629629630
0.333333333333 0.333333333333 0.833333333333 0.004629629630
0.333333333333 0.500000000000 0.000000000000 0.004629629630
0.333333333333 0.500000000000 0.166666666667 0.004629629630
0.333333333333 0.500000000000 0.333333333333 0.004629629630
0.333333333333 0.500000000000 0.500000000000 0.004629629630
0.333333333333 0.500000000000 0.666666666667 0.004629629630
0.333333333333 0.500000000000 0.833333333333 0.004629629630
0.333333333333 0.666666666667 0.000000000000 0.004629629630
0.333333333333 0.666666666667 0.166666666667 0.004629629630
0.333333333333 0.666666666667 0.333333333333 0.004629629630
0.333333333333 0.666666666667 0.500000000000 0.004629629630
0.333333333333 0.666666666667 0.666666666667 0.004629629630
0.333333333333 0.666666666667 0.833333333333 0.004629629630
0.333333333333 0.833333333333 0.000000000000 0.004629629630
0.333333333333 0.833333333333 0.166666666667 0.004629629630
0.333333333333 0.833333333333 0.333333333333 0.004629629630
0.333333333333 0.833333333333 0.500000000000 0.004629629630
0.333333333333 0.833333333333 0.666666666667 0.004629629630
0.333333333333 0.833333333333 0.833333333333 0.004629629630
0.500000000000 0.000000000000 0.000000000000 0.004629629630
0.500000000000 0.000000000000 0.166666666667 0.004629629630
0.500000000000 0.000000000000 0.333333333333 0.004629629630
0.500000000000 0.000000000000 0.500000000000 0.004629629630
0.500000000000 0.000000000000 0.666666666667 0.004629629630
0.500000000000 0.000000000000 0.833333333333 0.004629629630
0.500000000000 0.166666666667 0.000000000000 0.004629629630
0.500000000000 0.166666666667 0.166666666667 0.004629629630
0.500000000000 0.166666666667 0.333333333333 0.004629629630
0.500000000000 0.166666666667 0.500000000000 0.004629629630
0.500000000000 0.166666666667 0.666666666667 0.004629629630
0.500000000000 0.166666666667 0.833333333333 0.004629629630
0.500000000000 0.333333333333 0.000000000000 0.004629629630
0.500000000000 0.333333333333 0.166666666667 0.004629629630
0.500000000000 0.333333333333 0.333333333333 0.004629629630
0.500000000000 0.333333333333 0.500000000000 0.004629629630
0.500000000000 0.333333333333 0.666666666667 0.004629629630
0.500000000000 0.333333333333 0.833333333333 0.004629629630
0.500000000000 0.500000000000 0.000000000000 0.004629629630
0.500000000000 0.500000000000 0.166666666667 0.004629629630
0.500000000000 0.500000000000 0.333333333333 0.004629629630
0.500000000000 0.500000000000 0.500000000000 0.004629629630
0.500000000000 0.500000000000 0.666666666667 0.004629629630
0.500000000000 0.500000000000 0.833333333333 0.004629629630
0.500000000000 0.666666666667 0.000000000000 0.004629629630
0.500000000000 0.666666666667 0.166666666667 0.004629629630
0.500000000000 0.666666666667 0.333333333333 0.004629629630
0.500000000000 0.666666666667 0.500000000000 0.004629629630
0.500000000000 0.666666666667 0.666666666667 0.004629629630
0.500000000000 0.666666666667 0.833333333333 0.004629629630
0.500000000000 0.833333333333 0.000000000000 0.004629629630
0.500000000000 0.833333333333 0.166666666667 0.004629629630
0.500000000000 0.833333333333 0.333333333333 0.004629629630
0.500000000000 0.833333333333 0.500000000000 0.004629629630
0.500000000000 0.833333333333 0.666666666667 0.004629629630
0.500000000000 0.833333333333 0.833333333333 0.004629629630
0.666666666667 0.000000000000 0.000000000000 0.004629629630
0.666666666667 0.000000000000 0.166666666667 0.004629629630
0.666666666667 0.000000000000 0.333333333333 0.004629629630
0.666666666667 0.000000000000 0.500000000000 0.004629629630
0.666666666667 0.000000000000 0.666666666667 0.004629629630
0.666666666667 0.000000000000 0.833333333333 0.004629629630
0.666666666667 0.166666666667 0.000000000000 0.004629629630
0.666666666667 0.166666666667 0.166666666667 0.004629629630
0.666666666667 0.166666666667 0.333333333333 0.004629629630
0.666666666667 0.166666666667 0.500000000000 0.004629629630
0.666666666667 0.166666666667 0.666666666667 0.004629629630
0.666666666667 0.166666666667 0.833333333333 0.004629629630
0.666666666667 0.333333333333 0.000000000000 0.004629629630
0.666666666667 0.333333333333 0.166666666667 0.004629629630
0.666666666667 0.333333333333 0.333333333333 0.004629629630
0.666666666667 0.333333333333 0.500000000000 0.004629629630
0.666666666667 0.333333333333 0.666666666667 0.004629629630
0.666666666667 0.333333333333 0.833333333333 0.004629629630
0.666666666667 0.500000000000 0.000000000000 0.004629629630
0.666666666667 0.500000000000 0.166666666667 0.004629629630
0.666666666667 0.500000000000 0.333333333333 0.004629629630
0.666666666667 0.500000000000 0.500000000000 0.004629629630
0.666666666667 0.500000000000 0.666666666667 0.004629629630
0.666666666667 0.500000000000 0.833333333333 0.004629629630
0.666666666667 0.666666666667 0.000000000000 0.004629629630
0.666666666667 0.666666666667 0.166666666667 0.004629629630
0.666666666667 0.666666666667 0.333333333333 0.004629629630
0.666666666667 0.666666666667 0.500000000000 0.004629629630
0.666666666667 0.666666666667 0.666666666667 0.004629629630
0.666666666667 0.666666666667 0.833333333333 0.004629629630
0.666666666667 0.833333333333 0.000000000000 0.004629629630
0.666666666667 0.833333333333 0.166666666667 0.004629629630
0.666666666667 0.833333333333 0.333333333333 0.004629629630
0.666666666667 0.833333333333 0.500000000000 0.004629629630
0.666666666667 0.833333333333 0.666666666667 0.004629629630
0.666666666667 0.833333333333 0.833333333333 0.004629629630
0.833333333333 0.000000000000 0.000000000000 0.004629629630
0.833333333333 0.000000000000 0.166666666667 0.004629629630
0.833333333333 0.000000000000 0.333333333333 0.004629629630
0.833333333333 0.000000000000 0.500000000000 0.004629629630
0.833333333333 0.000000000000 0.666666666667 0.004629629630
0.833333333333 0.000000000000 0.833333333333 0.004629629630
0.833333333333 0.166666666667 0.000000000000 0.004629629630
0.833333333333 0.166666666667 0.166666666667 0.004629629630
0.833333333333 0.166666666667 0.333333333333 0.004629629630
0.833333333333 0.166666666667 0.500000000000 0.004629629630
0.833333333333 0.166666666667 0.666666666667 0.004629629630
0.833333333333 0.166666666667 0.833333333333 0.004629629630
0.833333333333 0.333333333333 0.000000000000 0.004629629630
0.833333333333 0.333333333333 0.166666666667 0.004629629630
0.833333333333 0.333333333333 0.333333333333 0.004629629630
0.833333333333 0.333333333333 0.500000000000 0.004629629630
0.833333333333 0.333333333333 0.666666666667 0.004629629630
0.833333333333 0.333333333333 0.833333333333 0.004629629630
0.833333333333 0.500000000000 0.000000000000 0.004629629630
0.833333333333 0.500000000000 0.166666666667 0.004629629630
0.833333333333 0.500000000000 0.333333333333 0.004629629630
0.833333333333 0.500000000000 0.500000000000 0.004629629630
0.833333333333 0.500000000000 0.666666666667 0.004629629630
0.833333333333 0.500000000000 0.833333333333 0.004629629630
0.833333333333 0.666666666667 0.000000000000 0.004629629630
0.833333333333 0.666666666667 0.166666666667 0.004629629630
0.833333333333 0.666666666667 0.333333333333 0.004629629630
0.833333333333 0.666666666667 0.500000000000 0.004629629630
0.833333333333 0.666666666667 0.666666666667 0.004629629630
0.833333333333 0.666666666667 0.833333333333 0.004629629630
0.833333333333 0.833333333333 0.000000000000 0.004629629630
0.833333333333 0.833333333333 0.166666666667 0.004629629630
0.833333333333 0.833333333333 0.333333333333 0.004629629630
0.833333333333 0.833333333333 0.500000000000 0.004629629630
0.833333333333 0.833333333333 0.666666666667 0.004629629630
0.833333333333 0.833333333333 0.833333333333 0.004629629630
