  0.00000000E+00 -0.56992219E+01
  0.14550857E-01 -0.56985861E+01
  0.29101714E-01 -0.56966770E+01
  0.43652572E-01 -0.56934896E+01
  0.58203429E-01 -0.56890155E+01
  0.72754286E-01 -0.56832434E+01
  0.87305143E-01 -0.56761593E+01
  0.10185600E+00 -0.56677466E+01
  0.11640686E+00 -0.56579872E+01
  0.13095771E+00 -0.56468612E+01
  0.14550857E+00 -0.56343479E+01
  0.16005943E+00 -0.56204264E+01
  0.17461029E+00 -0.56050758E+01
  0.18916114E+00 -0.55882758E+01
  0.20371200E+00 -0.55700076E+01
  0.21826286E+00 -0.55502537E+01
  0.23281372E+00 -0.55289989E+01
  0.24736457E+00 -0.55062306E+01
  0.26191543E+00 -0.54819388E+01
  0.27646629E+00 -0.54561166E+01
  0.29101714E+00 -0.54287606E+01
  0.30556800E+00 -0.53998705E+01
  0.32011886E+00 -0.53694497E+01
  0.33466972E+00 -0.53375050E+01
  0.34922057E+00 -0.53040466E+01
  0.36377143E+00 -0.52690881E+01
  0.37832229E+00 -0.52326463E+01
  0.39287314E+00 -0.51947410E+01
  0.40742400E+00 -0.51553950E+01
  0.42197486E+00 -0.51146333E+01
  0.43652572E+00 -0.50724833E+01
  0.45107657E+00 -0.50289745E+01
  0.46562743E+00 -0.49841379E+01
  0.48017829E+00 -0.49380058E+01
  0.49472914E+00 -0.48906113E+01
  0.50928000E+00 -0.48419882E+01
  0.52383086E+00 -0.47921705E+01
  0.53838172E+00 -0.47411917E+01
  0.55293257E+00 -0.46890846E+01
  0.56748343E+00 -0.46358812E+01
  0.58203429E+00 -0.45816116E+01
  0.59658515E+00 -0.45263039E+01
  0.61113600E+00 -0.44699841E+01
  0.62568686E+00 -0.44126750E+01
  0.64023772E+00 -0.43543963E+01
  0.65478857E+00 -0.42951639E+01
  0.66933943E+00 -0.42349898E+01
  0.68389029E+00 -0.41738817E+01
  0.69844115E+00 -0.41118426E+01
  0.71299200E+00 -0.40488709E+01
  0.72754286E+00 -0.39849600E+01
  0.74209372E+00 -0.39200982E+01
  0.75664457E+00 -0.38542689E+01
  0.77119543E+00 -0.37874510E+01
  0.78574629E+00 -0.37196182E+01
  0.80029715E+00 -0.36507404E+01
  0.81484800E+00 -0.35807831E+01
  0.82939886E+00 -0.35097088E+01
  0.84394972E+00 -0.34374767E+01
  0.85850057E+00 -0.33640440E+01
  0.87305143E+00 -0.32893664E+01
  0.88760229E+00 -0.32133987E+01
  0.90215315E+00 -0.31360960E+01
  0.91670400E+00 -0.30574144E+01
  0.93125486E+00 -0.29773117E+01
  0.94580572E+00 -0.28957488E+01
  0.96035658E+00 -0.28126903E+01
  0.97490743E+00 -0.27281054E+01
  0.98945829E+00 -0.26419692E+01
  0.10040091E+01 -0.25542628E+01
  0.10185600E+01 -0.24649749E+01
  0.10331109E+01 -0.23741022E+01
  0.10476617E+01 -0.22816496E+01
  0.10622126E+01 -0.21876316E+01
  0.10767634E+01 -0.20920722E+01
  0.10913143E+01 -0.19950052E+01
  0.11058651E+01 -0.18964747E+01
  0.11204160E+01 -0.17965350E+01
  0.11349669E+01 -0.16952502E+01
  0.11495177E+01 -0.15926945E+01
  0.11640686E+01 -0.14889517E+01
  0.11786194E+01 -0.14887354E+01
  0.11931703E+01 -0.14880860E+01
  0.12077211E+01 -0.14870046E+01
  0.12222720E+01 -0.14854935E+01
  0.12368229E+01 -0.14835557E+01
  0.12513737E+01 -0.14811957E+01
  0.12659246E+01 -0.14784189E+01
  0.12804754E+01 -0.14752322E+01
  0.12950263E+01 -0.14716440E+01
  0.13095771E+01 -0.14676642E+01
  0.13241280E+01 -0.14633049E+01
  0.13386789E+01 -0.14585800E+01
  0.13532297E+01 -0.14535055E+01
  0.13677806E+01 -0.14481000E+01
  0.13823314E+01 -0.14423845E+01
  0.13968823E+01 -0.14363827E+01
  0.14114331E+01 -0.14301208E+01
  0.14259840E+01 -0.14236283E+01
  0.14405349E+01 -0.14169372E+01
  0.14550857E+01 -0.14100827E+01
  0.14696366E+01 -0.14031027E+01
  0.14841874E+01 -0.13960382E+01
  0.14987383E+01 -0.13889328E+01
  0.15132891E+01 -0.13818328E+01
  0.15278400E+01 -0.13747866E+01
  0.15423909E+01 -0.13678452E+01
  0.15569417E+01 -0.13610612E+01
  0.15714926E+01 -0.13544888E+01
  0.15860434E+01 -0.13481813E+01
  0.16005943E+01 -0.13421933E+01
  0.16151451E+01 -0.13365784E+01
  0.16296960E+01 -0.13313891E+01
  0.16442469E+01 -0.13266754E+01
  0.16587977E+01 -0.13224843E+01
  0.16733486E+01 -0.13188589E+01
  0.16878994E+01 -0.13158373E+01
  0.17024503E+01 -0.13134520E+01
  0.17170011E+01 -0.13117290E+01
  0.17315520E+01 -0.13106875E+01
  0.17461029E+01 -0.13103391E+01
  0.17605436E+01 -0.13701896E+01
  0.17749843E+01 -0.14303092E+01
  0.17894250E+01 -0.14904949E+01
  0.18038657E+01 -0.15505617E+01
  0.18183064E+01 -0.16103428E+01
  0.18327472E+01 -0.16696896E+01
  0.18471879E+01 -0.17284728E+01
  0.18616286E+01 -0.17865816E+01
  0.18760693E+01 -0.18439240E+01
  0.18905100E+01 -0.19004255E+01
  0.19049507E+01 -0.19560280E+01
  0.19193914E+01 -0.20106884E+01
  0.19338322E+01 -0.20643767E+01
  0.19482729E+01 -0.21170746E+01
  0.19627136E+01 -0.21687730E+01
  0.19771543E+01 -0.22194707E+01
  0.19915950E+01 -0.22691717E+01
  0.20060357E+01 -0.23178837E+01
  0.20204765E+01 -0.23656163E+01
  0.20349172E+01 -0.24123791E+01
  0.20493579E+01 -0.24581803E+01
  0.20637986E+01 -0.25030258E+01
  0.20782393E+01 -0.25469174E+01
  0.20926800E+01 -0.25898529E+01
  0.21071208E+01 -0.26318248E+01
  0.21215615E+01 -0.26728207E+01
  0.21360022E+01 -0.27128225E+01
  0.21504429E+01 -0.27518076E+01
  0.21648836E+01 -0.27897483E+01
  0.21793243E+01 -0.28266132E+01
  0.21937650E+01 -0.28623675E+01
  0.22082058E+01 -0.28969742E+01
  0.22226465E+01 -0.29303946E+01
  0.22370872E+01 -0.29625900E+01
  0.22515279E+01 -0.29935220E+01
  0.22659686E+01 -0.30231541E+01
  0.22804093E+01 -0.30514522E+01
  0.22948501E+01 -0.30783856E+01
  0.23092908E+01 -0.31039277E+01
  0.23237315E+01 -0.31280564E+01
  0.23381722E+01 -0.31507548E+01
  0.23526129E+01 -0.31720111E+01
  0.23670536E+01 -0.31918187E+01
  0.23814943E+01 -0.32101762E+01
  0.23959351E+01 -0.32270869E+01
  0.24103758E+01 -0.32425584E+01
  0.24248165E+01 -0.32566021E+01
  0.24392572E+01 -0.32692323E+01
  0.24536979E+01 -0.32804655E+01
  0.24681386E+01 -0.32903197E+01
  0.24825794E+01 -0.32988130E+01
  0.24970201E+01 -0.33059636E+01
  0.25114608E+01 -0.33117883E+01
  0.25259015E+01 -0.33163018E+01
  0.25403422E+01 -0.33195165E+01
  0.25547829E+01 -0.33214415E+01
  0.25692236E+01 -0.33220825E+01
  0.25838340E+01 -0.33254795E+01
  0.25984443E+01 -0.33355844E+01
  0.26130546E+01 -0.33521440E+01
  0.26276650E+01 -0.33747623E+01
  0.26422753E+01 -0.34029349E+01
  0.26568856E+01 -0.34360869E+01
  0.26714960E+01 -0.34736100E+01
  0.26861063E+01 -0.35148945E+01
  0.27007166E+01 -0.35593532E+01
  0.27153270E+01 -0.36064389E+01
  0.27299373E+01 -0.36556539E+01
  0.27445476E+01 -0.37065553E+01
  0.27591580E+01 -0.37587550E+01
  0.27737683E+01 -0.38119182E+01
  0.27883786E+01 -0.38657597E+01
  0.28029890E+01 -0.39200389E+01
  0.28175993E+01 -0.39745554E+01
  0.28322096E+01 -0.40291432E+01
  0.28468200E+01 -0.40836667E+01
  0.28614303E+01 -0.41380153E+01
  0.28760406E+01 -0.41921000E+01
  0.28906510E+01 -0.42458488E+01
  0.29052613E+01 -0.42992036E+01
  0.29198716E+01 -0.43521173E+01
  0.29344820E+01 -0.44045505E+01
  0.29490923E+01 -0.44564696E+01
  0.29637026E+01 -0.45078444E+01
  0.29783130E+01 -0.45586466E+01
  0.29929233E+01 -0.46088480E+01
  0.30075336E+01 -0.46584194E+01
  0.30221440E+01 -0.47073300E+01
  0.30367543E+01 -0.47555460E+01
  0.30513646E+01 -0.48030309E+01
  0.30659750E+01 -0.48497447E+01
  0.30805853E+01 -0.48956441E+01
  0.30951956E+01 -0.49406828E+01
  0.31098060E+01 -0.49848117E+01
  0.31244163E+01 -0.50279792E+01
  0.31390266E+01 -0.50701321E+01
  0.31536370E+01 -0.51112162E+01
  0.31682473E+01 -0.51511771E+01
  0.31828576E+01 -0.51899607E+01
  0.31974680E+01 -0.52275145E+01
  0.32120783E+01 -0.52637883E+01
  0.32266886E+01 -0.52987345E+01
  0.32412990E+01 -0.53323098E+01
  0.32559093E+01 -0.53644746E+01
  0.32705196E+01 -0.53951948E+01
  0.32851300E+01 -0.54244414E+01
  0.32997403E+01 -0.54521911E+01
  0.33143506E+01 -0.54784263E+01
  0.33289609E+01 -0.55031356E+01
  0.33435713E+01 -0.55263132E+01
  0.33581816E+01 -0.55479589E+01
  0.33727919E+01 -0.55680778E+01
  0.33874023E+01 -0.55866797E+01
  0.34020126E+01 -0.56037785E+01
  0.34166229E+01 -0.56193916E+01
  0.34312333E+01 -0.56335392E+01
  0.34458436E+01 -0.56462435E+01
  0.34604539E+01 -0.56575278E+01
  0.34750643E+01 -0.56674155E+01
  0.34896746E+01 -0.56759299E+01
  0.35042849E+01 -0.56830927E+01
  0.35188953E+01 -0.56889237E+01
  0.35335056E+01 -0.56934400E+01
  0.35481159E+01 -0.56966556E+01
  0.35627263E+01 -0.56985808E+01
  0.35773366E+01 -0.56992219E+01
  
  0.00000000E+00  0.63860392E+01
  0.14550857E-01  0.63824827E+01
  0.29101714E-01  0.63718272E+01
  0.43652572E-01  0.63541170E+01
  0.58203429E-01  0.63294251E+01
  0.72754286E-01  0.62978531E+01
  0.87305143E-01  0.62595294E+01
  0.10185600E+00  0.62146088E+01
  0.11640686E+00  0.61632706E+01
  0.13095771E+00  0.61057169E+01
  0.14550857E+00  0.60421710E+01
  0.16005943E+00  0.59728755E+01
  0.17461029E+00  0.58980902E+01
  0.18916114E+00  0.58180901E+01
  0.20371200E+00  0.57331632E+01
  0.21826286E+00  0.56436085E+01
  0.23281372E+00  0.55497340E+01
  0.24736457E+00  0.54518545E+01
  0.26191543E+00  0.53502899E+01
  0.27646629E+00  0.52453628E+01
  0.29101714E+00  0.51373970E+01
  0.30556800E+00  0.50267158E+01
  0.32011886E+00  0.49136399E+01
  0.33466972E+00  0.47984859E+01
  0.34922057E+00  0.46815645E+01
  0.36377143E+00  0.45631791E+01
  0.37832229E+00  0.44436242E+01
  0.39287314E+00  0.43231835E+01
  0.40742400E+00  0.42021287E+01
  0.42197486E+00  0.40807181E+01
  0.43652572E+00  0.39591947E+01
  0.45107657E+00  0.38377851E+01
  0.46562743E+00  0.37166981E+01
  0.48017829E+00  0.35961234E+01
  0.49472914E+00  0.34762307E+01
  0.50928000E+00  0.33571682E+01
  0.52383086E+00  0.32390620E+01
  0.53838172E+00  0.31220159E+01
  0.55293257E+00  0.30061102E+01
  0.56748343E+00  0.28914020E+01
  0.58203429E+00  0.27779254E+01
  0.59658515E+00  0.26656916E+01
  0.61113600E+00  0.25546897E+01
  0.62568686E+00  0.24448880E+01
  0.64023772E+00  0.23362348E+01
  0.65478857E+00  0.22286605E+01
  0.66933943E+00  0.21220792E+01
  0.68389029E+00  0.20163909E+01
  0.69844115E+00  0.19114841E+01
  0.71299200E+00  0.18072378E+01
  0.72754286E+00  0.17035248E+01
  0.74209372E+00  0.16002141E+01
  0.75664457E+00  0.14971733E+01
  0.77119543E+00  0.13942724E+01
  0.78574629E+00  0.12913851E+01
  0.80029715E+00  0.11883925E+01
  0.81484800E+00  0.10851846E+01
  0.82939886E+00  0.98166283E+00
  0.84394972E+00  0.87774175E+00
  0.85850057E+00  0.77335054E+00
  0.87305143E+00  0.66843426E+00
  0.88760229E+00  0.56295467E+00
  0.90215315E+00  0.45689076E+00
  0.91670400E+00  0.35023894E+00
  0.93125486E+00  0.24301284E+00
  0.94580572E+00  0.13524287E+00
  0.96035658E+00  0.26975416E-01
  0.97490743E+00 -0.81728177E-01
  0.98945829E+00 -0.19079289E+00
  0.10040091E+01 -0.30013150E+00
  0.10185600E+01 -0.40964617E+00
  0.10331109E+01 -0.51923021E+00
  0.10476617E+01 -0.62876990E+00
  0.10622126E+01 -0.73814628E+00
  0.10767634E+01 -0.84723707E+00
  0.10913143E+01 -0.95591840E+00
  0.11058651E+01 -0.10640666E+01
  0.11204160E+01 -0.11715600E+01
  0.11349669E+01 -0.12782800E+01
  0.11495177E+01 -0.13841131E+01
  0.11640686E+01 -0.14889515E+01
  0.11786194E+01 -0.14887334E+01
  0.11931703E+01 -0.14880820E+01
  0.12077211E+01 -0.14869987E+01
  0.12222720E+01 -0.14854858E+01
  0.12368229E+01 -0.14835464E+01
  0.12513737E+01 -0.14811849E+01
  0.12659246E+01 -0.14784068E+01
  0.12804754E+01 -0.14752191E+01
  0.12950263E+01 -0.14716300E+01
  0.13095771E+01 -0.14676497E+01
  0.13241280E+01 -0.14632900E+01
  0.13386789E+01 -0.14585649E+01
  0.13532297E+01 -0.14534906E+01
  0.13677806E+01 -0.14480854E+01
  0.13823314E+01 -0.14423704E+01
  0.13968823E+01 -0.14363692E+01
  0.14114331E+01 -0.14301083E+01
  0.14259840E+01 -0.14236168E+01
  0.14405349E+01 -0.14169268E+01
  0.14550857E+01 -0.14100735E+01
  0.14696366E+01 -0.14030948E+01
  0.14841874E+01 -0.13960317E+01
  0.14987383E+01 -0.13889276E+01
  0.15132891E+01 -0.13818290E+01
  0.15278400E+01 -0.13747843E+01
  0.15423909E+01 -0.13678442E+01
  0.15569417E+01 -0.13610607E+01
  0.15714926E+01 -0.13544869E+01
  0.15860434E+01 -0.13481782E+01
  0.16005943E+01 -0.13421888E+01
  0.16151451E+01 -0.13365727E+01
  0.16296960E+01 -0.13313821E+01
  0.16442469E+01 -0.13266672E+01
  0.16587977E+01 -0.13224750E+01
  0.16733486E+01 -0.13188486E+01
  0.16878994E+01 -0.13158261E+01
  0.17024503E+01 -0.13134400E+01
  0.17170011E+01 -0.13117164E+01
  0.17315520E+01 -0.13106744E+01
  0.17461029E+01 -0.13103256E+01
  0.17605436E+01 -0.12509582E+01
  0.17749843E+01 -0.11922993E+01
  0.17894250E+01 -0.11345877E+01
  0.18038657E+01 -0.10780662E+01
  0.18183064E+01 -0.10229798E+01
  0.18327472E+01 -0.96957146E+00
  0.18471879E+01 -0.91807823E+00
  0.18616286E+01 -0.86872634E+00
  0.18760693E+01 -0.82172703E+00
  0.18905100E+01 -0.77727219E+00
  0.19049507E+01 -0.73553037E+00
  0.19193914E+01 -0.69664334E+00
  0.19338322E+01 -0.66072329E+00
  0.19482729E+01 -0.62785081E+00
  0.19627136E+01 -0.59807386E+00
  0.19771543E+01 -0.57140766E+00
  0.19915950E+01 -0.54783553E+00
  0.20060357E+01 -0.52731064E+00
  0.20204765E+01 -0.50975846E+00
  0.20349172E+01 -0.49507986E+00
  0.20493579E+01 -0.48315451E+00
  0.20637986E+01 -0.47384449E+00
  0.20782393E+01 -0.46699787E+00
  0.20926800E+01 -0.46245222E+00
  0.21071208E+01 -0.46003779E+00
  0.21215615E+01 -0.45958041E+00
  0.21360022E+01 -0.46090399E+00
  0.21504429E+01 -0.46383271E+00
  0.21648836E+01 -0.46819288E+00
  0.21793243E+01 -0.47381436E+00
  0.21937650E+01 -0.48053188E+00
  0.22082058E+01 -0.48818594E+00
  0.22226465E+01 -0.49662362E+00
  0.22370872E+01 -0.50569914E+00
  0.22515279E+01 -0.51527426E+00
  0.22659686E+01 -0.52521860E+00
  0.22804093E+01 -0.53540976E+00
  0.22948501E+01 -0.54573340E+00
  0.23092908E+01 -0.55608321E+00
  0.23237315E+01 -0.56636078E+00
  0.23381722E+01 -0.57647546E+00
  0.23526129E+01 -0.58634412E+00
  0.23670536E+01 -0.59589090E+00
  0.23814943E+01 -0.60504690E+00
  0.23959351E+01 -0.61374986E+00
  0.24103758E+01 -0.62194386E+00
  0.24248165E+01 -0.62957895E+00
  0.24392572E+01 -0.63661082E+00
  0.24536979E+01 -0.64300050E+00
  0.24681386E+01 -0.64871405E+00
  0.24825794E+01 -0.65372223E+00
  0.24970201E+01 -0.65800027E+00
  0.25114608E+01 -0.66152766E+00
  0.25259015E+01 -0.66428787E+00
  0.25403422E+01 -0.66626825E+00
  0.25547829E+01 -0.66745985E+00
  0.25692236E+01 -0.66785735E+00
  0.25838340E+01 -0.66292229E+00
  0.25984443E+01 -0.64821146E+00
  0.26130546E+01 -0.62400189E+00
  0.26276650E+01 -0.59072838E+00
  0.26422753E+01 -0.54894873E+00
  0.26568856E+01 -0.49930426E+00
  0.26714960E+01 -0.44248138E+00
  0.26861063E+01 -0.37917807E+00
  0.27007166E+01 -0.31007741E+00
  0.27153270E+01 -0.23582848E+00
  0.27299373E+01 -0.15703385E+00
  0.27445476E+01 -0.74242350E-01
  0.27591580E+01  0.12054284E-01
  0.27737683E+01  0.10142205E+00
  0.27883786E+01  0.19348367E+00
  0.28029890E+01  0.28791658E+00
  0.28175993E+01  0.38445039E+00
  0.28322096E+01  0.48286411E+00
  0.28468200E+01  0.58298333E+00
  0.28614303E+01  0.68467732E+00
  0.28760406E+01  0.78785615E+00
  0.28906510E+01  0.89246776E+00
  0.29052613E+01  0.99849496E+00
  0.29198716E+01  0.11059523E+01
  0.29344820E+01  0.12148825E+01
  0.29490923E+01  0.13253534E+01
  0.29637026E+01  0.14374537E+01
  0.29783130E+01  0.15512889E+01
  0.29929233E+01  0.16669771E+01
  0.30075336E+01  0.17846445E+01
  0.30221440E+01  0.19044201E+01
  0.30367543E+01  0.20264311E+01
  0.30513646E+01  0.21507971E+01
  0.30659750E+01  0.22776255E+01
  0.30805853E+01  0.24070054E+01
  0.30951956E+01  0.25390027E+01
  0.31098060E+01  0.26736546E+01
  0.31244163E+01  0.28109650E+01
  0.31390266E+01  0.29508993E+01
  0.31536370E+01  0.30933806E+01
  0.31682473E+01  0.32382855E+01
  0.31828576E+01  0.33854410E+01
  0.31974680E+01  0.35346221E+01
  0.32120783E+01  0.36855496E+01
  0.32266886E+01  0.38378895E+01
  0.32412990E+01  0.39912525E+01
  0.32559093E+01  0.41451947E+01
  0.32705196E+01  0.42992196E+01
  0.32851300E+01  0.44527802E+01
  0.32997403E+01  0.46052830E+01
  0.33143506E+01  0.47560921E+01
  0.33289609E+01  0.49045346E+01
  0.33435713E+01  0.50499066E+01
  0.33581816E+01  0.51914802E+01
  0.33727919E+01  0.53285112E+01
  0.33874023E+01  0.54602466E+01
  0.34020126E+01  0.55859333E+01
  0.34166229E+01  0.57048271E+01
  0.34312333E+01  0.58162014E+01
  0.34458436E+01  0.59193560E+01
  0.34604539E+01  0.60136260E+01
  0.34750643E+01  0.60983904E+01
  0.34896746E+01  0.61730801E+01
  0.35042849E+01  0.62371854E+01
  0.35188953E+01  0.62902624E+01
  0.35335056E+01  0.63319398E+01
  0.35481159E+01  0.63619232E+01
  0.35627263E+01  0.63799994E+01
  0.35773366E+01  0.63860392E+01
  
  0.00000000E+00  0.63860392E+01
  0.14550857E-01  0.63836443E+01
  0.29101714E-01  0.63764766E+01
  0.43652572E-01  0.63645823E+01
  0.58203429E-01  0.63480376E+01
  0.72754286E-01  0.63269479E+01
  0.87305143E-01  0.63014461E+01
  0.10185600E+00  0.62716908E+01
  0.11640686E+00  0.62378641E+01
  0.13095771E+00  0.62001695E+01
  0.14550857E+00  0.61588291E+01
  0.16005943E+00  0.61140810E+01
  0.17461029E+00  0.60661760E+01
  0.18916114E+00  0.60153755E+01
  0.20371200E+00  0.59619481E+01
  0.21826286E+00  0.59061670E+01
  0.23281372E+00  0.58483073E+01
  0.24736457E+00  0.57886435E+01
  0.26191543E+00  0.57274474E+01
  0.27646629E+00  0.56649858E+01
  0.29101714E+00  0.56015187E+01
  0.30556800E+00  0.55372975E+01
  0.32011886E+00  0.54725642E+01
  0.33466972E+00  0.54075494E+01
  0.34922057E+00  0.53424722E+01
  0.36377143E+00  0.52775388E+01
  0.37832229E+00  0.52129424E+01
  0.39287314E+00  0.51488618E+01
  0.40742400E+00  0.50854622E+01
  0.42197486E+00  0.50228968E+01
  0.43652572E+00  0.49613032E+01
  0.45107657E+00  0.49008054E+01
  0.46562743E+00  0.48415130E+01
  0.48017829E+00  0.47835222E+01
  0.49472914E+00  0.47269152E+01
  0.50928000E+00  0.46717609E+01
  0.52383086E+00  0.46181152E+01
  0.53838172E+00  0.45660209E+01
  0.55293257E+00  0.45155081E+01
  0.56748343E+00  0.44665951E+01
  0.58203429E+00  0.44192882E+01
  0.59658515E+00  0.43735827E+01
  0.61113600E+00  0.43294635E+01
  0.62568686E+00  0.42869057E+01
  0.64023772E+00  0.42458755E+01
  0.65478857E+00  0.42063313E+01
  0.66933943E+00  0.41682246E+01
  0.68389029E+00  0.41315012E+01
  0.69844115E+00  0.40961026E+01
  0.71299200E+00  0.40619671E+01
  0.72754286E+00  0.40290314E+01
  0.74209372E+00  0.39972318E+01
  0.75664457E+00  0.39665058E+01
  0.77119543E+00  0.39367936E+01
  0.78574629E+00  0.39080379E+01
  0.80029715E+00  0.38801884E+01
  0.81484800E+00  0.38532007E+01
  0.82939886E+00  0.38270377E+01
  0.84394972E+00  0.38016702E+01
  0.85850057E+00  0.37770780E+01
  0.87305143E+00  0.37532499E+01
  0.88760229E+00  0.37301847E+01
  0.90215315E+00  0.37078905E+01
  0.91670400E+00  0.36863849E+01
  0.93125486E+00  0.36656943E+01
  0.94580572E+00  0.36458536E+01
  0.96035658E+00  0.36269053E+01
  0.97490743E+00  0.36088980E+01
  0.98945829E+00  0.35918860E+01
  0.10040091E+01  0.35759275E+01
  0.10185600E+01  0.35610834E+01
  0.10331109E+01  0.35474156E+01
  0.10476617E+01  0.35349861E+01
  0.10622126E+01  0.35238549E+01
  0.10767634E+01  0.35140787E+01
  0.10913143E+01  0.35057101E+01
  0.11058651E+01  0.34987955E+01
  0.11204160E+01  0.34933747E+01
  0.11349669E+01  0.34894796E+01
  0.11495177E+01  0.34871336E+01
  0.11640686E+01  0.34863508E+01
  0.11786194E+01  0.34846480E+01
  0.11931703E+01  0.34795532E+01
  0.12077211E+01  0.34711010E+01
  0.12222720E+01  0.34593489E+01
  0.12368229E+01  0.34443766E+01
  0.12513737E+01  0.34262850E+01
  0.12659246E+01  0.34051951E+01
  0.12804754E+01  0.33812473E+01
  0.12950263E+01  0.33545995E+01
  0.13095771E+01  0.33254259E+01
  0.13241280E+01  0.32939156E+01
  0.13386789E+01  0.32602706E+01
  0.13532297E+01  0.32247046E+01
  0.13677806E+01  0.31874410E+01
  0.13823314E+01  0.31487117E+01
  0.13968823E+01  0.31087556E+01
  0.14114331E+01  0.30678166E+01
  0.14259840E+01  0.30261429E+01
  0.14405349E+01  0.29839854E+01
  0.14550857E+01  0.29415964E+01
  0.14696366E+01  0.28992285E+01
  0.14841874E+01  0.28571338E+01
  0.14987383E+01  0.28155624E+01
  0.15132891E+01  0.27747616E+01
  0.15278400E+01  0.27349749E+01
  0.15423909E+01  0.26964408E+01
  0.15569417E+01  0.26593915E+01
  0.15714926E+01  0.26240521E+01
  0.15860434E+01  0.25906400E+01
  0.16005943E+01  0.25593624E+01
  0.16151451E+01  0.25304153E+01
  0.16296960E+01  0.25039823E+01
  0.16442469E+01  0.24802330E+01
  0.16587977E+01  0.24593216E+01
  0.16733486E+01  0.24413851E+01
  0.16878994E+01  0.24265424E+01
  0.17024503E+01  0.24148928E+01
  0.17170011E+01  0.24065146E+01
  0.17315520E+01  0.24014647E+01
  0.17461029E+01  0.23997773E+01
  0.17605436E+01  0.23591349E+01
  0.17749843E+01  0.23217466E+01
  0.17894250E+01  0.22877679E+01
  0.18038657E+01  0.22573425E+01
  0.18183064E+01  0.22306101E+01
  0.18327472E+01  0.22077062E+01
  0.18471879E+01  0.21887610E+01
  0.18616286E+01  0.21738992E+01
  0.18760693E+01  0.21632388E+01
  0.18905100E+01  0.21568904E+01
  0.19049507E+01  0.21549558E+01
  0.19193914E+01  0.21575278E+01
  0.19338322E+01  0.21646890E+01
  0.19482729E+01  0.21765114E+01
  0.19627136E+01  0.21930560E+01
  0.19771543E+01  0.22143731E+01
  0.19915950E+01  0.22405020E+01
  0.20060357E+01  0.22714717E+01
  0.20204765E+01  0.23073007E+01
  0.20349172E+01  0.23479974E+01
  0.20493579E+01  0.23935598E+01
  0.20637986E+01  0.24439745E+01
  0.20782393E+01  0.24992158E+01
  0.20926800E+01  0.25592434E+01
  0.21071208E+01  0.26240003E+01
  0.21215615E+01  0.26934096E+01
  0.21360022E+01  0.27673712E+01
  0.21504429E+01  0.28457577E+01
  0.21648836E+01  0.29284111E+01
  0.21793243E+01  0.30151387E+01
  0.21937650E+01  0.31057092E+01
  0.22082058E+01  0.31998503E+01
  0.22226465E+01  0.32972455E+01
  0.22370872E+01  0.33975322E+01
  0.22515279E+01  0.35003008E+01
  0.22659686E+01  0.36050946E+01
  0.22804093E+01  0.37114102E+01
  0.22948501E+01  0.38186997E+01
  0.23092908E+01  0.39263737E+01
  0.23237315E+01  0.40338047E+01
  0.23381722E+01  0.41403327E+01
  0.23526129E+01  0.42452705E+01
  0.23670536E+01  0.43479109E+01
  0.23814943E+01  0.44475341E+01
  0.23959351E+01  0.45434160E+01
  0.24103758E+01  0.46348364E+01
  0.24248165E+01  0.47210887E+01
  0.24392572E+01  0.48014883E+01
  0.24536979E+01  0.48753823E+01
  0.24681386E+01  0.49421585E+01
  0.24825794E+01  0.50012534E+01
  0.24970201E+01  0.50521608E+01
  0.25114608E+01  0.50944390E+01
  0.25259015E+01  0.51277172E+01
  0.25403422E+01  0.51517010E+01
  0.25547829E+01  0.51661770E+01
  0.25692236E+01  0.51710158E+01
  0.25838340E+01  0.51713683E+01
  0.25984443E+01  0.51724279E+01
  0.26130546E+01  0.51741983E+01
  0.26276650E+01  0.51766854E+01
  0.26422753E+01  0.51798972E+01
  0.26568856E+01  0.51838433E+01
  0.26714960E+01  0.51885346E+01
  0.26861063E+01  0.51939827E+01
  0.27007166E+01  0.52001994E+01
  0.27153270E+01  0.52071963E+01
  0.27299373E+01  0.52149842E+01
  0.27445476E+01  0.52235723E+01
  0.27591580E+01  0.52329681E+01
  0.27737683E+01  0.52431768E+01
  0.27883786E+01  0.52542010E+01
  0.28029890E+01  0.52660404E+01
  0.28175993E+01  0.52786918E+01
  0.28322096E+01  0.52921488E+01
  0.28468200E+01  0.53064021E+01
  0.28614303E+01  0.53214396E+01
  0.28760406E+01  0.53372465E+01
  0.28906510E+01  0.53538060E+01
  0.29052613E+01  0.53710992E+01
  0.29198716E+01  0.53891061E+01
  0.29344820E+01  0.54078057E+01
  0.29490923E+01  0.54271769E+01
  0.29637026E+01  0.54471985E+01
  0.29783130E+01  0.54678499E+01
  0.29929233E+01  0.54891114E+01
  0.30075336E+01  0.55109647E+01
  0.30221440E+01  0.55333926E+01
  0.30367543E+01  0.55563793E+01
  0.30513646E+01  0.55799105E+01
  0.30659750E+01  0.56039728E+01
  0.30805853E+01  0.56285532E+01
  0.30951956E+01  0.56536392E+01
  0.31098060E+01  0.56792173E+01
  0.31244163E+01  0.57052727E+01
  0.31390266E+01  0.57317883E+01
  0.31536370E+01  0.57587438E+01
  0.31682473E+01  0.57861143E+01
  0.31828576E+01  0.58138697E+01
  0.31974680E+01  0.58419732E+01
  0.32120783E+01  0.58703810E+01
  0.32266886E+01  0.58990406E+01
  0.32412990E+01  0.59278908E+01
  0.32559093E+01  0.59568596E+01
  0.32705196E+01  0.59858669E+01
  0.32851300E+01  0.60148214E+01
  0.32997403E+01  0.60436216E+01
  0.33143506E+01  0.60721564E+01
  0.33289609E+01  0.61003051E+01
  0.33435713E+01  0.61279386E+01
  0.33581816E+01  0.61549205E+01
  0.33727919E+01  0.61811083E+01
  0.33874023E+01  0.62063552E+01
  0.34020126E+01  0.62305114E+01
  0.34166229E+01  0.62534265E+01
  0.34312333E+01  0.62749514E+01
  0.34458436E+01  0.62949402E+01
  0.34604539E+01  0.63132528E+01
  0.34750643E+01  0.63297566E+01
  0.34896746E+01  0.63443291E+01
  0.35042849E+01  0.63568594E+01
  0.35188953E+01  0.63672503E+01
  0.35335056E+01  0.63754200E+01
  0.35481159E+01  0.63813032E+01
  0.35627263E+01  0.63848525E+01
  0.35773366E+01  0.63860392E+01
  
  0.00000000E+00  0.63860392E+01
  0.14550857E-01  0.63836455E+01
  0.29101714E-01  0.63764791E+01
  0.43652572E-01  0.63645863E+01
  0.58203429E-01  0.63480432E+01
  0.72754286E-01  0.63269551E+01
  0.87305143E-01  0.63014549E+01
  0.10185600E+00  0.62717011E+01
  0.11640686E+00  0.62378759E+01
  0.13095771E+00  0.62001827E+01
  0.14550857E+00  0.61588435E+01
  0.16005943E+00  0.61140963E+01
  0.17461029E+00  0.60661922E+01
  0.18916114E+00  0.60153922E+01
  0.20371200E+00  0.59619651E+01
  0.21826286E+00  0.59061839E+01
  0.23281372E+00  0.58483239E+01
  0.24736457E+00  0.57886595E+01
  0.26191543E+00  0.57274626E+01
  0.27646629E+00  0.56649998E+01
  0.29101714E+00  0.56015313E+01
  0.30556800E+00  0.55373086E+01
  0.32011886E+00  0.54725735E+01
  0.33466972E+00  0.54075568E+01
  0.34922057E+00  0.53424776E+01
  0.36377143E+00  0.52775422E+01
  0.37832229E+00  0.52129437E+01
  0.39287314E+00  0.51488624E+01
  0.40742400E+00  0.50854648E+01
  0.42197486E+00  0.50229011E+01
  0.43652572E+00  0.49613093E+01
  0.45107657E+00  0.49008129E+01
  0.46562743E+00  0.48415218E+01
  0.48017829E+00  0.47835319E+01
  0.49472914E+00  0.47269258E+01
  0.50928000E+00  0.46717721E+01
  0.52383086E+00  0.46181268E+01
  0.53838172E+00  0.45660326E+01
  0.55293257E+00  0.45155198E+01
  0.56748343E+00  0.44666066E+01
  0.58203429E+00  0.44192993E+01
  0.59658515E+00  0.43735934E+01
  0.61113600E+00  0.43294737E+01
  0.62568686E+00  0.42869153E+01
  0.64023772E+00  0.42458845E+01
  0.65478857E+00  0.42063397E+01
  0.66933943E+00  0.41682322E+01
  0.68389029E+00  0.41315081E+01
  0.69844115E+00  0.40961086E+01
  0.71299200E+00  0.40619722E+01
  0.72754286E+00  0.40290355E+01
  0.74209372E+00  0.39972348E+01
  0.75664457E+00  0.39665076E+01
  0.77119543E+00  0.39367941E+01
  0.78574629E+00  0.39080389E+01
  0.80029715E+00  0.38801909E+01
  0.81484800E+00  0.38532049E+01
  0.82939886E+00  0.38270435E+01
  0.84394972E+00  0.38016777E+01
  0.85850057E+00  0.37770871E+01
  0.87305143E+00  0.37532607E+01
  0.88760229E+00  0.37301970E+01
  0.90215315E+00  0.37079041E+01
  0.91670400E+00  0.36863997E+01
  0.93125486E+00  0.36657101E+01
  0.94580572E+00  0.36458703E+01
  0.96035658E+00  0.36269224E+01
  0.97490743E+00  0.36089154E+01
  0.98945829E+00  0.35919033E+01
  0.10040091E+01  0.35759445E+01
  0.10185600E+01  0.35610998E+01
  0.10331109E+01  0.35474311E+01
  0.10476617E+01  0.35350005E+01
  0.10622126E+01  0.35238679E+01
  0.10767634E+01  0.35140901E+01
  0.10913143E+01  0.35057198E+01
  0.11058651E+01  0.34988033E+01
  0.11204160E+01  0.34933806E+01
  0.11349669E+01  0.34894835E+01
  0.11495177E+01  0.34871355E+01
  0.11640686E+01  0.34863508E+01
  0.11786194E+01  0.34846492E+01
  0.11931703E+01  0.34795554E+01
  0.12077211E+01  0.34711042E+01
  0.12222720E+01  0.34593530E+01
  0.12368229E+01  0.34443814E+01
  0.12513737E+01  0.34262904E+01
  0.12659246E+01  0.34052010E+01
  0.12804754E+01  0.33812537E+01
  0.12950263E+01  0.33546062E+01
  0.13095771E+01  0.33254330E+01
  0.13241280E+01  0.32939228E+01
  0.13386789E+01  0.32602780E+01
  0.13532297E+01  0.32247119E+01
  0.13677806E+01  0.31874483E+01
  0.13823314E+01  0.31487189E+01
  0.13968823E+01  0.31087625E+01
  0.14114331E+01  0.30678231E+01
  0.14259840E+01  0.30261490E+01
  0.14405349E+01  0.29839910E+01
  0.14550857E+01  0.29416014E+01
  0.14696366E+01  0.28992329E+01
  0.14841874E+01  0.28571375E+01
  0.14987383E+01  0.28155653E+01
  0.15132891E+01  0.27747638E+01
  0.15278400E+01  0.27349763E+01
  0.15423909E+01  0.26964414E+01
  0.15569417E+01  0.26593918E+01
  0.15714926E+01  0.26240531E+01
  0.15860434E+01  0.25906417E+01
  0.16005943E+01  0.25593648E+01
  0.16151451E+01  0.25304183E+01
  0.16296960E+01  0.25039860E+01
  0.16442469E+01  0.24802373E+01
  0.16587977E+01  0.24593264E+01
  0.16733486E+01  0.24413905E+01
  0.16878994E+01  0.24265484E+01
  0.17024503E+01  0.24148994E+01
  0.17170011E+01  0.24065219E+01
  0.17315520E+01  0.24014726E+01
  0.17461029E+01  0.23997858E+01
  0.17605436E+01  0.24435395E+01
  0.17749843E+01  0.24902574E+01
  0.17894250E+01  0.25397735E+01
  0.18038657E+01  0.25919261E+01
  0.18183064E+01  0.26465500E+01
  0.18327472E+01  0.27034764E+01
  0.18471879E+01  0.27625330E+01
  0.18616286E+01  0.28235443E+01
  0.18760693E+01  0.28863320E+01
  0.18905100E+01  0.29507149E+01
  0.19049507E+01  0.30165099E+01
  0.19193914E+01  0.30835325E+01
  0.19338322E+01  0.31515973E+01
  0.19482729E+01  0.32205192E+01
  0.19627136E+01  0.32901137E+01
  0.19771543E+01  0.33601983E+01
  0.19915950E+01  0.34305930E+01
  0.20060357E+01  0.35011217E+01
  0.20204765E+01  0.35716124E+01
  0.20349172E+01  0.36418986E+01
  0.20493579E+01  0.37118196E+01
  0.20637986E+01  0.37812217E+01
  0.20782393E+01  0.38499580E+01
  0.20926800E+01  0.39178893E+01
  0.21071208E+01  0.39848845E+01
  0.21215615E+01  0.40508202E+01
  0.21360022E+01  0.41155812E+01
  0.21504429E+01  0.41790604E+01
  0.21648836E+01  0.42411581E+01
  0.21793243E+01  0.43017825E+01
  0.21937650E+01  0.43608483E+01
  0.22082058E+01  0.44182772E+01
  0.22226465E+01  0.44739968E+01
  0.22370872E+01  0.45279401E+01
  0.22515279E+01  0.45800450E+01
  0.22659686E+01  0.46302539E+01
  0.22804093E+01  0.46785129E+01
  0.22948501E+01  0.47247713E+01
  0.23092908E+01  0.47689811E+01
  0.23237315E+01  0.48110970E+01
  0.23381722E+01  0.48510754E+01
  0.23526129E+01  0.48888745E+01
  0.23670536E+01  0.49244543E+01
  0.23814943E+01  0.49577760E+01
  0.23959351E+01  0.49888022E+01
  0.24103758E+01  0.50174972E+01
  0.24248165E+01  0.50438267E+01
  0.24392572E+01  0.50677580E+01
  0.24536979E+01  0.50892606E+01
  0.24681386E+01  0.51083059E+01
  0.24825794E+01  0.51248681E+01
  0.24970201E+01  0.51389238E+01
  0.25114608E+01  0.51504528E+01
  0.25259015E+01  0.51594381E+01
  0.25403422E+01  0.51658662E+01
  0.25547829E+01  0.51697274E+01
  0.25692236E+01  0.51710158E+01
  0.25838340E+01  0.51713689E+01
  0.25984443E+01  0.51724290E+01
  0.26130546E+01  0.51741998E+01
  0.26276650E+01  0.51766873E+01
  0.26422753E+01  0.51798994E+01
  0.26568856E+01  0.51838457E+01
  0.26714960E+01  0.51885371E+01
  0.26861063E+01  0.51939852E+01
  0.27007166E+01  0.52002019E+01
  0.27153270E+01  0.52071988E+01
  0.27299373E+01  0.52149865E+01
  0.27445476E+01  0.52235744E+01
  0.27591580E+01  0.52329699E+01
  0.27737683E+01  0.52431784E+01
  0.27883786E+01  0.52542023E+01
  0.28029890E+01  0.52660415E+01
  0.28175993E+01  0.52786926E+01
  0.28322096E+01  0.52921494E+01
  0.28468200E+01  0.53064025E+01
  0.28614303E+01  0.53214399E+01
  0.28760406E+01  0.53372467E+01
  0.28906510E+01  0.53538060E+01
  0.29052613E+01  0.53710992E+01
  0.29198716E+01  0.53891062E+01
  0.29344820E+01  0.54078061E+01
  0.29490923E+01  0.54271775E+01
  0.29637026E+01  0.54471994E+01
  0.29783130E+01  0.54678511E+01
  0.29929233E+01  0.54891131E+01
  0.30075336E+01  0.55109667E+01
  0.30221440E+01  0.55333950E+01
  0.30367543E+01  0.55563822E+01
  0.30513646E+01  0.55799138E+01
  0.30659750E+01  0.56039763E+01
  0.30805853E+01  0.56285570E+01
  0.30951956E+01  0.56536431E+01
  0.31098060E+01  0.56792213E+01
  0.31244163E+01  0.57052767E+01
  0.31390266E+01  0.57317923E+01
  0.31536370E+01  0.57587475E+01
  0.31682473E+01  0.57861176E+01
  0.31828576E+01  0.58138725E+01
  0.31974680E+01  0.58419755E+01
  0.32120783E+01  0.58703826E+01
  0.32266886E+01  0.58990415E+01
  0.32412990E+01  0.59278908E+01
  0.32559093E+01  0.59568605E+01
  0.32705196E+01  0.59858687E+01
  0.32851300E+01  0.60148241E+01
  0.32997403E+01  0.60436253E+01
  0.33143506E+01  0.60721610E+01
  0.33289609E+01  0.61003104E+01
  0.33435713E+01  0.61279447E+01
  0.33581816E+01  0.61549273E+01
  0.33727919E+01  0.61811156E+01
  0.33874023E+01  0.62063629E+01
  0.34020126E+01  0.62305194E+01
  0.34166229E+01  0.62534346E+01
  0.34312333E+01  0.62749594E+01
  0.34458436E+01  0.62949480E+01
  0.34604539E+01  0.63132601E+01
  0.34750643E+01  0.63297635E+01
  0.34896746E+01  0.63443352E+01
  0.35042849E+01  0.63568647E+01
  0.35188953E+01  0.63672547E+01
  0.35335056E+01  0.63754234E+01
  0.35481159E+01  0.63813055E+01
  0.35627263E+01  0.63848537E+01
  0.35773366E+01  0.63860392E+01
  
