 &plot nbnd=   8, nks=    40 /
            0.000000  0.000000  0.000000
   -5.82123222    6.23000132    6.23000132    6.23000132    8.80009063    8.80009063    8.80009063    9.70346297
           -0.083333  0.000000  0.000000
   -5.79033088    6.03692540    6.10200407    6.10200407    8.72159649    8.96520566    8.96520566    9.88963782
           -0.166667  0.000000  0.000000
   -5.69779774    5.55278577    5.79113706    5.79113706    8.51072497    9.38683130    9.38683130   10.32014023
           -0.250000  0.000000  0.000000
   -5.54397900    4.92050799    5.40754524    5.40754524    8.22054437    9.95338258    9.95338258   10.68593821
           -0.333333  0.000000  0.000000
   -5.32939071    4.22042668    5.01462637    5.01462637    7.90143709   10.54131057   10.59938769   10.59938770
           -0.416667  0.000000  0.000000
   -5.05499182    3.48814145    4.64239342    4.64239342    7.58918076    9.97220413   11.29258294   11.29258294
           -0.500000  0.000000  0.000000
   -4.72188041    2.74057518    4.30583438    4.30583438    7.30724835    9.31700000   12.01632715   12.01632715
           -0.583333  0.000000  0.000000
   -4.33162746    1.98704701    4.01310335    4.01310335    7.07083504    8.69755057   12.76139451   12.76139451
           -0.666667  0.000000  0.000000
   -3.88609494    1.23539475    3.76909934    3.76909934    6.89039931    8.15207385   13.52326334   13.52326334
           -0.750000  0.000000  0.000000
   -3.38774816    0.49259200    3.57685727    3.57685727    6.77337834    7.69375968   14.29898682   14.29898682
           -0.833333  0.000000  0.000000
   -2.83965122   -0.23384281    3.43835111    3.43835111    6.72585313    7.32627761   15.08454294   15.08454294
           -0.916667  0.000000  0.000000
   -2.24531540   -0.93671289    3.35480200    3.35480200    6.75293033    7.04910433   15.85968954   15.85968954
           -1.000000  0.000000  0.000000
   -1.60924342   -1.60924340    3.32687859    3.32687859    6.85922733    6.85922746   16.38435469   16.38435469
           -1.000000  0.083333  0.000000
   -1.59838496   -1.59838494    3.23356349    3.23356349    7.02905549    7.02905554   16.06762278   16.06762286
           -1.000000  0.166667  0.000000
   -1.56802168   -1.56802167    3.00496847    3.00496847    7.48856089    7.48856095   15.16648730   15.16648730
           -1.000000  0.250000  0.000000
   -1.52474494   -1.52474491    2.73520193    2.73520195    8.14715215    8.14715220   14.09236939   14.09236951
           -1.000000  0.333333  0.000000
   -1.47913933   -1.47913931    2.49700468    2.49700468    8.93566208    8.93566219   13.00511083   13.00511110
           -1.000000  0.416667  0.000000
   -1.44407380   -1.44407380    2.33634638    2.33634639    9.79753071    9.79753071   11.96588914   11.96588947
           -1.000000  0.500000  0.000000
   -1.43090310   -1.43090308    2.27978301    2.27978303   10.44503796   10.44503802   11.25953215   11.25953235
           -0.944444  0.500000  0.055556
   -1.79762415   -1.08330797    2.05886254    2.60274265   10.11147868   10.46812294   11.26060750   11.68041005
           -0.888889  0.500000  0.111111
   -2.15216583   -0.80359150    1.99337777    2.98795980    9.78876207   10.14174768   11.71972048   12.20308122
           -0.833333  0.500000  0.166667
   -2.47657286   -0.64046408    2.13361738    3.40470208    9.53353069    9.78843007   12.30986142   12.76983005
           -0.777778  0.500000  0.222222
   -2.76056361   -0.59929855    2.48322719    3.82456712    9.36321036    9.45820416   12.69164548   12.97732418
           -0.722222  0.500000  0.277778
   -2.99822786   -0.63693730    2.99251679    4.21788906    9.14701862    9.28772604   11.64806410   13.69909510
           -0.666667  0.500000  0.333333
   -3.18588364   -0.70434563    3.59705407    4.55445794    8.82447775    9.30719316   10.73321013   14.27964776
           -0.611111  0.500000  0.388889
   -3.32128788   -0.76908897    4.22804814    4.80851910    8.43622901    9.40003955   10.04968010   14.22562187
           -0.555556  0.500000  0.444444
   -3.40303682   -0.81350202    4.77495930    4.96437909    8.00552292    9.51057585    9.67264640   13.95191835
           -0.500000  0.500000  0.500000
   -3.43044517   -0.82914181    5.01655835    5.01655835    7.78911940    9.56101355    9.56101355   13.82315235
           -0.458333  0.458333  0.458333
   -3.53037939   -0.68562510    5.02913395    5.02913395    7.80334690    9.57601613    9.57601613   13.84672584
           -0.416667  0.416667  0.416667
   -3.77931555   -0.30664110    5.06678965    5.06678965    7.84567633    9.61807164    9.61807164   13.91232136
           -0.375000  0.375000  0.375000
   -4.09311910    0.22292961    5.12940732    5.12940732    7.91597969    9.67788922    9.67788922   13.99713071
           -0.333333  0.333333  0.333333
   -4.41821738    0.84771259    5.21656161    5.21656161    8.01298629    9.73800917    9.73800917   14.01557968
           -0.291667  0.291667  0.291667
   -4.72755255    1.53815045    5.32732966    5.32732966    8.13495127    9.77169084    9.77169084   13.73911558
           -0.250000  0.250000  0.250000
   -5.00763929    2.27638005    5.45977751    5.45977751    8.27831386    9.74624278    9.74624278   13.14975804
           -0.208333  0.208333  0.208333
   -5.25121099    3.04873726    5.61037146    5.61037146    8.43736534    9.63845593    9.63845593   12.45121088
           -0.166667  0.166667  0.166667
   -5.45405675    3.84019233    5.77284270    5.77284270    8.60151449    9.45415875    9.45415875   11.72242120
           -0.125000  0.125000  0.125000
   -5.61375904    4.62888707    5.93643969    5.93643969    8.75205915    9.22960936    9.22960936   10.99918695
           -0.083333  0.083333  0.083333
   -5.72873633    5.37265423    6.08388188    6.08388188    8.85401746    9.01434082    9.01434082   10.33673294
           -0.041667  0.041667  0.041667
   -5.79807765    5.97496203    6.19044282    6.19044282    8.85269104    8.85779381    8.85779381    9.86121045
            0.000000  0.000000  0.000000
   -5.82123222    6.23000132    6.23000132    6.23000132    8.80009063    8.80009063    8.80009063    9.70346297
