 &plot nbnd=   8, nks=    40 /
            0.000000  0.000000  0.000000
     -5.821232      6.230001      6.230001      6.230001      8.800091      8.800091      8.800091      9.703463
           -0.083333  0.000000  0.000000
     -5.790331      6.036925      6.102004      6.102004      8.721596      8.965206      8.965206      9.889638
           -0.166667  0.000000  0.000000
     -5.697798      5.552786      5.791137      5.791137      8.510725      9.386831      9.386831     10.320140
           -0.250000  0.000000  0.000000
     -5.543979      4.920508      5.407545      5.407545      8.220544      9.953383      9.953383     10.685938
           -0.333333  0.000000  0.000000
     -5.329391      4.220427      5.014626      5.014626      7.901437     10.541311     10.599388     10.599388
           -0.416667  0.000000  0.000000
     -5.054992      3.488141      4.642393      4.642393      7.589181      9.972204     11.292583     11.292583
           -0.500000  0.000000  0.000000
     -4.721880      2.740575      4.305834      4.305834      7.307248      9.317000     12.016327     12.016327
           -0.583333  0.000000  0.000000
     -4.331627      1.987047      4.013103      4.013103      7.070835      8.697551     12.761395     12.761395
           -0.666667  0.000000  0.000000
     -3.886095      1.235395      3.769099      3.769099      6.890399      8.152074     13.523263     13.523263
           -0.750000  0.000000  0.000000
     -3.387748      0.492592      3.576857      3.576857      6.773378      7.693760     14.298987     14.298987
           -0.833333  0.000000  0.000000
     -2.839651     -0.233843      3.438351      3.438351      6.725853      7.326278     15.084543     15.084543
           -0.916667  0.000000  0.000000
     -2.245315     -0.936713      3.354802      3.354802      6.752930      7.049104     15.859690     15.859690
           -1.000000  0.000000  0.000000
     -1.609243     -1.609243      3.326879      3.326879      6.859227      6.859227     16.384355     16.384355
           -1.000000  0.083333  0.000000
     -1.598385     -1.598385      3.233563      3.233563      7.029055      7.029056     16.067623     16.067623
           -1.000000  0.166667  0.000000
     -1.568022     -1.568022      3.004968      3.004968      7.488561      7.488561     15.166487     15.166487
           -1.000000  0.250000  0.000000
     -1.524745     -1.524745      2.735202      2.735202      8.147152      8.147152     14.092369     14.092370
           -1.000000  0.333333  0.000000
     -1.479139     -1.479139      2.497005      2.497005      8.935662      8.935662     13.005111     13.005111
           -1.000000  0.416667  0.000000
     -1.444074     -1.444074      2.336346      2.336346      9.797531      9.797531     11.965889     11.965889
           -1.000000  0.500000  0.000000
     -1.430903     -1.430903      2.279783      2.279783     10.445038     10.445038     11.259532     11.259532
           -0.944444  0.500000  0.055556
     -1.797624     -1.083308      2.058863      2.602743     10.111479     10.468123     11.260607     11.680410
           -0.888889  0.500000  0.111111
     -2.152166     -0.803591      1.993378      2.987960      9.788762     10.141748     11.719720     12.203081
           -0.833333  0.500000  0.166667
     -2.476573     -0.640464      2.133617      3.404702      9.533531      9.788430     12.309861     12.769830
           -0.777778  0.500000  0.222222
     -2.760564     -0.599299      2.483227      3.824567      9.363210      9.458204     12.691645     12.977324
           -0.722222  0.500000  0.277778
     -2.998228     -0.636937      2.992517      4.217889      9.147019      9.287726     11.648064     13.699095
           -0.666667  0.500000  0.333333
     -3.185884     -0.704346      3.597054      4.554458      8.824478      9.307193     10.733210     14.279648
           -0.611111  0.500000  0.388889
     -3.321288     -0.769089      4.228048      4.808519      8.436229      9.400040     10.049680     14.225622
           -0.555556  0.500000  0.444444
     -3.403037     -0.813502      4.774959      4.964379      8.005523      9.510576      9.672646     13.951918
           -0.500000  0.500000  0.500000
     -3.430445     -0.829142      5.016558      5.016558      7.789119      9.561014      9.561014     13.823152
           -0.458333  0.458333  0.458333
     -3.530379     -0.685625      5.029134      5.029134      7.803347      9.576016      9.576016     13.846726
           -0.416667  0.416667  0.416667
     -3.779316     -0.306641      5.066790      5.066790      7.845676      9.618072      9.618072     13.912321
           -0.375000  0.375000  0.375000
     -4.093119      0.222930      5.129407      5.129407      7.915980      9.677889      9.677889     13.997131
           -0.333333  0.333333  0.333333
     -4.418217      0.847713      5.216562      5.216562      8.012986      9.738009      9.738009     14.015580
           -0.291667  0.291667  0.291667
     -4.727553      1.538150      5.327330      5.327330      8.134951      9.771691      9.771691     13.739116
           -0.250000  0.250000  0.250000
     -5.007639      2.276380      5.459778      5.459778      8.278314      9.746243      9.746243     13.149758
           -0.208333  0.208333  0.208333
     -5.251211      3.048737      5.610371      5.610371      8.437365      9.638456      9.638456     12.451211
           -0.166667  0.166667  0.166667
     -5.454057      3.840192      5.772843      5.772843      8.601514      9.454159      9.454159     11.722421
           -0.125000  0.125000  0.125000
     -5.613759      4.628887      5.936440      5.936440      8.752059      9.229609      9.229609     10.999187
           -0.083333  0.083333  0.083333
     -5.728736      5.372654      6.083882      6.083882      8.854017      9.014341      9.014341     10.336733
           -0.041667  0.041667  0.041667
     -5.798078      5.974962      6.190443      6.190443      8.852691      8.857794      8.857794      9.861210
            0.000000  0.000000  0.000000
     -5.821232      6.230001      6.230001      6.230001      8.800091      8.800091      8.800091      9.703463
