 &plot nbnd=   8, nks=    40 /
            0.000000  0.000000  0.000000
    1.000000    1.000000    1.000000    1.000000    1.000000    1.000000    1.000000    1.000000
           -0.083333  0.000000  0.000000
    1.000000    1.000000    1.000000    1.000000    1.000000    1.000000    1.000000    1.000000
           -0.166667  0.000000  0.000000
    1.000000    1.000000    1.000000    1.000000    1.000000    1.000000    1.000000    1.000000
           -0.250000  0.000000  0.000000
    1.000000    1.000000    1.000000    1.000000    1.000000    1.000000    1.000000    1.000000
           -0.333333  0.000000  0.000000
    1.000000    1.000000    1.000000    1.000000    1.000000    1.000000    1.000000    1.000000
           -0.416667  0.000000  0.000000
    1.000000    1.000000    1.000000    1.000000    1.000000    1.000000    1.000000    1.000000
           -0.500000  0.000000  0.000000
    1.000000    1.000000    1.000000    1.000000    1.000000    1.000000    1.000000    1.000000
           -0.583333  0.000000  0.000000
    1.000000    1.000000    1.000000    1.000000    1.000000    1.000000    1.000000    1.000000
           -0.666667  0.000000  0.000000
    1.000000    1.000000    1.000000    1.000000    1.000000    1.000000    1.000000    1.000000
           -0.750000  0.000000  0.000000
    1.000000    1.000000    1.000000    1.000000    1.000000    1.000000    1.000000    1.000000
           -0.833333  0.000000  0.000000
    1.000000    1.000000    1.000000    1.000000    1.000000    1.000000    1.000000    1.000000
           -0.916667  0.000000  0.000000
    1.000000    1.000000    1.000000    1.000000    1.000000    1.000000    1.000000    1.000000
           -1.000000  0.000000  0.000000
    1.000000    1.000000    1.000000    1.000000    1.000000    1.000000    1.000000    1.000000
           -1.000000  0.083333  0.000000
    1.000000    1.000000    1.000000    1.000000    1.000000    1.000000    1.000000    1.000000
           -1.000000  0.166667  0.000000
    1.000000    1.000000    1.000000    1.000000    1.000000    1.000000    1.000000    1.000000
           -1.000000  0.250000  0.000000
    1.000000    1.000000    1.000000    1.000000    1.000000    1.000000    1.000000    1.000000
           -1.000000  0.333333  0.000000
    1.000000    1.000000    1.000000    1.000000    1.000000    1.000000    1.000000    1.000000
           -1.000000  0.416667  0.000000
    1.000000    1.000000    1.000000    1.000000    1.000000    1.000000    1.000000    1.000000
           -1.000000  0.500000  0.000000
    1.000000    1.000000    1.000000    1.000000    1.000000    1.000000    1.000000    1.000000
           -0.944444  0.500000  0.055556
    1.000000    1.000000    1.000000    1.000000    1.000000    1.000000    1.000000    1.000000
           -0.888889  0.500000  0.111111
    1.000000    1.000000    1.000000    1.000000    1.000000    1.000000    1.000000    1.000000
           -0.833333  0.500000  0.166667
    1.000000    1.000000    1.000000    1.000000    1.000000    1.000000    1.000000    1.000000
           -0.777778  0.500000  0.222222
    1.000000    1.000000    1.000000    1.000000    1.000000    1.000000    1.000000    1.000000
           -0.722222  0.500000  0.277778
    1.000000    1.000000    1.000000    1.000000    1.000000    1.000000    1.000000    1.000000
           -0.666667  0.500000  0.333333
    1.000000    1.000000    1.000000    1.000000    1.000000    1.000000    1.000000    1.000000
           -0.611111  0.500000  0.388889
    1.000000    1.000000    1.000000    1.000000    1.000000    1.000000    1.000000    1.000000
           -0.555556  0.500000  0.444444
    1.000000    1.000000    1.000000    1.000000    1.000000    1.000000    1.000000    1.000000
           -0.500000  0.500000  0.500000
    1.000000    1.000000    1.000000    1.000000    1.000000    1.000000    1.000000    1.000000
           -0.458333  0.458333  0.458333
    1.000000    1.000000    1.000000    1.000000    1.000000    1.000000    1.000000    1.000000
           -0.416667  0.416667  0.416667
    1.000000    1.000000    1.000000    1.000000    1.000000    1.000000    1.000000    1.000000
           -0.375000  0.375000  0.375000
    1.000000    1.000000    1.000000    1.000000    1.000000    1.000000    1.000000    1.000000
           -0.333333  0.333333  0.333333
    1.000000    1.000000    1.000000    1.000000    1.000000    1.000000    1.000000    1.000000
           -0.291667  0.291667  0.291667
    1.000000    1.000000    1.000000    1.000000    1.000000    1.000000    1.000000    1.000000
           -0.250000  0.250000  0.250000
    1.000000    1.000000    1.000000    1.000000    1.000000    1.000000    1.000000    1.000000
           -0.208333  0.208333  0.208333
    1.000000    1.000000    1.000000    1.000000    1.000000    1.000000    1.000000    1.000000
           -0.166667  0.166667  0.166667
    1.000000    1.000000    1.000000    1.000000    1.000000    1.000000    1.000000    1.000000
           -0.125000  0.125000  0.125000
    1.000000    1.000000    1.000000    1.000000    1.000000    1.000000    1.000000    1.000000
           -0.083333  0.083333  0.083333
    1.000000    1.000000    1.000000    1.000000    1.000000    1.000000    1.000000    1.000000
           -0.041667  0.041667  0.041667
    1.000000    1.000000    1.000000    1.000000    1.000000    1.000000    1.000000    1.000000
            0.000000  0.000000  0.000000
    1.000000    1.000000    1.000000    1.000000    1.000000    1.000000    1.000000    1.000000
