&CONTROL
 calculation = 'bands'
 prefix = 'mos2'
 pseudo_dir = '../pseudo'
 outdir = './tmp'
 verbosity = 'high'
 tstress = .true.
 tprnfor = .true.
 nstep = 40
 etot_conv_thr = 1.0d-8
 forc_conv_thr = 1.0d-5
/
&SYSTEM
 ibrav = 0
 nat = 3
 ntyp = 2
 ecutwfc = 60
 ecutrho = 480
 nbnd = 16
 occupations = 'fixed'
 nosym = .true.
 noinv = .true.
/
&ELECTRONS
 conv_thr = 1.0d-12
 mixing_beta = 0.3
 diagonalization = 'cg'
 diago_thr_init = 1.0d-10
 diago_full_acc = .true.
 diago_cg_maxiter = 200
/
ATOMIC_SPECIES
Mo 95.95 Mo.pbe-spn-rrkjus_psl.1.0.0.UPF
S 32.06 S.pbe-n-rrkjus_psl.1.0.0.UPF
CELL_PARAMETERS angstrom
3.19864159039313 0.00000000000000 0.00000000000000
-1.59932079519656 2.75632325858916 0.00000000000000
0.00000000000000 0.00000000000000 23.19000000000000
ATOMIC_POSITIONS crystal
Mo 0.00018719403948 0.00037438807896 0.50000000000000
S 0.66657306964726 0.33314613929352 0.56736815266106
S 0.66657306964726 0.33314613929352 0.43263184733894
K_POINTS crystal
97
0.31806094472462 0.32780905349678 0.00000000000000 1.0
0.31806094472462 0.33219587821042 0.00000000000000 1.0
0.31806094472462 0.33658270292405 0.00000000000000 1.0
0.31806094472462 0.34096952763769 0.00000000000000 1.0
0.31806094472462 0.34535635235133 0.00000000000000 1.0
0.31806094472462 0.34974317706496 0.00000000000000 1.0
0.31806094472462 0.35413000177860 0.00000000000000 1.0
0.32315174092753 0.32526365539533 0.00000000000000 1.0
0.32315174092753 0.32965048010896 0.00000000000000 1.0
0.32315174092753 0.33403730482260 0.00000000000000 1.0
0.32315174092753 0.33842412953624 0.00000000000000 1.0
0.32315174092753 0.34281095424987 0.00000000000000 1.0
0.32315174092753 0.34719777896351 0.00000000000000 1.0
0.32315174092753 0.35158460367715 0.00000000000000 1.0
0.32824253713043 0.32271825729388 0.00000000000000 1.0
0.32824253713043 0.32710508200751 0.00000000000000 1.0
0.32824253713043 0.33149190672115 0.00000000000000 1.0
0.32824253713043 0.33587873143479 0.00000000000000 1.0
0.32824253713043 0.34026555614842 0.00000000000000 1.0
0.32824253713043 0.34465238086206 0.00000000000000 1.0
0.32824253713043 0.34903920557569 0.00000000000000 1.0
0.33333333333333 0.32017285919242 0.00000000000000 1.0
0.33333333333333 0.32455968390606 0.00000000000000 1.0
0.33333333333333 0.32894650861970 0.00000000000000 1.0
0.33333333333333 0.33333333333333 0.00000000000000 1.0
0.33333333333333 0.33772015804697 0.00000000000000 1.0
0.33333333333333 0.34210698276061 0.00000000000000 1.0
0.33333333333333 0.34649380747424 0.00000000000000 1.0
0.33842412953624 0.31762746109097 0.00000000000000 1.0
0.33842412953624 0.32201428580461 0.00000000000000 1.0
0.33842412953624 0.32640111051825 0.00000000000000 1.0
0.33842412953624 0.33078793523188 0.00000000000000 1.0
0.33842412953624 0.33517475994552 0.00000000000000 1.0
0.33842412953624 0.33956158465915 0.00000000000000 1.0
0.33842412953624 0.34394840937279 0.00000000000000 1.0
0.34351492573914 0.31508206298952 0.00000000000000 1.0
0.34351492573914 0.31946888770316 0.00000000000000 1.0
0.34351492573914 0.32385571241679 0.00000000000000 1.0
0.34351492573914 0.32824253713043 0.00000000000000 1.0
0.34351492573914 0.33262936184407 0.00000000000000 1.0
0.34351492573914 0.33701618655770 0.00000000000000 1.0
0.34351492573914 0.34140301127134 0.00000000000000 1.0
0.34860572194204 0.31253666488807 0.00000000000000 1.0
0.34860572194204 0.31692348960170 0.00000000000000 1.0
0.34860572194204 0.32131031431534 0.00000000000000 1.0
0.34860572194204 0.32569713902898 0.00000000000000 1.0
0.34860572194204 0.33008396374261 0.00000000000000 1.0
0.34860572194204 0.33447078845625 0.00000000000000 1.0
0.34860572194204 0.33885761316989 0.00000000000000 1.0
0.00000000000000 0.00000000000000 0.00000000000000 1.0
0.50000000000000 0.00000000000000 0.00000000000000 1.0
-0.33333333333333 -0.33333333333333 -0.00000000000000 1.0
0.08333333333333 0.08333333333333 0.00000000000000 1.0
0.10000000000000 0.10000000000000 0.00000000000000 1.0
0.11666666666667 0.11666666666667 0.00000000000000 1.0
0.13333333333333 0.13333333333333 0.00000000000000 1.0
0.15000000000000 0.15000000000000 0.00000000000000 1.0
0.16666666666667 0.16666666666667 0.00000000000000 1.0
0.18333333333333 0.18333333333333 0.00000000000000 1.0
0.20000000000000 0.20000000000000 0.00000000000000 1.0
0.21666666666667 0.21666666666667 0.00000000000000 1.0
0.23333333333333 0.23333333333333 0.00000000000000 1.0
0.25000000000000 0.25000000000000 0.00000000000000 1.0
0.26666666666667 0.26666666666667 0.00000000000000 1.0
0.28333333333333 0.28333333333333 0.00000000000000 1.0
0.30000000000000 0.30000000000000 0.00000000000000 1.0
0.31666666666667 0.31666666666667 0.00000000000000 1.0
-0.16666666666667 0.08333333333333 0.00000000000000 1.0
-0.20000000000000 0.10000000000000 0.00000000000000 1.0
-0.23333333333333 0.11666666666667 0.00000000000000 1.0
-0.26666666666667 0.13333333333333 0.00000000000000 1.0
-0.30000000000000 0.15000000000000 0.00000000000000 1.0
-0.33333333333333 0.16666666666667 0.00000000000000 1.0
-0.36666666666667 0.18333333333333 0.00000000000000 1.0
-0.40000000000000 0.20000000000000 0.00000000000000 1.0
-0.43333333333333 0.21666666666667 0.00000000000000 1.0
-0.46666666666667 0.23333333333333 0.00000000000000 1.0
-0.50000000000000 0.25000000000000 0.00000000000000 1.0
-0.53333333333333 0.26666666666667 0.00000000000000 1.0
-0.56666666666667 0.28333333333333 0.00000000000000 1.0
-0.60000000000000 0.30000000000000 0.00000000000000 1.0
-0.63333333333333 0.31666666666667 0.00000000000000 1.0
0.08333333333333 -0.16666666666667 0.00000000000000 1.0
0.10000000000000 -0.20000000000000 0.00000000000000 1.0
0.11666666666667 -0.23333333333333 0.00000000000000 1.0
0.13333333333333 -0.26666666666667 0.00000000000000 1.0
0.15000000000000 -0.30000000000000 0.00000000000000 1.0
0.16666666666667 -0.33333333333333 0.00000000000000 1.0
0.18333333333333 -0.36666666666667 0.00000000000000 1.0
0.20000000000000 -0.40000000000000 0.00000000000000 1.0
0.21666666666667 -0.43333333333333 0.00000000000000 1.0
0.23333333333333 -0.46666666666667 0.00000000000000 1.0
0.25000000000000 -0.50000000000000 0.00000000000000 1.0
0.26666666666667 -0.53333333333333 0.00000000000000 1.0
0.28333333333333 -0.56666666666667 0.00000000000000 1.0
0.30000000000000 -0.60000000000000 0.00000000000000 1.0
0.31666666666667 -0.63333333333333 0.00000000000000 1.0
