0 0 0 -22.98828177
0 0 0 -22.87828177
0 0 0 -22.76828177
0 0 0 -22.65828177
0 0 0 -22.54828177
0 0 0 -22.43828177
0 0 0 -22.32828177
0 0 0 -22.21828177
0 0 0 -22.10828177
0 0 0 -21.99828177
0 0 0 -21.88828177
1.683e-16 5.777e-21 1.74828e-19 -21.77828177
5.205e-07 1.393e-11 5.33518e-10 -21.66828177
0.1511 3.003e-06 0.00015181 -21.55828177
23.83 0.0002219 0.01866 -21.44828177
63.82 0.000262 0.019752 -21.33828177
3.145 9.639e-06 0.00027928 -21.22828177
0.0001372 4.243e-10 7.9226e-09 -21.11828177
8.385e-13 2.947e-18 4.638e-17 -21.00828177
0 0 0 -20.89828177
0 0 0 -20.78828177
0 0 0 -20.67828177
0 0 0 -20.56928177
0 0 0 -20.45928177
0 0 0 -20.34928177
0 0 0 -20.23928177
0 0 0 -20.12928177
0 0 0 -20.01928177
0 0 0 -19.90928177
0 0 0 -19.79928177
0 0 0 -19.68928177
0 0 0 -19.57928177
0 0 0 -19.46928177
0 0 0 -19.35928177
0 0 0 -19.24928177
0 0 0 -19.13928177
0 0 0 -19.02928177
0 0 0 -18.91928177
0 0 0 -18.80928177
0 0 0 -18.69928177
0 0 0 -18.58928177
0 0 0 -18.47928177
0 0 0 -18.36928177
0 0 0 -18.25928177
0 0 0 -18.14928177
0 0 0 -18.04028177
0 0 0 -17.93028177
0 0 0 -17.82028177
0 0 0 -17.71028177
0 0 0 -17.60028177
0 0 0 -17.49028177
0 0 0 -17.38028177
0 0 0 -17.27028177
0 0 0 -17.16028177
0 0 0 -17.05028177
0 0 0 -16.94028177
0 0 0 -16.83028177
0 0 0 -16.72028177
0 0 0 -16.61028177
0 0 0 -16.50028177
0 0 0 -16.39028177
0 0 0 -16.28028177
0 0 0 -16.17028177
0 0 0 -16.06028177
0 0 0 -15.95028177
0 0 0 -15.84028177
0 0 0 -15.73028177
0 0 0 -15.62028177
0 0 0 -15.51128177
0 0 0 -15.40128177
0 0 0 -15.29128177
0 0 0 -15.18128177
0 0 0 -15.07128177
0 0 0 -14.96128177
0 0 0 -14.85128177
0 0 0 -14.74128177
0 0 0 -14.63128177
0 0 0 -14.52128177
0 0 0 -14.41128177
0 0 0 -14.30128177
0 0 0 -14.19128177
0 0 0 -14.08128177
1.144e-15 1.585e-16 1.08450824e-17 -13.97128177
2.641e-07 3.657e-08 2.505934e-09 -13.86128177
0.01036 0.001426 9.87034e-05 -13.75128177
0.4345 0.05909 0.00417632 -13.64128177
0.7673 0.1007 0.0075396 -13.53128177
0.8259 0.1028 0.008319 -13.42128177
0.9412 0.109 0.0096832 -13.31128177
0.6864 0.07428 0.0071216 -13.20128177
1.063 0.1078 0.011059 -13.09128177
0.8013 0.07237 0.0082472 -12.98228177
1.124 0.09466 0.011426 -12.87228177
0.8744 0.06273 0.008545 -12.76228177
1.271 0.08283 0.0120662 -12.65228177
0.998 0.05158 0.0087678 -12.54228177
1.724 0.06914 0.0133936 -12.43228177
2.495 0.03959 0.0122764 -12.32228177
3.59 0.03418 0.0168476 -12.21228177
3.328 0.01463 0.0133036 -12.10228177
2.813 0.004076 0.0085112 -11.99228177
4.627 0.03184 0.0122696 -11.88228177
7.644 0.07554 0.0212682 -11.77228177
0.3591 0.001715 0.00093418 -11.66228177
2.273e-05 4.48e-08 5.58372e-08 -11.55228177
2.235e-13 2.365e-16 5.40564e-16 -11.44228177
0 0 0 -11.33228177
0 0 0 -11.22228177
0 0 0 -11.11228177
0 0 0 -11.00228177
0 0 0 -10.89228177
0 0 0 -10.78228177
0 0 0 -10.67228177
0 0 0 -10.56228177
0 0 0 -10.45228177
0 0 0 -10.34328177
0 0 0 -10.23328177
0 0 0 -10.12328177
0 0 0 -10.01328177
0 0 0 -9.90328177
0 0 0 -9.79328177
0 0 0 -9.68328177
0 0 0 -9.57328177
0 0 0 -9.46328177
0 0 0 -9.35328177
0 0 0 -9.24328177
0 0 0 -9.13328177
0 0 0 -9.02328177
0 0 0 -8.91328177
0 0 0 -8.80328177
0 0 0 -8.69328177
0 0 0 -8.58328177
0 0 0 -8.47328177
0 0 0 -8.36328177
0 0 0 -8.25328177
0 0 0 -8.14328177
0 0 0 -8.03328177
0 0 0 -7.92328177
0 0 0 -7.81428177
0 0 0 -7.70428177
8.308e-15 4.506e-15 1.00171558e-15 -7.59428177
1.19e-06 6.444e-07 1.4349332e-07 -7.48428177
0.0328 0.01763 0.0039615 -7.37428177
1.373 0.7164 0.167804 -7.26428177
3.198 1.587 0.39846 -7.15428177
2.084 1.012 0.25746 -7.04428177
1.171 0.5533 0.144356 -6.93428177
1.351 0.6355 0.1632 -6.82428177
0.7449 0.3399 0.09052 -6.71428177
1.27 0.5744 0.1517 -6.60428177
0.6973 0.3074 0.08332 -6.49428177
1.034 0.4476 0.12264 -6.38428177
0.7011 0.2966 0.083594 -6.27428177
1.117 0.4578 0.13434 -6.16428177
1.067 0.4161 0.132056 -6.05428177
1.539 0.5619 0.200784 -5.94428177
0.8036 0.2782 0.109716 -5.83428177
0.005169 0.001753 0.000718454 -5.72428177
1.205e-08 4.058e-09 1.68555e-09 -5.61428177
0 0 0 -5.50428177
0 0 0 -5.39428177
0 0 0 -5.28528177
0 0 0 -5.17528177
0 0 0 -5.06528177
0 0 0 -4.95528177
4.618e-13 3.247e-21 1.3582e-13 -4.84528177
1.329e-05 3.678e-12 3.9068e-06 -4.73528177
0.06406 4.371e-07 0.018862 -4.62528177
1.058 2.42e-05 0.31232 -4.51528177
1.514 6.491e-05 0.45058 -4.40528177
1.387 4.255e-05 0.41644 -4.29528177
1.947 2.878e-05 0.59354 -4.18528177
1.772 4.067e-06 0.55082 -4.07528177
2.12 4.97e-05 0.66506 -3.96528177
0.9705 0.00011 0.30734 -3.85528177
1.652 0.001518 0.52398 -3.74528177
0.8669 0.001428 0.27772 -3.63528177
1.983 0.006778 0.64108 -3.52528177
0.7911 0.002395 0.25474 -3.41528177
1.615 0.006149 0.54304 -3.30528177
2.356 0.01152 0.79166 -3.19528177
0.8207 0.004278 0.27682 -3.08528177
2.018 0.00847 0.70708 -2.97528177
2.624 0.01217 0.93104 -2.86528177
1.685 0.007192 0.60706 -2.75628177
3.211 0.01003 1.1894 -2.64628177
4.357 0.00787 1.6468 -2.53628177
2.718 0.01039 1.0526 -2.42628177
2.973 0.01219 1.1616 -2.31628177
1.239 0.002733 0.49738 -2.20628177
1.17 0.006194 0.47324 -2.09628177
2.213 0.01409 0.90088 -1.98628177
0.8578 0.001433 0.36102 -1.87628177
0.7933 0.001572 0.34 -1.76628177
1.766 0.008636 0.75534 -1.65628177
0.6192 0.001667 0.2753 -1.54628177
2.446 0.01496 1.135 -1.43628177
4.566 0.01674 2.195 -1.32628177
2.84 0.007923 1.4054 -1.21628177
4.097 0.01272 2.0608 -1.10628177
6.732 0.02208 3.4468 -0.99628177
4.176 0.01477 2.1798 -0.88628177
4.383 0.003065 2.3574 -0.77628177
5.227 0.001721 2.87 -0.66628177
2.561 0.001783 1.43778 -0.55628177
2.328 0.001506 1.32728 -0.44628177
1.724 0.0006768 1.001698 -0.33628177
0.6995 6.792e-06 0.41365426 -0.22728177
0.005429 1.602e-11 0.00321880006792 -0.11728177
1.361e-08 5.214e-24 8.07e-09 -0.00728177
0 0 0 0.10271823
3.169e-13 7.702e-14 9.234e-14 0.21271823
1.055e-05 2.564e-06 3.0744e-06 0.32271823
0.04266 0.01037 0.012428 0.43271823
0.4076 0.09874 0.11878 0.54271823
0.7255 0.1723 0.22222 0.65271823
0.9212 0.2177 0.27974 0.76271823
0.1786 0.04152 0.058016 0.87271823
1.557 0.3581 0.51308 0.98271823
0.5349 0.1226 0.1785 1.09271823
0.7996 0.1821 0.28692 1.20271823
1.593 0.3617 0.56542 1.31271823
1.949 0.4443 0.72468 1.42271823
2.501 0.5772 0.98444 1.53271823
1.947 0.4429 0.75786 1.64271823
1.777 0.4034 0.705 1.75271823
1.506 0.346 0.61524 1.86271823
1.624 0.3743 0.6692 1.97271823
0.1242 0.029 0.05259 2.08271823
6.128e-05 1.434e-05 2.6024e-05 2.19271823
4.152e-12 9.717e-13 1.7636e-12 2.30271823
0 0 0 2.41171823
6.556e-14 7.295e-33 8.156e-16 2.52171823
2.669e-06 2.97e-25 3.32e-08 2.63171823
0.01201 1.163e-18 0.000149400000005 2.74171823
0.04356 7.325e-11 0.00054233438 2.85171823
0.05926 4.932e-07 0.0029522 2.96171823
0.2731 2.295e-06 0.013708 3.07171823
0.005025 4.22e-08 0.00025232 3.18171823
0.04488 1.184e-07 0.0039584 3.29171823
0.53 1.396e-05 0.04296 3.40171823
0.2351 0.0003531 0.014778 3.51171823
0.4988 0.0008782 0.035368 3.62171823
1.094 0.005636 0.095878 3.73171823
1.651 0.01122 0.18402 3.84171823
2.09 0.01446 0.272146 3.95171823
1.969 0.0104 0.25048 4.06171823
1.899 0.005551 0.20942 4.17171823
1.761 0.009594 0.23668 4.28171823
3.02 0.008186 0.45718 4.39171823
1.885 0.003432 0.22738 4.50171823
2.774 0.003015 0.39922 4.61171823
2.029 0.002733 0.32742 4.72171823
2.319 0.001252 0.3858 4.83171823
3.625 0.00335 0.58838 4.94071823
6.883 0.004386 1.0966 5.05071823
5.217 0.00275 0.896 5.16071823
3.601 0.001617 0.62246 5.27071823
5.076 0.004949 0.76338 5.38071823
4.154 0.003064 0.49872 5.49071823
2.797 0.003056 0.2563 5.60071823
2.309 0.003097 0.1734 5.71071823
3.642 0.003249 0.3724 5.82071823
1.9 0.003131 0.17746 5.93071823
3.251 0.005843 0.25306 6.04071823
2.829 0.003518 0.25916 6.15071823
2.388 0.002447 0.16006 6.26071823
1.31 0.001541 0.077086 6.37071823
1.949 0.005845 0.11099 6.48071823
2.106 0.00576 0.142298 6.59071823
2.082 0.006939 0.10868 6.70071823
3.711 0.005674 0.17968 6.81071823
3.688 0.002998 0.18736 6.92071823
1.343 0.0006306 0.07867 7.03071823
1.283 0.001046 0.068602 7.14071823
1.784 0.0006334 0.10163 7.25071823
1.522 0.0033 0.07564 7.36071823
1.969 0.00846 0.10232 7.46971823
1.375 0.001975 0.070198 7.57971823
1.574 0.001438 0.0802 7.68971823
1.556 0.00259 0.068066 7.79971823
0.9795 0.003245 0.05839 7.90971823
1.492 0.003447 0.076144 8.01971823
1.321 0.003866 0.08474 8.12971823
1.965 0.005032 0.12881 8.23971823
1.985 0.005221 0.12 8.34971823
1.471 0.00783 0.11231 8.45971823
0.7858 0.002496 0.06967 8.56971823
0.01621 4.07e-05 0.0014747 8.67971823
1.211e-07 3.008e-10 1.1025e-08 8.78971823
7.479e-17 1.857e-19 6.8089e-18 8.89971823
0 0 0 9.00971823
0 0 0 9.11971823
0 0 0 9.22971823
0 0 0 9.33971823
0 0 0 9.44971823
0 0 0 9.55971823
0 0 0 9.66971823
0 0 0 9.77971823
0 0 0 9.88971823
0 0 0 9.99871823
