0 -21.44586477 -21.44586177 -21.40991477 -21.40100077 -21.40099877 -13.70457077 -12.42973777 -5.91197277 -1.41747877 -0.76613777 -0.76612977 -0.38500677 -0.38500577 1.22143023 2.76945023 4.27848723 4.27848723 5.25221123 5.40391623 6.38160623
0.0192289876475 -21.44589577 -21.44582977 -21.40988977 -21.40102177 -21.40099977 -13.70359877 -12.42905577 -5.91216677 -1.41698977 -0.77874177 -0.77062677 -0.39046277 -0.38309177 1.22942223 2.77794923 4.27423823 4.28099423 5.25539723 5.40478523 6.38389423
0.0384579752951 -21.44599677 -21.44571377 -21.40981377 -21.40110577 -21.40099777 -13.70068577 -12.42701077 -5.91275677 -1.41554477 -0.81547177 -0.78374577 -0.40706077 -0.37766777 1.25280923 2.80304023 4.26186823 4.28849123 5.26479123 5.40738923 6.39072423
0.0576869629426 -21.44617277 -21.44552277 -21.40968877 -21.40125577 -21.40099777 -13.69583477 -12.42361077 -5.91376777 -1.41317677 -0.87348677 -0.80459377 -0.43520677 -0.36958277 1.28995123 2.84354123 4.24246123 4.30089523 5.27995023 5.41172223 6.40200123
0.0769159694346 -21.44640377 -21.44525177 -21.40950477 -21.40144077 -21.40099577 -13.68904977 -12.41886377 -5.91523377 -1.40994677 -0.94918677 -0.83201477 -0.47490977 -0.35987777 1.33846823 2.89759023 4.21772823 4.31807623 5.30025023 5.41778323 6.41757923
0.0961449570821 -21.44670877 -21.44490477 -21.40927277 -21.40168177 -21.40099377 -13.68033977 -12.41278977 -5.91721377 -1.40599677 -1.03899277 -0.86487077 -0.52555077 -0.34955477 1.39557723 2.96273923 4.18990623 4.33985123 5.32499823 5.42558523 6.43727023
0.11537394473 -21.44708477 -21.44449277 -21.40899577 -21.40197277 -21.40098777 -13.66971277 -12.40540877 -5.91977977 -1.40165177 -1.13957577 -0.90217277 -0.58596477 -0.33942677 1.45840823 3.03601423 4.16175123 4.36598823 5.35348423 5.43519923 6.46085723
0.134602932377 -21.44752977 -21.44401377 -21.40867277 -21.40230577 -21.40097877 -13.65718177 -12.39674677 -5.92301777 -1.39808077 -1.24729477 -0.94310477 -0.65464177 -0.33010277 1.52417123 3.11390423 4.13659623 4.39621123 5.38491023 5.44687623 6.48811223
0.153831920025 -21.44804177 -21.44346177 -21.40830277 -21.40266677 -21.40095977 -13.64275877 -12.38683277 -5.92702977 -1.40711577 -1.34836677 -0.98699577 -0.72993877 -0.32200777 1.59024323 3.19230423 4.11844623 4.43020423 5.41792023 5.46153423 6.51879023
0.173060907672 -21.44863177 -21.44284977 -21.40789977 -21.40306177 -21.40093777 -13.62646177 -12.37570377 -5.93193877 -1.49758977 -1.37252077 -1.03330877 -0.81019177 -0.31542577 1.65416023 3.26654323 4.11196723 4.46760923 5.44885523 5.48248523 6.55263123
0.192289876475 -21.44929177 -21.44218277 -21.40747777 -21.40346177 -21.40090677 -13.60830977 -12.36339977 -5.93787577 -1.61899577 -1.36928577 -1.08158977 -0.89366477 -0.31052577 1.71362823 3.33185223 4.12202523 4.50803623 5.47246523 5.51471123 6.58934823
0.211518901812 -21.45002077 -21.44145477 -21.40706877 -21.40383077 -21.40085877 -13.58832277 -12.34996477 -5.94499277 -1.74499877 -1.36468277 -1.13144877 -0.97836477 -0.30739477 1.76650723 3.38460623 4.15239223 4.55106823 5.49122023 5.55553123 6.62859723
0.230747927148 -21.45082577 -21.44068877 -21.40675077 -21.40409677 -21.40080377 -13.56652877 -12.33545177 -5.95345377 -1.87283577 -1.36235177 -1.18256077 -1.06147277 -0.30606177 1.81083723 3.42393823 4.20404523 4.59626323 5.50888423 5.60100723 6.66992523
0.249976952484 -21.45169877 -21.43987677 -21.40665077 -21.40412177 -21.40073277 -13.54295177 -12.31991677 -5.96343377 -2.00130277 -1.36707377 -1.23462277 -1.13771377 -0.30650277 1.84494723 3.45223823 4.27453423 4.64316123 5.52662723 5.64982923 6.71267023
0.269205789377 -21.45264577 -21.43903477 -21.40685077 -21.40383577 -21.40064377 -13.51762477 -12.30341977 -5.97512277 -2.12956477 -1.38873677 -1.28737377 -1.19660177 -0.30866377 1.86754323 3.47380523 4.35916123 4.69128723 5.54475723 5.70158223 6.75573223
0.288434814713 -21.45365677 -21.43816077 -21.40726577 -21.40330677 -21.40053277 -13.49057977 -12.28602877 -5.98871277 -2.25693577 -1.43746677 -1.34056477 -1.22742477 -0.31246277 1.87786223 3.49291623 4.45273723 4.74016523 5.56338223 5.75609823 6.79703523
0.307663840049 -21.45473377 -21.43726777 -21.40779777 -21.40263777 -21.40039677 -13.46185577 -12.26781677 -6.00440577 -2.38284577 -1.50767877 -1.39397877 -1.23525377 -0.31780177 1.87573523 3.51268323 4.55061023 4.78931823 5.58259923 5.81328623 6.83243323
0.326892865386 -21.45586477 -21.43636577 -21.40839077 -21.40188477 -21.40023777 -13.43149577 -12.24885977 -6.02239477 -2.50680277 -1.58742477 -1.44740977 -1.23156577 -0.32456977 1.86160023 3.53480923 4.64888223 4.83828023 5.60259123 5.87306423 6.84981523
0.346121890722 -21.45706177 -21.43545177 -21.40902477 -21.40107577 -21.40004377 -13.39954377 -12.22924577 -6.04287677 -2.62837777 -1.67010277 -1.50067377 -1.22255177 -0.33264077 1.83639723 3.55980923 4.74427623 4.88659523 5.62369023 5.93533423 6.83876923
0.365350916058 -21.45830077 -21.43453477 -21.40967277 -21.40020877 -21.39981377 -13.36604877 -12.20906077 -6.06602377 -2.74719977 -1.75271977 -1.55359077 -1.21080477 -0.34188877 1.80141123 3.58737223 4.83395323 4.93383923 5.64642523 5.99994523 6.80664923
0.384579752951 -21.45959077 -21.43363777 -21.41033777 -21.39955377 -21.39931877 -13.33107077 -12.18840677 -6.09199577 -2.86296877 -1.83377077 -1.60600677 -1.19752577 -0.35218877 1.75808623 3.61670323 4.91538123 4.97961623 5.67152823 6.06666423 6.76613923
0.403808778287 -21.46092677 -21.43276277 -21.41101377 -21.39925777 -21.39840277 -13.29466777 -12.16738277 -6.12091777 -2.97542977 -1.91232277 -1.65777177 -1.18333877 -0.36340477 1.70789323 3.64680123 4.98637823 5.02357023 5.69985623 6.13511923 6.72486223
0.423037803623 -21.46229377 -21.43190777 -21.41168777 -21.39891277 -21.39746277 -13.25690477 -12.14609877 -6.15287777 -3.08438177 -1.98771677 -1.70874077 -1.16862377 -0.37540477 1.65223123 3.67664523 5.04525823 5.06539623 5.73219623 6.20470323 6.68555323
0.44226682896 -21.46368677 -21.43108777 -21.41235777 -21.39852777 -21.39650477 -13.21785677 -12.12466777 -6.18791577 -3.18968077 -2.05944977 -1.75878077 -1.15365777 -0.38806777 1.59235923 3.70530523 5.09107323 5.10483523 5.76896223 6.27432523 6.64983323
0.461495854296 -21.46510377 -21.43029277 -21.41302077 -21.39808777 -21.39553277 -13.17759777 -12.10321277 -6.22602177 -3.29123377 -2.12711477 -1.80776777 -1.13865177 -0.40125577 1.52939223 3.73200623 5.12380923 5.14168323 5.80991023 6.34169123 6.62020823
0.480724691188 -21.46654077 -21.42954577 -21.41367977 -21.39760577 -21.39455577 -13.13621777 -12.08185877 -6.26712077 -3.38898877 -2.19039177 -1.85559777 -1.12379577 -0.41485777 1.46429023 3.75615423 5.14437223 5.17579723 5.85398823 6.40107523 6.60257323
0.499953716525 -21.46798777 -21.42884777 -21.41433177 -21.39708277 -21.39357677 -13.09380977 -12.06074077 -6.31107977 -3.48293677 -2.24900977 -1.90216277 -1.10925277 -0.42875877 1.39789023 3.77733323 5.15431823 5.20708423 5.89932123 6.43965223 6.61036923
0.519182741861 -21.46943177 -21.42819577 -21.41496277 -21.39651277 -21.39259777 -13.05047177 -12.03999377 -6.35769377 -3.57309777 -2.30277177 -1.94736477 -1.09516977 -0.44283677 1.33091523 3.79530423 5.15551223 5.23551223 5.94317423 6.44982623 6.65266823
0.538411767197 -21.47087777 -21.42759977 -21.41558577 -21.39590677 -21.39163077 -13.00631777 -12.01976077 -6.40670377 -3.65952277 -2.35155477 -1.99111377 -1.08169977 -0.45699477 1.26398223 3.80997223 5.14983623 5.26109823 5.98176323 6.44722723 6.71661523
0.557640792534 -21.47230777 -21.42705477 -21.41618677 -21.39526277 -21.39067377 -12.96146677 -12.00018677 -6.45778277 -3.74225777 -2.39529077 -2.03332477 -1.06897577 -0.47112977 1.19764423 3.82137423 5.13903923 5.28390123 6.01028423 6.44842923 6.78978023
0.576869629426 -21.47372277 -21.42656077 -21.41677377 -21.39458877 -21.38973277 -12.91604777 -11.98141877 -6.51055577 -3.82136677 -2.43399177 -2.07391977 -1.05712977 -0.48514177 1.13237923 3.82964823 5.12466023 5.30402723 6.02403523 6.46267223 6.86729423
0.596098654762 -21.47511077 -21.42611777 -21.41733777 -21.39388977 -21.38880977 -12.87020277 -11.96360577 -6.56460277 -3.89689977 -2.46772877 -2.11282477 -1.04627977 -0.49894577 1.06862123 3.83500823 5.10803423 5.32160823 6.02088923 6.49377423 6.94740623
0.615327680099 -21.47646377 -21.42572577 -21.41788077 -21.39317477 -21.38791377 -12.82408477 -11.94689477 -6.61946677 -3.96889477 -2.49664777 -2.14997077 -1.03653777 -0.51245577 1.00675523 3.83772123 5.09030223 5.33680723 6.00249423 6.54090023 7.02942423
0.634556705435 -21.47778477 -21.42537477 -21.41840277 -21.39244477 -21.38704677 -12.77786177 -11.93143077 -6.67466777 -4.03736877 -2.52094877 -2.18530477 -1.02799077 -0.52559277 0.94713023 3.83808923 5.07243623 5.34979923 5.97253623 6.60088823 7.11306023
0.653785730772 -21.47905777 -21.42507177 -21.41889877 -21.39171877 -21.38621677 -12.73171477 -11.91735477 -6.72970777 -4.10231977 -2.54088977 -2.21876377 -1.02071877 -0.53828477 0.89005923 3.83643323 5.05526123 5.36077423 5.93458923 6.67058923 7.19817623
0.673014756108 -21.48028077 -21.42480777 -21.41936977 -21.39099477 -21.38541577 -12.68584077 -11.90479277 -6.78408077 -4.16371977 -2.55677877 -2.25029277 -1.01475877 -0.55045777 0.83582823 3.83307723 5.03946323 5.36993423 5.89133823 6.74770023 7.28471723
0.692243593 -21.48144177 -21.42457677 -21.41980977 -21.39028077 -21.38465377 -12.64045677 -11.89386077 -6.83728277 -4.22151377 -2.56896177 -2.27984477 -1.01013377 -0.56205577 0.78468823 3.82834723 5.02560723 5.37747623 5.84465423 6.83070723 7.37263423
0.711472618337 -21.48254077 -21.42437677 -21.42022077 -21.38958577 -21.38393577 -12.59579977 -11.88465677 -6.88881877 -4.27563377 -2.57782377 -2.30737577 -1.00682877 -0.57301777 0.73685823 3.82255623 5.01414223 5.38359723 5.79586923 6.91862423 7.46187723
0.730701643673 -21.48357977 -21.42421777 -21.42061177 -21.38892577 -21.38326577 -12.55213377 -11.87725177 -6.93821177 -4.32599477 -2.58377677 -2.33284977 -1.00480177 -0.58329777 0.69252223 3.81600423 5.00540923 5.38848323 5.74597723 7.01079123 7.55237623
0.749930669009 -21.48454577 -21.42407677 -21.42097177 -21.38829577 -21.38264277 -12.50974577 -11.87168277 -6.98499877 -4.37249377 -2.58724177 -2.35622377 -1.00394777 -0.59283677 0.65183623 3.80897823 4.99964623 5.39231523 5.69578023 7.10674923 7.64403023
0.769159694346 -21.48543177 -21.42396277 -21.42129877 -21.38771177 -21.38207077 -12.46896077 -11.86794677 -7.02874577 -4.41502077 -2.58864877 -2.37747377 -1.00414077 -0.60159677 0.61492123 3.80174623 4.99698223 5.39525823 5.64596323 7.20615623 7.73669623
0.788388531238 -21.48623577 -21.42386577 -21.42159277 -21.38716977 -21.38155177 -12.43014377 -11.86598477 -7.06904677 -4.45345877 -2.58843477 -2.39656377 -1.00520577 -0.60953777 0.58185923 3.79456023 4.99743623 5.39747023 5.59716323 7.30874223 7.83016823
0.807617556574 -21.48695077 -21.42378677 -21.42184977 -21.38668077 -21.38108577 -12.39371277 -11.86566977 -7.10552977 -4.48769977 -2.58702477 -2.41346277 -1.00694177 -0.61661977 0.55270323 3.78764823 5.00090323 5.39909023 5.55001423 7.41427923 7.92415623
0.826846581911 -21.48757677 -21.42371877 -21.42207477 -21.38624477 -21.38067677 -12.36014377 -11.86679477 -7.13785477 -4.51762777 -2.58483377 -2.42815377 -1.00912477 -0.62281977 0.52748423 3.78121723 5.00712623 5.40024223 5.50519423 7.52256023 8.01822523
0.846075607247 -21.48811277 -21.42366677 -21.42226677 -21.38586677 -21.38033477 -12.32998977 -11.86905577 -7.16572877 -4.54314577 -2.58224077 -2.44061877 -1.01151777 -0.62811377 0.50620023 3.77545123 5.01565923 5.40103323 5.46349123 7.63338523 8.11170323
0.865304632583 -21.48855577 -21.42362577 -21.42242377 -21.38555377 -21.38005277 -12.30387077 -11.87204377 -7.18889277 -4.56416077 -2.57959777 -2.45083877 -1.01387777 -0.63247177 0.48883723 3.77051123 5.02579523 5.40155523 5.42588123 7.74654023 8.20345123
0.88453365792 -21.48890377 -21.42359677 -21.42254977 -21.38531177 -21.37983177 -12.28247377 -11.87525577 -7.20713377 -4.58059177 -2.57720877 -2.45880177 -1.01598277 -0.63588077 0.47537423 3.76652823 5.03647623 5.39362923 5.40188223 7.86176623 8.29137323
0.903762494812 -21.48914977 -21.42357677 -21.42263477 -21.38513477 -21.37967177 -12.26650577 -11.87812677 -7.22028377 -4.59237377 -2.57531477 -2.46449677 -1.01763677 -0.63832477 0.46578423 3.76360823 5.04622423 5.36836923 5.40207423 7.97866323 8.37422123
0.922991520148 -21.48929377 -21.42356277 -21.42268277 -21.38502677 -21.37956777 -12.25661177 -11.88011877 -7.22822077 -4.59946277 -2.57410077 -2.46791577 -1.01868677 -0.63979377 0.46004623 3.76182623 5.05322023 5.35202523 5.40217323 8.09607623 8.34605823
0.942220545485 -21.48934677 -21.42355977 -21.42270277 -21.38499277 -21.37953577 -12.25325777 -11.88083277 -7.23087577 -4.60182877 -2.57368477 -2.46905677 -1.01904977 -0.64029177 0.45813323 3.76122723 5.05579023 5.34633223 5.40220323 8.19017323 8.25091523
0.942220545485 -21.48934677 -21.42355977 -21.42270277 -21.38499277 -21.37953577 -12.25325777 -11.88083277 -7.23087577 -4.60182877 -2.57368477 -2.46905677 -1.01904977 -0.64029177 0.45813323 3.76122723 5.05579023 5.34633223 5.40220323 8.19015323 8.25103723
0.953322408311 -21.48932377 -21.42357777 -21.42268877 -21.38500177 -21.37953677 -12.25305177 -11.88075277 -7.23090177 -4.60144477 -2.57392377 -2.47136077 -1.01886677 -0.64186277 0.46034123 3.76377323 5.05614323 5.34735723 5.40086123 8.19052123 8.25162623
0.964424267874 -21.48926377 -21.42363377 -21.42265577 -21.38503177 -21.37954277 -12.25243477 -11.88051277 -7.23098177 -4.60029077 -2.57464277 -2.47823677 -1.01832377 -0.64657477 0.46693123 3.77139123 5.05720223 5.35037023 5.39691523 8.19168623 8.25327623
0.975526129069 -21.48916077 -21.42372877 -21.42259677 -21.38508277 -21.37955077 -12.25140777 -11.88011477 -7.23111677 -4.59836877 -2.57585277 -2.48958377 -1.01744177 -0.65435577 0.47780923 3.78401423 5.05897323 5.35507523 5.39072623 8.19358023 8.25573123
0.986627990264 -21.48902077 -21.42386077 -21.42251977 -21.38515277 -21.37956877 -12.24997377 -11.87956077 -7.23130877 -4.59567877 -2.57757377 -2.50523477 -1.01625277 -0.66511577 0.49281923 3.80153723 5.06146623 5.36004723 5.38382223 8.19651023 8.25930823
0.997729867778 -21.48883877 -21.42402777 -21.42241577 -21.38524377 -21.37958477 -12.24813177 -11.87885277 -7.23155977 -4.59222177 -2.57982677 -2.52497477 -1.01478577 -0.67870377 0.51175423 3.82381223 5.06469523 5.35881023 5.38282123 8.19987023 8.26422123
1.00883172897 -21.48862077 -21.42424077 -21.42229377 -21.38535777 -21.37960677 -12.24588677 -11.87799677 -7.23187577 -4.58799977 -2.58264477 -2.54854677 -1.01309577 -0.69496177 0.53435723 3.85065423 5.06867723 5.34752123 5.39173923 8.20373923 8.26904823
1.01993359017 -21.48836877 -21.42448977 -21.42215377 -21.38549777 -21.37963177 -12.24324177 -11.87699777 -7.23226077 -4.58301477 -2.58606677 -2.57565677 -1.01122077 -0.71368577 0.56033623 3.88184623 5.07343823 5.33154423 5.40541523 8.20861623 8.27504823
1.03103545136 -21.48807477 -21.42477377 -21.42198877 -21.38565177 -21.37965877 -12.24019977 -11.87586077 -7.23271777 -4.57726577 -2.60598077 -2.59013677 -1.00920877 -0.73463877 0.58936923 3.91713523 5.07901023 5.31288623 5.42207923 8.21439923 8.28156223
1.04213731256 -21.48774977 -21.42509677 -21.42180777 -21.38582877 -21.37968877 -12.23676577 -11.87459277 -7.23325577 -4.57075877 -2.63919377 -2.59490577 -1.00710577 -0.75758277 0.62110923 3.95624223 5.08543123 5.29216223 5.44136223 8.22048823 8.28915123
1.05323917375 -21.48738177 -21.42545277 -21.42159977 -21.38602177 -21.37972377 -12.23294477 -11.87320077 -7.23387877 -4.56349177 -2.67495577 -2.60043477 -1.00495177 -0.78224677 0.65520223 3.99885823 5.09275423 5.26973023 5.46317923 8.22750223 8.29615623
1.06434103495 -21.48697777 -21.42584277 -21.42136777 -21.38623077 -21.37976077 -12.22874177 -11.87169277 -7.23459477 -4.55546977 -2.71293677 -2.60678377 -1.00278477 -0.80835777 0.69128223 4.04464923 5.10104023 5.24587723 5.48751923 8.23516123 8.30403323
1.07544289614 -21.48653577 -21.42626877 -21.42111477 -21.38645977 -21.37980177 -12.22416277 -11.87007977 -7.23541077 -4.54669577 -2.75281377 -2.61402477 -1.00063877 -0.83562677 0.72898323 4.09325323 5.11036923 5.22087323 5.51440023 8.24347523 8.31221923
1.08654475734 -21.48606377 -21.42673177 -21.42084277 -21.38670577 -21.37984577 -12.21921677 -11.86837277 -7.23633477 -4.53717377 -2.79427877 -2.62223077 -0.99854377 -0.86377277 0.76794223 4.14428223 5.12083723 5.19497623 5.54385023 8.25231323 8.32063923
1.09764663485 -21.48555677 -21.42722177 -21.42054977 -21.38696777 -21.37989077 -12.21390777 -11.86658177 -7.23737577 -4.52690577 -2.83703377 -2.63147577 -0.99652477 -0.89249777 0.80780923 4.19732023 5.13256623 5.16843923 5.57590723 8.26180423 8.32930623
1.10874846341 -21.48502277 -21.42774777 -21.42024277 -21.38724977 -21.37994277 -12.20824677 -11.86471977 -7.23854177 -4.51589977 -2.88080177 -2.64184177 -0.99461077 -0.92152077 0.84823823 4.25191623 5.14150323 5.14570323 5.61061023 8.27191523 8.33817223
1.11985029196 -21.48445377 -21.42830977 -21.41991077 -21.38755077 -21.37999677 -12.20224277 -11.86280077 -7.23983977 -4.50415677 -2.92531377 -2.65340477 -0.99282277 -0.95055977 0.88890323 4.30758423 5.11441423 5.16043123 5.64800123 8.28249523 8.34716123
1.13095228372 -21.48385677 -21.42890077 -21.41956177 -21.38786577 -21.38004877 -12.19590277 -11.86083677 -7.24127977 -4.49168277 -2.97032677 -2.66623977 -0.99117577 -0.97934077 0.92949523 4.36380023 5.08739823 5.17696623 5.68811823 8.29358823 8.35627923
1.14205411227 -21.48322877 -21.42952277 -21.41919077 -21.38819977 -21.38010977 -12.18923877 -11.85884477 -7.24286677 -4.47848477 -3.01560877 -2.68042177 -1.00760477 -0.98969977 0.96971723 4.41999523 5.06067523 5.19556423 5.73099923 8.30515223 8.36543223
1.15315594083 -21.48256977 -21.43017377 -21.41879677 -21.38854377 -21.38017277 -12.18225777 -11.85683977 -7.24460977 -4.46456577 -3.06094677 -2.69601577 -1.03510177 -0.98840677 1.00930023 4.47556323 5.03445223 5.21652223 5.77668023 8.31713023 8.37463523
1.16425776938 -21.48188777 -21.43085477 -21.41838977 -21.38890077 -21.38024377 -12.17497577 -11.85483977 -7.24651477 -4.44993577 -3.10614577 -2.71308277 -1.06161177 -0.98732577 1.04798823 4.52985923 5.00892623 5.24015923 5.82518723 8.32938923 8.38353123
1.17535959794 -21.48118377 -21.43155977 -21.41796577 -21.38927377 -21.38031377 -12.16740077 -11.85286177 -7.24858777 -4.43459977 -3.15102377 -2.73166277 -1.08692577 -0.98646877 1.08554823 4.58223023 4.98427623 5.26681023 5.87654223 8.34195323 8.39271423
1.18646158969 -21.48045577 -21.43229277 -21.41752577 -21.38966377 -21.38038577 -12.15954577 -11.85092677 -7.25083277 -4.41856877 -3.19541177 -2.75179077 -1.11086177 -0.98585777 1.12177523 4.63204023 4.96067023 5.29678123 5.93076223 8.35500323 8.40184123
1.19756341825 -21.47970177 -21.43304977 -21.41706577 -21.39006177 -21.38045877 -12.15142377 -11.84905077 -7.25325277 -4.40184777 -3.23914977 -2.77348077 -1.13325877 -0.98551577 1.15648823 4.67871423 4.93826123 5.33031423 5.98785323 8.36741923 8.40938323
1.2086652468 -21.47892177 -21.43382377 -21.41658377 -21.39046777 -21.38053377 -12.14304777 -11.84725577 -7.25585077 -4.38444777 -3.28209277 -2.79672677 -1.15398077 -0.98546477 1.18952623 4.72179323 4.91718723 5.36752723 6.04781223 8.38070823 8.41833323
1.21976707536 -21.47812577 -21.43462377 -21.41608977 -21.39088477 -21.38060977 -12.13443177 -11.84556477 -7.25862477 -4.36638077 -3.32411577 -2.82151277 -1.17292977 -0.98572677 1.22075523 4.76096723 4.89756423 5.40837523 6.11061923 8.39294923 8.42442023
1.23086890391 -21.47731077 -21.43544177 -21.41558077 -21.39131377 -21.38068877 -12.12559177 -11.84399877 -7.26157477 -4.34765877 -3.36509377 -2.84779477 -1.19002377 -0.98632477 1.25006823 4.79611123 4.87949523 5.45262123 6.17624523 8.40565023 8.43128523
1.24197089567 -21.47648277 -21.43628477 -21.41506177 -21.39175577 -21.38076877 -12.11654177 -11.84258177 -7.26469677 -4.32829577 -3.40491777 -2.87551177 -1.20521377 -0.98728877 1.27738123 4.82726723 4.86306623 5.49985223 6.24464223 8.42163123 8.44667823
1.25307272422 -21.47563677 -21.43714477 -21.41452677 -21.39220477 -21.38085077 -12.10729777 -11.84133677 -7.26798277 -4.30830677 -3.44348677 -2.90458377 -1.21846877 -0.98863577 1.30264423 4.84834323 4.85461723 5.54950623 6.31574923 8.43178023 8.44235723
1.26417455278 -21.47477677 -21.43802177 -21.41397977 -21.39266277 -21.38093277 -12.09787577 -11.84028877 -7.27142477 -4.28770977 -3.48070677 -2.93491277 -1.22978377 -0.99039477 1.32582723 4.83537723 4.87842923 5.60092423 6.38948223 8.43853023 8.44904523
1.27527638133 -21.47390777 -21.43891777 -21.41342477 -21.39313177 -21.38101677 -12.08829277 -11.83946377 -7.27501177 -4.26652577 -3.51649877 -2.96638377 -1.23917677 -0.99258977 1.34692123 4.82420123 4.89900923 5.65340023 6.46573423 8.44666723 8.46799023
1.28637837308 -21.47302377 -21.43981777 -21.41285677 -21.39360177 -21.38109877 -12.07856577 -11.83888477 -7.27872877 -4.24477477 -3.55078477 -2.99886277 -1.24667677 -0.99524377 1.36595323 4.81483323 4.91666523 5.70622223 6.54437623 8.44816723 8.50257423
1.29748020164 -21.47212877 -21.44073277 -21.41227877 -21.39407677 -21.38118277 -12.06871277 -11.83858077 -7.28255677 -4.22248577 -3.58350177 -3.03220977 -1.25233577 -0.99838577 1.38296323 4.80727423 4.93167923 5.75870123 6.62524723 8.44599223 8.45233523
1.30858203019 -21.47122477 -21.44165877 -21.41168877 -21.39455677 -21.38126377 -12.05875277 -11.83857777 -7.28647577 -4.19968977 -3.61458777 -3.06626977 -1.25621477 -1.00203877 1.39801123 4.80150923 4.94429523 5.81019123 6.70815523 8.42954023 8.47659223
1.31968385875 -21.47031377 -21.44259777 -21.41109577 -21.39504577 -21.38134677 -12.04870377 -11.83890277 -7.29046277 -4.17642477 -3.64400077 -3.10088277 -1.25838777 -1.00622777 1.41117823 4.79751223 4.95471323 5.86009523 6.79286023 8.41351723 8.44681923
1.33078568731 -21.46939677 -21.44353977 -21.41049377 -21.39553377 -21.38142577 -12.03858577 -11.83958177 -7.29449077 -4.15273677 -3.67168777 -3.13586577 -1.25892877 -1.01097277 1.42256323 4.79524423 4.96309623 5.90787923 6.87908123 8.42938523 8.44622923
1.34188767906 -21.46847677 -21.44448577 -21.40989277 -21.39602877 -21.38150377 -12.02841877 -11.84064577 -7.29852977 -4.12868277 -3.69762677 -3.17103877 -1.25792377 -1.01629477 1.43227323 4.79465423 4.96956923 5.95306923 6.96646423 8.37742723 8.44275023
1.35298950761 -21.46755277 -21.44543977 -21.40928577 -21.39652777 -21.38158077 -12.01822177 -11.84211977 -7.30254577 -4.10433177 -3.72178377 -3.20620377 -1.25545677 -1.02221577 1.44043323 4.79568223 4.97422723 5.99526423 7.05458423 8.36559423 8.44039623
1.36409133617 -21.46662677 -21.44639677 -21.40867977 -21.39702877 -21.38165677 -12.00801677 -11.84403177 -7.30650377 -4.07976777 -3.74413977 -3.24114777 -1.25161777 -1.02875077 1.44717223 4.79826223 4.97714223 6.03413323 7.14291123 8.35344823 8.40649123
1.37519316472 -21.46570077 -21.44735177 -21.40807577 -21.39752877 -21.38172877 -11.99782377 -11.84640977 -7.31036377 -4.05510377 -3.76467777 -3.27563977 -1.24649277 -1.03591277 1.45262923 4.80231823 4.97836823 6.06942523 7.23078323 8.34715523 8.39232223
1.38629499328 -21.46477577 -21.44830777 -21.40747577 -21.39803177 -21.38179777 -11.98766477 -11.84928077 -7.31408377 -4.03048077 -3.78339277 -3.30941977 -1.24017077 -1.04371777 1.45694123 4.80777123 4.97794323 6.10096823 7.31735823 8.34351623 8.38310523
1.39739698503 -21.46385177 -21.44925877 -21.40687877 -21.39853377 -21.38186077 -11.97755977 -11.85266977 -7.31762077 -4.00608777 -3.80028177 -3.34218577 -1.23273677 -1.05216877 1.46025323 4.81453823 4.97590223 6.12867323 7.40156723 8.34279223 8.36934723
1.40849881359 -21.46293077 -21.45020877 -21.40628977 -21.39903577 -21.38192077 -11.96753377 -11.85660477 -7.32092877 -3.98217077 -3.81534877 -3.37358577 -1.22427477 -1.06127477 1.46270323 4.82253023 4.97227123 6.15252923 7.48203623 8.34736923 8.35907423
1.41960064214 -21.46201077 -21.45115377 -21.40570577 -21.39953677 -21.38197377 -11.95760577 -11.86110877 -7.32395877 -3.95905977 -3.82860577 -3.40318377 -1.21486577 -1.07103477 1.46443223 4.83166023 4.96707923 6.17259523 7.55703723 8.34333423 8.34854123
1.4307024707 -21.46109877 -21.45209677 -21.40513477 -21.40003977 -21.38202177 -11.94779977 -11.86620777 -7.32666177 -3.93719877 -3.84006677 -3.43044677 -1.20459377 -1.08144877 1.46557123 4.84183823 4.96035523 6.18899223 7.62446123 8.34002523 8.36670223
1.44180429925 -21.46018977 -21.45302777 -21.40457277 -21.40054077 -21.38206477 -11.93813677 -11.87192477 -7.32898777 -3.91716777 -3.84975077 -3.45469777 -1.19353177 -1.09250677 1.46625123 4.85297123 4.95213423 6.20189623 7.68195523 8.33525323 8.36350323
1.45290629101 -21.45928877 -21.45394977 -21.40402677 -21.40103677 -21.38209977 -11.92864077 -11.87827877 -7.33088577 -3.89970577 -3.85768477 -3.47511677 -1.18175577 -1.10419577 1.46659423 4.86496923 4.94245823 6.21151623 7.72727223 8.34706323 8.37456923
1.46400811956 -21.45839477 -21.45485877 -21.40349777 -21.40152777 -21.38212377 -11.91933277 -11.88529277 -7.33230377 -3.88568077 -3.86389677 -3.49075377 -1.16933477 -1.11649677 1.46671323 4.87774123 4.93137723 6.21808523 7.75896023 8.34998223 8.39912423
1.47510994812 -21.45750677 -21.45575177 -21.40298577 -21.40201277 -21.38213777 -11.91023477 -11.89298477 -7.33319177 -3.87598077 -3.86842077 -3.50064577 -1.15634077 -1.12938777 1.46671723 4.89119723 4.91895023 6.22185023 7.77691623 8.37123423 8.40060423
1.48621177667 -21.45662977 -21.45662377 -21.40249277 -21.40249177 -21.38214277 -11.90137277 -11.90136977 -7.33349777 -3.87129177 -3.87129077 -3.50403677 -1.14284277 -1.14283977 1.46669723 4.90524623 4.90524823 6.22305323 7.78241623 8.37816423 8.41099123
1.48621177667 -21.45662977 -21.45662377 -21.40249277 -21.40249177 -21.38214277 -11.90137277 -11.90136977 -7.33349777 -3.87129177 -3.87129077 -3.50403677 -1.14284277 -1.14283977 1.46669723 4.90524623 4.90524823 6.22305323 7.78245423 8.37816423 8.41283923
1.50841543378 -21.45834377 -21.45490477 -21.40344677 -21.40158077 -21.38212277 -11.92028877 -11.88443277 -7.33217377 -3.87726077 -3.87225077 -3.49076577 -1.17131577 -1.11459377 1.46693423 4.87433623 4.93476923 6.21869023 7.76508823 8.37444223 8.43305823
1.53061909089 -21.45998377 -21.45322377 -21.40437077 -21.40077177 -21.38205777 -11.94214377 -11.86868777 -7.32795577 -3.89925077 -3.86712877 -3.45480477 -1.20159377 -1.08508577 1.46801823 4.83938623 4.96559723 6.20665923 7.72395823 8.25696323 8.42326823
1.552822748 -21.46153877 -21.45158477 -21.40526477 -21.40007077 -21.38194677 -11.96699677 -11.85430377 -7.32050577 -3.92955777 -3.85633177 -3.40346577 -1.23327777 -1.05479477 1.47038923 4.80125923 4.99703223 6.18828023 7.67061723 8.17340923 8.39715823
1.57502673151 -21.46300577 -21.44999477 -21.40612877 -21.39949177 -21.38179277 -11.99487177 -11.84144177 -7.30952977 -3.96215477 -3.84029677 -3.34245277 -1.26589877 -1.02417077 1.47435223 4.76089623 5.02837223 6.16453023 7.61155123 8.06660223 8.31329323
1.59723038862 -21.46436277 -21.44846077 -21.40695077 -21.39903377 -21.38160977 -12.02575477 -11.83024977 -7.29478677 -3.99336577 -3.81948777 -3.27516677 -1.29892177 -0.99364777 1.48009323 4.71927623 5.05891223 6.13612223 7.55048623 7.96100223 8.23872923
1.61943404573 -21.46561277 -21.44698177 -21.40773477 -21.39869177 -21.38140377 -12.05959277 -11.82086177 -7.27609977 -4.02104277 -3.79439377 -3.20354677 -1.33175977 -0.96363377 1.48769023 4.67737023 5.08793923 6.10357423 7.48955023 7.85051423 8.15514023
1.64163770284 -21.46674077 -21.44556577 -21.40846877 -21.39846477 -21.38119577 -12.09629477 -11.81339777 -7.25335277 -4.04387377 -3.76551577 -3.12874977 -1.36377677 -0.93452277 1.49713823 4.63610623 5.11473023 6.06729423 7.43019623 7.73758223 8.06673623
1.66384135995 -21.46774477 -21.44421077 -21.40915577 -21.39833677 -21.38099677 -12.13573477 -11.80795777 -7.22649677 -4.06100477 -3.73336877 -3.05152377 -1.39430177 -0.90667477 1.50836623 4.59633623 5.13855223 6.02763223 7.37329023 7.62386223 7.97653023
1.68604534345 -21.46862077 -21.44292077 -21.40979177 -21.39830077 -21.38082377 -12.17775577 -11.80462677 -7.19554677 -4.07185977 -3.69847077 -2.97239577 -1.42264377 -0.88043777 1.52125023 4.55882223 5.15867023 5.98492823 7.31938323 7.51074423 7.88678823
1.70824900056 -21.46936777 -21.44169277 -21.41037777 -21.39834077 -21.38069677 -12.22217277 -11.80346377 -7.16058677 -4.07603677 -3.66133777 -2.89176877 -1.44810377 -0.85611477 1.53563223 4.52421223 5.17436023 5.93952523 7.26876623 7.39935723 7.79934123
1.73045265767 -21.46998577 -21.44054277 -21.41091477 -21.39845377 -21.38062777 -12.26877877 -11.80450777 -7.12175877 -4.07324877 -3.62246977 -2.80998877 -1.46998677 -0.83399777 1.55133023 4.49303123 5.18492723 5.89177923 7.22149223 7.29060223 7.71550323
1.75265631478 -21.47046477 -21.43946477 -21.41139277 -21.39861877 -21.38063677 -12.31734677 -11.80777377 -7.07926577 -4.06329677 -3.58233977 -2.72734877 -1.48761477 -0.81431477 1.56816423 4.46567223 5.18973223 5.84206523 7.17736023 7.18522623 7.63639223
1.77485997189 -21.47080277 -21.43845977 -21.41180777 -21.39882777 -21.38072477 -12.36763577 -11.81325177 -7.03336277 -4.04605077 -3.54137877 -2.64412977 -1.50035277 -0.79726177 1.58595123 4.44238823 5.18822423 5.79077623 7.08384923 7.13585823 7.56306823
1.7970639554 -21.47100277 -21.43753177 -21.41216177 -21.39906777 -21.38090477 -12.41939877 -11.82090977 -6.98435677 -4.02143877 -3.49995477 -2.56060677 -1.50763377 -0.78297977 1.60451823 4.42327423 5.17996823 5.73831523 6.98699323 7.09609723 7.49665623
1.81926761251 -21.47107177 -21.43668477 -21.41246077 -21.39933577 -21.38118877 -12.47238477 -11.83069677 -6.93260277 -3.98944177 -3.45835577 -2.47705177 -1.50897777 -0.77156477 1.62370523 4.40826723 5.16467623 5.68511023 6.89508323 7.05674223 7.43849423
1.84147126962 -21.47100677 -21.43592177 -21.41269577 -21.39962077 -21.38157477 -12.52633977 -11.84253177 -6.87849677 -3.95007477 -3.41675477 -2.39374077 -1.50401677 -0.76304877 1.64338423 4.39712923 5.14223423 5.63162423 6.80845123 7.01607423 7.39006723
1.86367492673 -21.47080877 -21.43523977 -21.41286377 -21.39990977 -21.38206177 -12.58101177 -11.85631877 -6.82247277 -3.90339977 -3.37520277 -2.31095377 -1.49250777 -0.75739777 1.66344323 4.38944123 5.11270823 5.57836023 6.72731623 6.97230023 7.35314923
1.88587858384 -21.47048877 -21.43464777 -21.41297377 -21.40020777 -21.38266077 -12.63615777 -11.87194677 -6.76499777 -3.84951477 -3.33361877 -2.22898777 -1.47436877 -0.75452777 1.68378923 4.38458523 5.07633523 5.52587723 6.65176223 6.92401223 7.32918123
1.90808256734 -21.47004577 -21.43413977 -21.41301777 -21.40049577 -21.38335277 -12.69153677 -11.88928277 -6.70656277 -3.78853577 -3.29176577 -2.14814577 -1.44967077 -0.75427577 1.70437123 4.38174623 5.03351023 5.47480823 6.58172123 6.87065123 7.31806323
1.93028622445 -21.46949377 -21.43372877 -21.41300477 -21.40078277 -21.38414977 -12.74692277 -11.90818377 -6.64768577 -3.72062177 -3.24927877 -2.06876477 -1.41865377 -0.75643477 1.72513923 4.37990723 4.98475123 5.42585023 6.51691323 6.81244923 7.29301723
1.95248988156 -21.46884077 -21.43341277 -21.41293477 -21.40105977 -21.38503477 -12.80209677 -11.92849377 -6.58889277 -3.64595077 -3.20565877 -1.99119077 -1.38169577 -0.76071877 1.74606823 4.37786823 4.93067223 5.37976223 6.45682123 6.75011723 7.20959923
1.97469353867 -21.46807977 -21.43318577 -21.41279277 -21.40131377 -21.38599777 -12.85684777 -11.95004677 -6.53070877 -3.56471677 -3.16031277 -1.91578877 -1.33930777 -0.76677477 1.76714523 4.37429723 4.87194523 5.33731323 6.40064423 6.68449923 7.13048923
1.99689752218 -21.46723377 -21.43305577 -21.41259677 -21.40155477 -21.38702977 -12.91098477 -11.97267177 -6.47365977 -3.47714277 -3.11258877 -1.84298077 -1.29212077 -0.77420577 1.78834323 4.36780323 4.80927223 5.29919323 6.34727723 6.61641123 7.06080323
2.01910117929 -21.46630977 -21.43302177 -21.41234377 -21.40177877 -21.38812577 -12.96432177 -11.99619277 -6.41824377 -3.38347577 -3.06180477 -1.77320677 -1.24083677 -0.78253077 1.80961323 4.35706323 4.74337723 5.26588223 6.29534323 6.54656723 6.99995023
2.0413048364 -21.46531777 -21.43308077 -21.41203877 -21.40197977 -21.38926977 -13.01668477 -12.02043277 -6.36493177 -3.28398277 -3.00728177 -1.70695677 -1.18621877 -0.79118977 1.83087223 4.34097523 4.67499623 5.23749323 6.24329423 6.47558123 6.94928423
2.06350849351 -21.46427577 -21.43324177 -21.41169077 -21.40217277 -21.39045177 -13.06791777 -12.04521277 -6.31414777 -3.17894277 -2.94839377 -1.64479277 -1.12906277 -0.79956977 1.85197123 4.31877823 4.60488523 5.21362923 6.18963123 6.40397923 6.91014723
2.08571215062 -21.46317277 -21.43349277 -21.41128177 -21.40234877 -21.39164777 -13.11786677 -12.07035277 -6.26624777 -3.06865177 -2.88457577 -1.58730477 -1.07015977 -0.80696177 1.87268623 4.29013223 4.53383723 5.19330023 6.13319123 6.33221223 6.88349523
2.10791613412 -21.46204077 -21.43382877 -21.41083077 -21.40251277 -21.39284977 -13.16639677 -12.09567977 -6.22153077 -2.95344877 -2.81537077 -1.53514977 -1.01030477 -0.81260677 1.89265723 4.25508023 4.46270023 5.17492123 6.07342223 6.26067123 6.86984523
2.13011979123 -21.46088177 -21.43424877 -21.41033677 -21.40267177 -21.39403777 -13.21337977 -12.12102077 -6.18020977 -2.83367977 -2.74043377 -1.48898977 -0.95026477 -0.81571177 1.91137523 4.21393823 4.39241423 5.15643323 6.01054123 6.18969723 6.86910823
2.15232344834 -21.45970877 -21.43475177 -21.40981077 -21.40283577 -21.39519477 -13.25869777 -12.14621377 -6.14241877 -2.70973877 -2.65954877 -1.44943377 -0.89076277 -0.81552377 1.92814823 4.16714223 4.32403023 5.13544523 5.94554123 6.11959123 6.88081623
2.17452710545 -21.45854077 -21.43532277 -21.40925377 -21.40301977 -21.39629477 -13.30224477 -12.17109377 -6.10821377 -2.58203677 -2.57262977 -1.41693277 -0.83247677 -0.81144177 1.94207323 4.11510823 4.25874723 5.10945523 5.88008123 6.05061923 6.90358123
2.19673076256 -21.45737577 -21.43596177 -21.40866677 -21.40323977 -21.39731077 -13.34392077 -12.19550977 -6.07757077 -2.47972477 -2.45104377 -1.39165077 -0.80311777 -0.77601477 1.95202923 4.05813123 4.19791123 5.07611823 5.81625423 5.98302323 6.93770923
2.21893474607 -21.45622277 -21.43665177 -21.40805377 -21.40350977 -21.39821377 -13.38363377 -12.21931477 -6.05039577 -2.38101277 -2.31728377 -1.37337777 -0.79056377 -0.72191577 1.95669523 3.99632823 4.14300923 5.03365523 5.75622623 5.91702123 6.98523723
2.24113840318 -21.45510377 -21.43738877 -21.40743077 -21.40386077 -21.39898277 -13.42130377 -12.24236977 -6.02654277 -2.27680177 -2.18135677 -1.36152077 -0.77416077 -0.67066177 1.95461223 3.92961723 4.09559923 4.98132023 5.70176323 5.85281323 6.93849423
2.26334206029 -21.45400777 -21.43815277 -21.40679177 -21.40429877 -21.39958777 -13.45685377 -12.26454477 -6.00581077 -2.16751077 -2.04395077 -1.35517477 -0.75454677 -0.62263877 1.94431623 3.85776323 4.05720723 4.91976423 5.65382523 5.79058223 6.89648323
2.28554581532 -21.45296577 -21.43894577 -21.40615177 -21.40482277 -21.40004577 -13.49021877 -12.28571777 -5.98797277 -2.05370177 -1.90590777 -1.35327177 -0.73249577 -0.57818577 1.92449023 3.78044623 4.02915923 4.85100223 5.61245823 5.73050023 6.81540623
2.30774953771 -21.45197477 -21.43974877 -21.40552077 -21.40540777 -21.40036777 -13.52133577 -12.30577677 -5.97277577 -1.93602977 -1.76823677 -1.35469577 -0.70872977 -0.53756077 1.89419323 3.69740023 4.01239323 4.77800223 5.57703623 5.67272223 6.75830823
2.3299532601 -21.45104277 -21.44055277 -21.40602077 -21.40489877 -21.40058977 -13.55015077 -12.32461377 -5.95995877 -1.81529077 -1.63228677 -1.35827277 -0.68382877 -0.50097877 1.85303723 3.60859223 4.00728223 4.70404223 5.54663923 5.61739723 6.70408923
2.35215698248 -21.45017577 -21.44134277 -21.40662677 -21.40430277 -21.40073877 -13.57661377 -12.34213277 -5.94925777 -1.69242077 -1.50049877 -1.36213577 -0.65814677 -0.46861277 1.80132723 3.51441823 4.01353023 4.63215123 5.52037623 5.56466923 6.65303123
2.37436070487 -21.44937677 -21.44209777 -21.40721077 -21.40373477 -21.40083477 -13.60067977 -12.35824777 -5.94041977 -1.56851577 -1.39376177 -1.34642977 -0.63177077 -0.44061377 1.74010423 3.41586123 4.03015323 4.56475223 5.49752923 5.51469023 6.60541323
2.39656442726 -21.44866277 -21.44282277 -21.40776277 -21.40320977 -21.40090577 -13.62231277 -12.37287877 -5.93320277 -1.44490477 -1.38444377 -1.24038377 -0.60449377 -0.41714577 1.67110323 3.31459123 4.05555323 4.50352623 5.46764023 5.47759523 6.56152023
2.41876814965 -21.44802077 -21.44348877 -21.40825577 -21.40272277 -21.40094777 -13.64147677 -12.38595377 -5.92738077 -1.38996277 -1.32315777 -1.12873077 -0.57580577 -0.39836377 1.59671023 3.21295123 4.08764223 4.44946323 5.42375423 5.46025523 6.52164523
2.44097187204 -21.44745277 -21.44408677 -21.40868777 -21.40228677 -21.40097177 -13.65814277 -12.39740877 -5.92275177 -1.39628277 -1.20520077 -1.02818277 -0.54502877 -0.38445177 1.51985723 3.11387523 4.12397023 4.40299623 5.38336323 5.44532423 6.48610023
2.46317559443 -21.44697477 -21.44461677 -21.40906077 -21.40190677 -21.40098677 -13.67228677 -12.40719477 -5.91914077 -1.40226277 -1.09343777 -0.94266577 -0.51173377 -0.37559277 1.44399423 3.02075223 4.16184023 4.36418623 5.34693523 5.43270923 6.45520423
2.48537934946 -21.44658077 -21.44505677 -21.40936977 -21.40158677 -21.40099577 -13.68388677 -12.41526177 -5.91639377 -1.40750177 -0.99087277 -0.87459477 -0.47653977 -0.37183577 1.37303223 2.93726323 4.19842023 4.33289123 5.31512523 5.42237423 6.42929623
2.50758307185 -21.44627377 -21.44541377 -21.40961077 -21.40133677 -21.40100177 -13.69292677 -12.42157477 -5.91438777 -1.41176577 -0.90138077 -0.82451777 -0.44197177 -0.37283477 1.31122823 2.86716423 4.23084923 4.30888223 5.28877923 5.41431623 6.40870823
2.52978679424 -21.44604577 -21.44566777 -21.40978077 -21.40114777 -21.40099877 -13.69939177 -12.42610377 -5.91302377 -1.41490677 -0.82995377 -0.79110477 -0.41228277 -0.37733077 1.26293223 2.81400723 4.25642123 4.29192823 5.26889223 5.40854523 6.39374423
2.55199051336 -21.44590977 -21.44581677 -21.40988277 -21.40103277 -21.40100177 -13.70327577 -12.42882877 -5.91223277 -1.41683077 -0.78279877 -0.77222177 -0.39214477 -0.38260777 1.23206323 2.78076723 4.27282823 4.28183623 5.25645223 5.40507523 6.38465523
2.57419423901 -21.44586477 -21.44586177 -21.40991477 -21.40100077 -21.40099877 -13.70457077 -12.42973777 -5.91197277 -1.41747877 -0.76613777 -0.76612977 -0.38500677 -0.38500577 1.22143023 2.76945023 4.27848723 4.27848723 5.25221123 5.40391623 6.38160623
