              w [eV]            znorm(w)       delta(w) [eV]
    6.7680377175E-05    1.3230115257E+00    1.2821328449E-04
    2.0304113152E-04    1.3230014045E+00    1.2820252788E-04
    3.3840188587E-04    1.3229811740E+00    1.2818102923E-04
    4.7376264022E-04    1.3229508581E+00    1.2814881754E-04
    6.0912339457E-04    1.3229104923E+00    1.2810593602E-04
    7.4448414892E-04    1.3228601234E+00    1.2805244169E-04
    8.7984490327E-04    1.3227998094E+00    1.2798840488E-04
    1.0152056576E-03    1.3227296190E+00    1.2791390871E-04
    1.1505664120E-03    1.3226496309E+00    1.2782904833E-04
    1.2859271663E-03    1.3225599335E+00    1.2773393025E-04
    1.4212879207E-03    1.3224606242E+00    1.2762867146E-04
    1.5566486750E-03    1.3223518088E+00    1.2751339861E-04
    1.6920094294E-03    1.3222336007E+00    1.2738824709E-04
    1.8273701837E-03    1.3221061204E+00    1.2725336016E-04
    1.9627309381E-03    1.3219694949E+00    1.2710888795E-04
    2.0980916924E-03    1.3218238566E+00    1.2695498663E-04
    2.2334524468E-03    1.3216693429E+00    1.2679181748E-04
    2.3688132011E-03    1.3215060955E+00    1.2661954601E-04
    2.5041739555E-03    1.3213342596E+00    1.2643834116E-04
    2.6395347098E-03    1.3211539836E+00    1.2624837450E-04
    2.7748954642E-03    1.3209654180E+00    1.2604981950E-04
    2.9102562185E-03    1.3207687153E+00    1.2584285084E-04
    3.0456169729E-03    1.3205640290E+00    1.2562764380E-04
    3.1809777272E-03    1.3203515136E+00    1.2540437367E-04
    3.3163384816E-03    1.3201313239E+00    1.2517321523E-04
    3.4516992359E-03    1.3199036144E+00    1.2493434234E-04
    3.5870599903E-03    1.3196685392E+00    1.2468792746E-04
    3.7224207446E-03    1.3194262515E+00    1.2443414137E-04
    3.8577814990E-03    1.3191769036E+00    1.2417315284E-04
    3.9931422533E-03    1.3189206460E+00    1.2390512835E-04
    4.1285030077E-03    1.3186576279E+00    1.2363023194E-04
    4.2638637620E-03    1.3183879964E+00    1.2334862498E-04
    4.3992245164E-03    1.3181118966E+00    1.2306046604E-04
    4.5345852707E-03    1.3178294717E+00    1.2276591082E-04
    4.6699460251E-03    1.3175408623E+00    1.2246511205E-04
    4.8053067794E-03    1.3172462066E+00    1.2215821944E-04
    4.9406675338E-03    1.3169456407E+00    1.2184537965E-04
    5.0760282881E-03    1.3166392978E+00    1.2152673630E-04
    5.2113890425E-03    1.3163273086E+00    1.2120242996E-04
    5.3467497968E-03    1.3160098015E+00    1.2087259817E-04
    5.4821105512E-03    1.3156869019E+00    1.2053737551E-04
    5.6174713055E-03    1.3153587329E+00    1.2019689359E-04
    5.7528320599E-03    1.3150254149E+00    1.1985128116E-04
    5.8881928142E-03    1.3146870658E+00    1.1950066411E-04
    6.0235535686E-03    1.3143438009E+00    1.1914516560E-04
    6.1589143229E-03    1.3139957330E+00    1.1878490606E-04
    6.2942750772E-03    1.3136429724E+00    1.1842000330E-04
    6.4296358316E-03    1.3132856271E+00    1.1805057261E-04
    6.5649965859E-03    1.3129238026E+00    1.1767672674E-04
    6.7003573403E-03    1.3125576022E+00    1.1729857608E-04
    6.8357180946E-03    1.3121871268E+00    1.1691622865E-04
    6.9710788490E-03    1.3118124752E+00    1.1652979023E-04
    7.1064396033E-03    1.3114337438E+00    1.1613936437E-04
    7.2418003577E-03    1.3110510272E+00    1.1574505253E-04
    7.3771611120E-03    1.3106644177E+00    1.1534695408E-04
    7.5125218664E-03    1.3102740057E+00    1.1494516641E-04
    7.6478826207E-03    1.3098798795E+00    1.1453978497E-04
    7.7832433751E-03    1.3094821259E+00    1.1413090334E-04
    7.9186041294E-03    1.3090808293E+00    1.1371861329E-04
    8.0539648838E-03    1.3086760728E+00    1.1330300482E-04
    8.1893256381E-03    1.3082679374E+00    1.1288416623E-04
    8.3246863925E-03    1.3078565026E+00    1.1246218416E-04
    8.4600471468E-03    1.3074418461E+00    1.1203714366E-04
    8.5954079012E-03    1.3070240443E+00    1.1160912819E-04
    8.7307686555E-03    1.3066031717E+00    1.1117821973E-04
    8.8661294099E-03    1.3061793014E+00    1.1074449876E-04
    9.0014901642E-03    1.3057525052E+00    1.1030804436E-04
    9.1368509186E-03    1.3053228533E+00    1.0986893418E-04
    9.2722116729E-03    1.3048904145E+00    1.0942724455E-04
    9.4075724273E-03    1.3044552564E+00    1.0898305045E-04
    9.5429331816E-03    1.3040174450E+00    1.0853642558E-04
    9.6782939360E-03    1.3035770455E+00    1.0808744241E-04
    9.8136546903E-03    1.3031341213E+00    1.0763617215E-04
    9.9490154447E-03    1.3026887351E+00    1.0718268483E-04
    1.0084376199E-02    1.3022409481E+00    1.0672704930E-04
    1.0219736953E-02    1.3017908205E+00    1.0626933329E-04
    1.0355097708E-02    1.3013384112E+00    1.0580960340E-04
    1.0490458462E-02    1.3008837783E+00    1.0534792512E-04
    1.0625819216E-02    1.3004269787E+00    1.0488436289E-04
    1.0761179971E-02    1.2999680681E+00    1.0441898010E-04
    1.0896540725E-02    1.2995071016E+00    1.0395183911E-04
    1.1031901479E-02    1.2990441328E+00    1.0348300126E-04
    1.1167262234E-02    1.2985792149E+00    1.0301252691E-04
    1.1302622988E-02    1.2981123997E+00    1.0254047545E-04
    1.1437983743E-02    1.2976437382E+00    1.0206690531E-04
    1.1573344497E-02    1.2971732808E+00    1.0159187400E-04
    1.1708705251E-02    1.2967010766E+00    1.0111543809E-04
    1.1844066006E-02    1.2962271742E+00    1.0063765326E-04
    1.1979426760E-02    1.2957516210E+00    1.0015857430E-04
    1.2114787514E-02    1.2952744640E+00    9.9678255101E-05
    1.2250148269E-02    1.2947957492E+00    9.9196748726E-05
    1.2385509023E-02    1.2943155217E+00    9.8714107374E-05
    1.2520869777E-02    1.2938338259E+00    9.8230382410E-05
    1.2656230532E-02    1.2933507057E+00    9.7745624380E-05
    1.2791591286E-02    1.2928662039E+00    9.7259883019E-05
    1.2926952040E-02    1.2923803628E+00    9.6773207264E-05
    1.3062312795E-02    1.2918932239E+00    9.6285645268E-05
    1.3197673549E-02    1.2914048281E+00    9.5797244406E-05
    1.3333034303E-02    1.2909152156E+00    9.5308051291E-05
    1.3468395058E-02    1.2904244258E+00    9.4818111782E-05
    1.3603755812E-02    1.2899324976E+00    9.4327470995E-05
    1.3739116566E-02    1.2894394692E+00    9.3836173312E-05
    1.3874477321E-02    1.2889453782E+00    9.3344262393E-05
    1.4009838075E-02    1.2884502616E+00    9.2851781185E-05
    1.4145198830E-02    1.2879541556E+00    9.2358771929E-05
    1.4280559584E-02    1.2874570960E+00    9.1865276173E-05
    1.4415920338E-02    1.2869591181E+00    9.1371334778E-05
    1.4551281093E-02    1.2864602563E+00    9.0876987928E-05
    1.4686641847E-02    1.2859605448E+00    9.0382275139E-05
    1.4822002601E-02    1.2854600169E+00    8.9887235268E-05
    1.4957363356E-02    1.2849587056E+00    8.9391906521E-05
    1.5092724110E-02    1.2844566433E+00    8.8896326458E-05
    1.5228084864E-02    1.2839538618E+00    8.8400532007E-05
    1.5363445619E-02    1.2834503925E+00    8.7904559468E-05
    1.5498806373E-02    1.2829462661E+00    8.7408444522E-05
    1.5634167127E-02    1.2824415129E+00    8.6912222239E-05
    1.5769527882E-02    1.2819361629E+00    8.6415927086E-05
    1.5904888636E-02    1.2814302452E+00    8.5919592931E-05
    1.6040249390E-02    1.2809237888E+00    8.5423253056E-05
    1.6175610145E-02    1.2804168219E+00    8.4926940162E-05
    1.6310970899E-02    1.2799093725E+00    8.4430686373E-05
    1.6446331653E-02    1.2794014681E+00    8.3934523250E-05
    1.6581692408E-02    1.2788931356E+00    8.3438481792E-05
    1.6717053162E-02    1.2783844015E+00    8.2942592444E-05
    1.6852413917E-02    1.2778752919E+00    8.2446885108E-05
    1.6987774671E-02    1.2773658326E+00    8.1951389145E-05
    1.7123135425E-02    1.2768560486E+00    8.1456133386E-05
    1.7258496180E-02    1.2763459650E+00    8.0961146133E-05
    1.7393856934E-02    1.2758356060E+00    8.0466455172E-05
    1.7529217688E-02    1.2753249956E+00    7.9972087776E-05
    1.7664578443E-02    1.2748141575E+00    7.9478070712E-05
    1.7799939197E-02    1.2743031147E+00    7.8984430248E-05
    1.7935299951E-02    1.2737918903E+00    7.8491192159E-05
    1.8070660706E-02    1.2732805064E+00    7.7998381732E-05
    1.8206021460E-02    1.2727689852E+00    7.7506023776E-05
    1.8341382214E-02    1.2722573484E+00    7.7014142624E-05
    1.8476742969E-02    1.2717456172E+00    7.6522762142E-05
    1.8612103723E-02    1.2712338125E+00    7.6031905733E-05
    1.8747464477E-02    1.2707219550E+00    7.5541596345E-05
    1.8882825232E-02    1.2702100648E+00    7.5051856475E-05
    1.9018185986E-02    1.2696981618E+00    7.4562708178E-05
    1.9153546740E-02    1.2691862655E+00    7.4074173068E-05
    1.9288907495E-02    1.2686743951E+00    7.3586272328E-05
    1.9424268249E-02    1.2681625695E+00    7.3099026714E-05
    1.9559629003E-02    1.2676508071E+00    7.2612456563E-05
    1.9694989758E-02    1.2671391261E+00    7.2126581792E-05
    1.9830350512E-02    1.2666275445E+00    7.1641421914E-05
    1.9965711267E-02    1.2661160797E+00    7.1156996033E-05
    2.0101072021E-02    1.2656047491E+00    7.0673322856E-05
    2.0236432775E-02    1.2650935695E+00    7.0190420697E-05
    2.0371793530E-02    1.2645825575E+00    6.9708307482E-05
    2.0507154284E-02    1.2640717296E+00    6.9227000754E-05
    2.0642515038E-02    1.2635611017E+00    6.8746517679E-05
    2.0777875793E-02    1.2630506895E+00    6.8266875050E-05
    2.0913236547E-02    1.2625405086E+00    6.7788089294E-05
    2.1048597301E-02    1.2620305741E+00    6.7310176475E-05
    2.1183958056E-02    1.2615209009E+00    6.6833152302E-05
    2.1319318810E-02    1.2610115037E+00    6.6357032130E-05
    2.1454679564E-02    1.2605023966E+00    6.5881830968E-05
    2.1590040319E-02    1.2599935940E+00    6.5407563485E-05
    2.1725401073E-02    1.2594851094E+00    6.4934244010E-05
    2.1860761827E-02    1.2589769566E+00    6.4461886542E-05
    2.1996122582E-02    1.2584691488E+00    6.3990504751E-05
    2.2131483336E-02    1.2579616990E+00    6.3520111985E-05
    2.2266844090E-02    1.2574546201E+00    6.3050721274E-05
    2.2402204845E-02    1.2569479246E+00    6.2582345335E-05
    2.2537565599E-02    1.2564416247E+00    6.2114996575E-05
    2.2672926354E-02    1.2559357327E+00    6.1648687098E-05
    2.2808287108E-02    1.2554302602E+00    6.1183428707E-05
    2.2943647862E-02    1.2549252189E+00    6.0719232909E-05
    2.3079008617E-02    1.2544206201E+00    6.0256110922E-05
    2.3214369371E-02    1.2539164751E+00    5.9794073676E-05
    2.3349730125E-02    1.2534127946E+00    5.9333131819E-05
    2.3485090880E-02    1.2529095895E+00    5.8873295720E-05
    2.3620451634E-02    1.2524068701E+00    5.8414575475E-05
    2.3755812388E-02    1.2519046468E+00    5.7956980910E-05
    2.3891173143E-02    1.2514029295E+00    5.7500521584E-05
    2.4026533897E-02    1.2509017283E+00    5.7045206797E-05
    2.4161894651E-02    1.2504010526E+00    5.6591045587E-05
    2.4297255406E-02    1.2499009119E+00    5.6138046743E-05
    2.4432616160E-02    1.2494013156E+00    5.5686218801E-05
    2.4567976914E-02    1.2489022725E+00    5.5235570052E-05
    2.4703337669E-02    1.2484037916E+00    5.4786108546E-05
    2.4838698423E-02    1.2479058815E+00    5.4337842092E-05
    2.4974059177E-02    1.2474085506E+00    5.3890778266E-05
    2.5109419932E-02    1.2469118074E+00    5.3444924415E-05
    2.5244780686E-02    1.2464156598E+00    5.3000287654E-05
    2.5380141441E-02    1.2459201158E+00    5.2556874879E-05
    2.5515502195E-02    1.2454251831E+00    5.2114692763E-05
    2.5650862949E-02    1.2449308694E+00    5.1673747763E-05
    2.5786223704E-02    1.2444371819E+00    5.1234046125E-05
    2.5921584458E-02    1.2439441279E+00    5.0795593882E-05
    2.6056945212E-02    1.2434517145E+00    5.0358396862E-05
    2.6192305967E-02    1.2429599486E+00    4.9922460691E-05
    2.6327666721E-02    1.2424688368E+00    4.9487790795E-05
    2.6463027475E-02    1.2419783858E+00    4.9054392402E-05
    2.6598388230E-02    1.2414886020E+00    4.8622270550E-05
    2.6733748984E-02    1.2409994916E+00    4.8191430083E-05
    2.6869109738E-02    1.2405110607E+00    4.7761875662E-05
    2.7004470493E-02    1.2400233152E+00    4.7333611762E-05
    2.7139831247E-02    1.2395362611E+00    4.6906642678E-05
    2.7275192001E-02    1.2390499038E+00    4.6480972527E-05
    2.7410552756E-02    1.2385642489E+00    4.6056605253E-05
    2.7545913510E-02    1.2380793018E+00    4.5633544625E-05
    2.7681274264E-02    1.2375950677E+00    4.5211794247E-05
    2.7816635019E-02    1.2371115517E+00    4.4791357555E-05
    2.7951995773E-02    1.2366287587E+00    4.4372237821E-05
    2.8087356528E-02    1.2361466935E+00    4.3954438160E-05
    2.8222717282E-02    1.2356653608E+00    4.3537961527E-05
    2.8358078036E-02    1.2351847652E+00    4.3122810722E-05
    2.8493438791E-02    1.2347049111E+00    4.2708988394E-05
    2.8628799545E-02    1.2342258027E+00    4.2296497042E-05
    2.8764160299E-02    1.2337474443E+00    4.1885339019E-05
    2.8899521054E-02    1.2332698398E+00    4.1475516533E-05
    2.9034881808E-02    1.2327929933E+00    4.1067031650E-05
    2.9170242562E-02    1.2323169084E+00    4.0659886298E-05
    2.9305603317E-02    1.2318415889E+00    4.0254082268E-05
    2.9440964071E-02    1.2313670384E+00    3.9849621215E-05
    2.9576324825E-02    1.2308932603E+00    3.9446504664E-05
    2.9711685580E-02    1.2304202579E+00    3.9044734010E-05
    2.9847046334E-02    1.2299480345E+00    3.8644310522E-05
    2.9982407088E-02    1.2294765932E+00    3.8245235342E-05
    3.0117767843E-02    1.2290059371E+00    3.7847509492E-05
    3.0253128597E-02    1.2285360689E+00    3.7451133870E-05
    3.0388489351E-02    1.2280669916E+00    3.7056109261E-05
    3.0523850106E-02    1.2275987078E+00    3.6662436330E-05
    3.0659210860E-02    1.2271312201E+00    3.6270115630E-05
    3.0794571615E-02    1.2266645311E+00    3.5879147603E-05
    3.0929932369E-02    1.2261986431E+00    3.5489532580E-05
    3.1065293123E-02    1.2257335584E+00    3.5101270785E-05
    3.1200653878E-02    1.2252692793E+00    3.4714362338E-05
    3.1336014632E-02    1.2248058079E+00    3.4328807254E-05
    3.1471375386E-02    1.2243431461E+00    3.3944605447E-05
    3.1606736141E-02    1.2238812960E+00    3.3561756732E-05
    3.1742096895E-02    1.2234202593E+00    3.3180260827E-05
    3.1877457649E-02    1.2229600379E+00    3.2800117353E-05
    3.2012818404E-02    1.2225006334E+00    3.2421325838E-05
    3.2148179158E-02    1.2220420474E+00    3.2043885718E-05
    3.2283539912E-02    1.2215842813E+00    3.1667796339E-05
    3.2418900667E-02    1.2211273367E+00    3.1293056959E-05
    3.2554261421E-02    1.2206712148E+00    3.0919666749E-05
    3.2689622175E-02    1.2202159169E+00    3.0547624796E-05
    3.2824982930E-02    1.2197614442E+00    3.0176930102E-05
    3.2960343684E-02    1.2193077977E+00    2.9807581589E-05
    3.3095704438E-02    1.2188549786E+00    2.9439578100E-05
    3.3231065193E-02    1.2184029877E+00    2.9072918399E-05
    3.3366425947E-02    1.2179518260E+00    2.8707601173E-05
    3.3501786701E-02    1.2175014942E+00    2.8343625034E-05
    3.3637147456E-02    1.2170519931E+00    2.7980988523E-05
    3.3772508210E-02    1.2166033233E+00    2.7619690106E-05
    3.3907868965E-02    1.2161554854E+00    2.7259728180E-05
    3.4043229719E-02    1.2157084800E+00    2.6901101075E-05
    3.4178590473E-02    1.2152623075E+00    2.6543807050E-05
    3.4313951228E-02    1.2148169682E+00    2.6187844302E-05
    3.4449311982E-02    1.2143724626E+00    2.5833210960E-05
    3.4584672736E-02    1.2139287909E+00    2.5479905094E-05
    3.4720033491E-02    1.2134859533E+00    2.5127924707E-05
    3.4855394245E-02    1.2130439498E+00    2.4777267747E-05
    3.4990754999E-02    1.2126027807E+00    2.4427932100E-05
    3.5126115754E-02    1.2121624459E+00    2.4079915596E-05
    3.5261476508E-02    1.2117229453E+00    2.3733216006E-05
    3.5396837262E-02    1.2112842790E+00    2.3387831048E-05
    3.5532198017E-02    1.2108464466E+00    2.3043758388E-05
    3.5667558771E-02    1.2104094480E+00    2.2700995635E-05
    3.5802919525E-02    1.2099732830E+00    2.2359540350E-05
    3.5938280280E-02    1.2095379511E+00    2.2019390043E-05
    3.6073641034E-02    1.2091034521E+00    2.1680542174E-05
    3.6209001788E-02    1.2086697855E+00    2.1342994157E-05
    3.6344362543E-02    1.2082369508E+00    2.1006743358E-05
    3.6479723297E-02    1.2078049475E+00    2.0671787099E-05
    3.6615084052E-02    1.2073737750E+00    2.0338122655E-05
    3.6750444806E-02    1.2069434327E+00    2.0005747260E-05
    3.6885805560E-02    1.2065139199E+00    1.9674658105E-05
    3.7021166315E-02    1.2060852359E+00    1.9344852340E-05
    3.7156527069E-02    1.2056573798E+00    1.9016327073E-05
    3.7291887823E-02    1.2052303510E+00    1.8689079377E-05
    3.7427248578E-02    1.2048041485E+00    1.8363106282E-05
    3.7562609332E-02    1.2043787714E+00    1.8038404785E-05
    3.7697970086E-02    1.2039542187E+00    1.7714971844E-05
    3.7833330841E-02    1.2035304895E+00    1.7392804383E-05
    3.7968691595E-02    1.2031075828E+00    1.7071899292E-05
    3.8104052349E-02    1.2026854974E+00    1.6752253427E-05
    3.8239413104E-02    1.2022642323E+00    1.6433863612E-05
    3.8374773858E-02    1.2018437862E+00    1.6116726638E-05
    3.8510134612E-02    1.2014241580E+00    1.5800839269E-05
    3.8645495367E-02    1.2010053465E+00    1.5486198235E-05
    3.8780856121E-02    1.2005873504E+00    1.5172800240E-05
    3.8916216875E-02    1.2001701683E+00    1.4860641959E-05
    3.9051577630E-02    1.1997537989E+00    1.4549720038E-05
    3.9186938384E-02    1.1993382408E+00    1.4240031100E-05
    3.9322299139E-02    1.1989234927E+00    1.3931571739E-05
    3.9457659893E-02    1.1985095531E+00    1.3624338527E-05
    3.9593020647E-02    1.1980964204E+00    1.3318328009E-05
    3.9728381402E-02    1.1976840931E+00    1.3013536710E-05
    3.9863742156E-02    1.1972725698E+00    1.2709961129E-05
    3.9999102910E-02    1.1968618487E+00    1.2407597744E-05
    4.0134463665E-02    1.1964519284E+00    1.2106443015E-05
    4.0269824419E-02    1.1960428071E+00    1.1806493377E-05
    4.0405185173E-02    1.1956344831E+00    1.1507745248E-05
    4.0540545928E-02    1.1952269548E+00    1.1210195026E-05
    4.0675906682E-02    1.1948202204E+00    1.0913839091E-05
    4.0811267436E-02    1.1944142782E+00    1.0618673806E-05
    4.0946628191E-02    1.1940091263E+00    1.0324695514E-05
    4.1081988945E-02    1.1936047629E+00    1.0031900544E-05
    4.1217349699E-02    1.1932011861E+00    9.7402852100E-06
    4.1352710454E-02    1.1927983942E+00    9.4498458082E-06
    4.1488071208E-02    1.1923963851E+00    9.1605786217E-06
    4.1623431962E-02    1.1919951570E+00    8.8724799192E-06
    4.1758792717E-02    1.1915947078E+00    8.5855459561E-06
    4.1894153471E-02    1.1911950356E+00    8.2997729748E-06
    4.2029514226E-02    1.1907961385E+00    8.0151572053E-06
    4.2164874980E-02    1.1903980143E+00    7.7316948660E-06
    4.2300235734E-02    1.1900006609E+00    7.4493821640E-06
    4.2435596489E-02    1.1896040764E+00    7.1682152956E-06
    4.2570957243E-02    1.1892082587E+00    6.8881904470E-06
    4.2706317997E-02    1.1888132055E+00    6.6093037949E-06
    4.2841678752E-02    1.1884189147E+00    6.3315515064E-06
    4.2977039506E-02    1.1880253842E+00    6.0549297404E-06
    4.3112400260E-02    1.1876326118E+00    5.7794346474E-06
    4.3247761015E-02    1.1872405953E+00    5.5050623700E-06
    4.3383121769E-02    1.1868493324E+00    5.2318090439E-06
    4.3518482523E-02    1.1864588209E+00    4.9596707978E-06
    4.3653843278E-02    1.1860690586E+00    4.6886437540E-06
    4.3789204032E-02    1.1856800430E+00    4.4187240291E-06
    4.3924564786E-02    1.1852917720E+00    4.1499077340E-06
    4.4059925541E-02    1.1849042431E+00    3.8821909748E-06
    4.4195286295E-02    1.1845174541E+00    3.6155698528E-06
    4.4330647049E-02    1.1841314026E+00    3.3500404651E-06
    4.4466007804E-02    1.1837460862E+00    3.0855989049E-06
    4.4601368558E-02    1.1833615024E+00    2.8222412622E-06
    4.4736729312E-02    1.1829776490E+00    2.5599636236E-06
    4.4872090067E-02    1.1825945234E+00    2.2987620735E-06
    4.5007450821E-02    1.1822121232E+00    2.0386326935E-06
    4.5142811576E-02    1.1818304459E+00    1.7795715636E-06
    4.5278172330E-02    1.1814494890E+00    1.5215747621E-06
    4.5413533084E-02    1.1810692502E+00    1.2646383661E-06
    4.5548893839E-02    1.1806897267E+00    1.0087584518E-06
    4.5684254593E-02    1.1803109162E+00    7.5393109470E-07
    4.5819615347E-02    1.1799328161E+00    5.0015237033E-07
    4.5954976102E-02    1.1795554238E+00    2.4741835414E-07
    4.6090336856E-02    1.1791787368E+00   -4.2748779646E-09
    4.6225697610E-02    1.1788027524E+00   -2.5493124937E-07
    4.6361058365E-02    1.1784274681E+00   -5.0455468243E-07
    4.6496419119E-02    1.1780528813E+00   -7.5314909821E-07
    4.6631779873E-02    1.1776789893E+00   -1.0007184161E-06
    4.6767140628E-02    1.1773057896E+00   -1.2472665538E-06
    4.6902501382E-02    1.1769332795E+00   -1.4927974265E-06
    4.7037862136E-02    1.1765614562E+00   -1.7373149473E-06
    4.7173222891E-02    1.1761903172E+00   -1.9808230263E-06
    4.7308583645E-02    1.1758198598E+00   -2.2233255708E-06
    4.7443944399E-02    1.1754500813E+00   -2.4648264850E-06
    4.7579305154E-02    1.1750809789E+00   -2.7053296693E-06
    4.7714665908E-02    1.1747125500E+00   -2.9448390205E-06
    4.7850026663E-02    1.1743447919E+00   -3.1833584317E-06
    4.7985387417E-02    1.1739777017E+00   -3.4208917914E-06
    4.8120748171E-02    1.1736112768E+00   -3.6574429839E-06
    4.8256108926E-02    1.1732455145E+00   -3.8930158890E-06
    4.8391469680E-02    1.1728804118E+00   -4.1276143812E-06
    4.8526830434E-02    1.1725159661E+00   -4.3612423303E-06
    4.8662191189E-02    1.1721521746E+00   -4.5939036007E-06
    4.8797551943E-02    1.1717890345E+00   -4.8256020513E-06
    4.8932912697E-02    1.1714265430E+00   -5.0563415352E-06
    4.9068273452E-02    1.1710646973E+00   -5.2861258997E-06
    4.9203634206E-02    1.1707034945E+00   -5.5149589860E-06
    4.9338994960E-02    1.1703429319E+00   -5.7428446292E-06
    4.9474355715E-02    1.1699830066E+00   -5.9697866576E-06
    4.9609716469E-02    1.1696237157E+00   -6.1957888931E-06
    4.9745077223E-02    1.1692650565E+00   -6.4208551507E-06
    4.9880437978E-02    1.1689070260E+00   -6.6449892386E-06
    5.0015798732E-02    1.1685496213E+00   -6.8681949576E-06
    5.0151159486E-02    1.1681928397E+00   -7.0904761014E-06
    5.0286520241E-02    1.1678366782E+00   -7.3118364560E-06
    5.0421880995E-02    1.1674811340E+00   -7.5322798001E-06
    5.0557241750E-02    1.1671262041E+00   -7.7518099043E-06
    5.0692602504E-02    1.1667718857E+00   -7.9704305316E-06
    5.0827963258E-02    1.1664181758E+00   -8.1881454367E-06
    5.0963324013E-02    1.1660650715E+00   -8.4049583661E-06
    5.1098684767E-02    1.1657125700E+00   -8.6208730583E-06
    5.1234045521E-02    1.1653606682E+00   -8.8358932428E-06
    5.1369406276E-02    1.1650093633E+00   -9.0500226410E-06
    5.1504767030E-02    1.1646586523E+00   -9.2632649652E-06
    5.1640127784E-02    1.1643085323E+00   -9.4756239191E-06
    5.1775488539E-02    1.1639590003E+00   -9.6871031973E-06
    5.1910849293E-02    1.1636100534E+00   -9.8977064854E-06
    5.2046210047E-02    1.1632616886E+00   -1.0107437460E-05
    5.2181570802E-02    1.1629139029E+00   -1.0316299787E-05
    5.2316931556E-02    1.1625666934E+00   -1.0524297126E-05
    5.2452292310E-02    1.1622200571E+00   -1.0731433124E-05
    5.2587653065E-02    1.1618739911E+00   -1.0937711419E-05
    5.2723013819E-02    1.1615284923E+00   -1.1143135641E-05
    5.2858374573E-02    1.1611835577E+00   -1.1347709409E-05
    5.2993735328E-02    1.1608391844E+00   -1.1551436330E-05
    5.3129096082E-02    1.1604953694E+00   -1.1754320006E-05
    5.3264456837E-02    1.1601521096E+00   -1.1956364024E-05
    5.3399817591E-02    1.1598094021E+00   -1.2157571964E-05
    5.3535178345E-02    1.1594672438E+00   -1.2357947393E-05
    5.3670539100E-02    1.1591256318E+00   -1.2557493871E-05
    5.3805899854E-02    1.1587845630E+00   -1.2756214946E-05
    5.3941260608E-02    1.1584440343E+00   -1.2954114154E-05
    5.4076621363E-02    1.1581040429E+00   -1.3151195022E-05
    5.4211982117E-02    1.1577645856E+00   -1.3347461068E-05
    5.4347342871E-02    1.1574256595E+00   -1.3542915795E-05
    5.4482703626E-02    1.1570872614E+00   -1.3737562700E-05
    5.4618064380E-02    1.1567493883E+00   -1.3931405265E-05
    5.4753425134E-02    1.1564120373E+00   -1.4124446965E-05
    5.4888785889E-02    1.1560752053E+00   -1.4316691261E-05
    5.5024146643E-02    1.1557388891E+00   -1.4508141605E-05
    5.5159507397E-02    1.1554030858E+00   -1.4698801436E-05
    5.5294868152E-02    1.1550677924E+00   -1.4888674184E-05
    5.5430228906E-02    1.1547330057E+00   -1.5077763266E-05
    5.5565589660E-02    1.1543987227E+00   -1.5266072089E-05
    5.5700950415E-02    1.1540649404E+00   -1.5453604049E-05
    5.5836311169E-02    1.1537316556E+00   -1.5640362530E-05
    5.5971671923E-02    1.1533988654E+00   -1.5826350905E-05
    5.6107032678E-02    1.1530665666E+00   -1.6011572534E-05
    5.6242393432E-02    1.1527347562E+00   -1.6196030768E-05
    5.6377754187E-02    1.1524034312E+00   -1.6379728947E-05
    5.6513114941E-02    1.1520725883E+00   -1.6562670395E-05
    5.6648475695E-02    1.1517422247E+00   -1.6744858431E-05
    5.6783836450E-02    1.1514123371E+00   -1.6926296356E-05
    5.6919197204E-02    1.1510829226E+00   -1.7106987464E-05
    5.7054557958E-02    1.1507539779E+00   -1.7286935036E-05
    5.7189918713E-02    1.1504255002E+00   -1.7466142341E-05
    5.7325279467E-02    1.1500974862E+00   -1.7644612636E-05
    5.7460640221E-02    1.1497699329E+00   -1.7822349168E-05
    5.7596000976E-02    1.1494428371E+00   -1.7999355170E-05
    5.7731361730E-02    1.1491161959E+00   -1.8175633864E-05
    5.7866722484E-02    1.1487900062E+00   -1.8351188462E-05
    5.8002083239E-02    1.1484642647E+00   -1.8526022162E-05
    5.8137443993E-02    1.1481389685E+00   -1.8700138152E-05
    5.8272804747E-02    1.1478141144E+00   -1.8873539606E-05
    5.8408165502E-02    1.1474896994E+00   -1.9046229689E-05
    5.8543526256E-02    1.1471657203E+00   -1.9218211551E-05
    5.8678887010E-02    1.1468421741E+00   -1.9389488333E-05
    5.8814247765E-02    1.1465190577E+00   -1.9560063162E-05
    5.8949608519E-02    1.1461963679E+00   -1.9729939155E-05
    5.9084969274E-02    1.1458741017E+00   -1.9899119415E-05
    5.9220330028E-02    1.1455522560E+00   -2.0067607036E-05
    5.9355690782E-02    1.1452308276E+00   -2.0235405097E-05
    5.9491051537E-02    1.1449098135E+00   -2.0402516666E-05
    5.9626412291E-02    1.1445892106E+00   -2.0568944802E-05
    5.9761773045E-02    1.1442690157E+00   -2.0734692547E-05
    5.9897133800E-02    1.1439492258E+00   -2.0899762936E-05
    6.0032494554E-02    1.1436298377E+00   -2.1064158988E-05
    6.0167855308E-02    1.1433108484E+00   -2.1227883714E-05
    6.0303216063E-02    1.1429922548E+00   -2.1390940110E-05
    6.0438576817E-02    1.1426740537E+00   -2.1553331160E-05
    6.0573937571E-02    1.1423562421E+00   -2.1715059840E-05
    6.0709298326E-02    1.1420388168E+00   -2.1876129109E-05
    6.0844659080E-02    1.1417217747E+00   -2.2036541918E-05
    6.0980019834E-02    1.1414051128E+00   -2.2196301203E-05
    6.1115380589E-02    1.1410888279E+00   -2.2355409892E-05
    6.1250741343E-02    1.1407729169E+00   -2.2513870897E-05
    6.1386102097E-02    1.1404573768E+00   -2.2671687121E-05
    6.1521462852E-02    1.1401422044E+00   -2.2828861453E-05
    6.1656823606E-02    1.1398273966E+00   -2.2985396773E-05
    6.1792184361E-02    1.1395129503E+00   -2.3141295946E-05
    6.1927545115E-02    1.1391988624E+00   -2.3296561828E-05
    6.2062905869E-02    1.1388851298E+00   -2.3451197260E-05
    6.2198266624E-02    1.1385717495E+00   -2.3605205075E-05
    6.2333627378E-02    1.1382587182E+00   -2.3758588091E-05
    6.2468988132E-02    1.1379460329E+00   -2.3911349116E-05
    6.2604348887E-02    1.1376336906E+00   -2.4063490945E-05
    6.2739709641E-02    1.1373216881E+00   -2.4215016363E-05
    6.2875070395E-02    1.1370100222E+00   -2.4365928142E-05
    6.3010431150E-02    1.1366986900E+00   -2.4516229042E-05
    6.3145791904E-02    1.1363876883E+00   -2.4665921812E-05
    6.3281152658E-02    1.1360770141E+00   -2.4815009190E-05
    6.3416513413E-02    1.1357666641E+00   -2.4963493900E-05
    6.3551874167E-02    1.1354566354E+00   -2.5111378657E-05
    6.3687234921E-02    1.1351469248E+00   -2.5258666164E-05
    6.3822595676E-02    1.1348375293E+00   -2.5405359110E-05
    6.3957956430E-02    1.1345284457E+00   -2.5551460175E-05
    6.4093317184E-02    1.1342196710E+00   -2.5696972026E-05
    6.4228677939E-02    1.1339112021E+00   -2.5841897320E-05
    6.4364038693E-02    1.1336030359E+00   -2.5986238700E-05
    6.4499399448E-02    1.1332951692E+00   -2.6129998801E-05
    6.4634760202E-02    1.1329875992E+00   -2.6273180243E-05
    6.4770120956E-02    1.1326803225E+00   -2.6415785637E-05
    6.4905481711E-02    1.1323733362E+00   -2.6557817581E-05
    6.5040842465E-02    1.1320666373E+00   -2.6699278662E-05
    6.5176203219E-02    1.1317602225E+00   -2.6840171457E-05
    6.5311563974E-02    1.1314540889E+00   -2.6980498530E-05
    6.5446924728E-02    1.1311482333E+00   -2.7120262435E-05
    6.5582285482E-02    1.1308426528E+00   -2.7259465713E-05
    6.5717646237E-02    1.1305373441E+00   -2.7398110895E-05
    6.5853006991E-02    1.1302323044E+00   -2.7536200500E-05
    6.5988367745E-02    1.1299275304E+00   -2.7673737037E-05
    6.6123728500E-02    1.1296230192E+00   -2.7810723003E-05
    6.6259089254E-02    1.1293187677E+00   -2.7947160884E-05
    6.6394450008E-02    1.1290147728E+00   -2.8083053154E-05
    6.6529810763E-02    1.1287110315E+00   -2.8218402278E-05
    6.6665171517E-02    1.1284075407E+00   -2.8353210708E-05
    6.6800532271E-02    1.1281042973E+00   -2.8487480885E-05
    6.6935893026E-02    1.1278012984E+00   -2.8621215240E-05
    6.7071253780E-02    1.1274985409E+00   -2.8754416192E-05
    6.7206614535E-02    1.1271960218E+00   -2.8887086151E-05
    6.7341975289E-02    1.1268937379E+00   -2.9019227514E-05
    6.7477336043E-02    1.1265916864E+00   -2.9150842667E-05
    6.7612696798E-02    1.1262898641E+00   -2.9281933987E-05
    6.7748057552E-02    1.1259882680E+00   -2.9412503839E-05
    6.7883418306E-02    1.1256868951E+00   -2.9542554577E-05
    6.8018779061E-02    1.1253857425E+00   -2.9672088545E-05
    6.8154139815E-02    1.1250848070E+00   -2.9801108075E-05
    6.8289500569E-02    1.1247840856E+00   -2.9929615489E-05
    6.8424861324E-02    1.1244835754E+00   -3.0057613100E-05
    6.8560222078E-02    1.1241832734E+00   -3.0185103207E-05
    6.8695582832E-02    1.1238831765E+00   -3.0312088101E-05
    6.8830943587E-02    1.1235832818E+00   -3.0438570062E-05
    6.8966304341E-02    1.1232835862E+00   -3.0564551358E-05
    6.9101665095E-02    1.1229840869E+00   -3.0690034248E-05
    6.9237025850E-02    1.1226847807E+00   -3.0815020980E-05
    6.9372386604E-02    1.1223856648E+00   -3.0939513792E-05
    6.9507747358E-02    1.1220867361E+00   -3.1063514910E-05
    6.9643108113E-02    1.1217879917E+00   -3.1187026553E-05
    6.9778468867E-02    1.1214894287E+00   -3.1310050925E-05
    6.9913829621E-02    1.1211910440E+00   -3.1432590224E-05
    7.0049190376E-02    1.1208928348E+00   -3.1554646634E-05
    7.0184551130E-02    1.1205947980E+00   -3.1676222333E-05
    7.0319911885E-02    1.1202969308E+00   -3.1797319484E-05
    7.0455272639E-02    1.1199992301E+00   -3.1917940244E-05
    7.0590633393E-02    1.1197016932E+00   -3.2038086757E-05
    7.0725994148E-02    1.1194043170E+00   -3.2157761158E-05
    7.0861354902E-02    1.1191070987E+00   -3.2276965573E-05
    7.0996715656E-02    1.1188100353E+00   -3.2395702116E-05
    7.1132076411E-02    1.1185131239E+00   -3.2513972891E-05
    7.1267437165E-02    1.1182163617E+00   -3.2631779995E-05
    7.1402797919E-02    1.1179197458E+00   -3.2749125511E-05
    7.1538158674E-02    1.1176232732E+00   -3.2866011515E-05
    7.1673519428E-02    1.1173269411E+00   -3.2982440071E-05
    7.1808880182E-02    1.1170307467E+00   -3.3098413236E-05
    7.1944240937E-02    1.1167346870E+00   -3.3213933054E-05
    7.2079601691E-02    1.1164387593E+00   -3.3329001562E-05
    7.2214962445E-02    1.1161429606E+00   -3.3443620785E-05
    7.2350323200E-02    1.1158472882E+00   -3.3557792739E-05
    7.2485683954E-02    1.1155517393E+00   -3.3671519432E-05
    7.2621044708E-02    1.1152563109E+00   -3.3784802861E-05
    7.2756405463E-02    1.1149610004E+00   -3.3897645012E-05
    7.2891766217E-02    1.1146658048E+00   -3.4010047864E-05
    7.3027126972E-02    1.1143707215E+00   -3.4122013385E-05
    7.3162487726E-02    1.1140757476E+00   -3.4233543533E-05
    7.3297848480E-02    1.1137808803E+00   -3.4344640259E-05
    7.3433209235E-02    1.1134861170E+00   -3.4455305503E-05
    7.3568569989E-02    1.1131914548E+00   -3.4565541194E-05
    7.3703930743E-02    1.1128968910E+00   -3.4675349255E-05
    7.3839291498E-02    1.1126024229E+00   -3.4784731596E-05
    7.3974652252E-02    1.1123080478E+00   -3.4893690122E-05
    7.4110013006E-02    1.1120137629E+00   -3.5002226724E-05
    7.4245373761E-02    1.1117195656E+00   -3.5110343288E-05
    7.4380734515E-02    1.1114254531E+00   -3.5218041689E-05
    7.4516095269E-02    1.1111314229E+00   -3.5325323792E-05
    7.4651456024E-02    1.1108374722E+00   -3.5432191455E-05
    7.4786816778E-02    1.1105435984E+00   -3.5538646524E-05
    7.4922177532E-02    1.1102497988E+00   -3.5644690839E-05
    7.5057538287E-02    1.1099560708E+00   -3.5750326230E-05
    7.5192899041E-02    1.1096624119E+00   -3.5855554516E-05
    7.5328259795E-02    1.1093688194E+00   -3.5960377511E-05
    7.5463620550E-02    1.1090752908E+00   -3.6064797017E-05
    7.5598981304E-02    1.1087818234E+00   -3.6168814828E-05
    7.5734342059E-02    1.1084884148E+00   -3.6272432729E-05
    7.5869702813E-02    1.1081950623E+00   -3.6375652496E-05
    7.6005063567E-02    1.1079017635E+00   -3.6478475898E-05
    7.6140424322E-02    1.1076085158E+00   -3.6580904694E-05
    7.6275785076E-02    1.1073153168E+00   -3.6682940633E-05
    7.6411145830E-02    1.1070221639E+00   -3.6784585457E-05
    7.6546506585E-02    1.1067290548E+00   -3.6885840900E-05
    7.6681867339E-02    1.1064359870E+00   -3.6986708685E-05
    7.6817228093E-02    1.1061429579E+00   -3.7087190530E-05
    7.6952588848E-02    1.1058499654E+00   -3.7187288140E-05
    7.7087949602E-02    1.1055570068E+00   -3.7287003215E-05
    7.7223310356E-02    1.1052640799E+00   -3.7386337445E-05
    7.7358671111E-02    1.1049711824E+00   -3.7485292513E-05
    7.7494031865E-02    1.1046783118E+00   -3.7583870091E-05
    7.7629392619E-02    1.1043854658E+00   -3.7682071846E-05
    7.7764753374E-02    1.1040926422E+00   -3.7779899435E-05
    7.7900114128E-02    1.1037998387E+00   -3.7877354505E-05
    7.8035474882E-02    1.1035070531E+00   -3.7974438698E-05
    7.8170835637E-02    1.1032142830E+00   -3.8071153645E-05
    7.8306196391E-02    1.1029215262E+00   -3.8167500971E-05
    7.8441557146E-02    1.1026287807E+00   -3.8263482292E-05
    7.8576917900E-02    1.1023360442E+00   -3.8359099215E-05
    7.8712278654E-02    1.1020433145E+00   -3.8454353341E-05
    7.8847639409E-02    1.1017505895E+00   -3.8549246261E-05
    7.8983000163E-02    1.1014578672E+00   -3.8643779558E-05
    7.9118360917E-02    1.1011651454E+00   -3.8737954809E-05
    7.9253721672E-02    1.1008724222E+00   -3.8831773581E-05
    7.9389082426E-02    1.1005796954E+00   -3.8925237433E-05
    7.9524443180E-02    1.1002869630E+00   -3.9018347919E-05
    7.9659803935E-02    1.0999942232E+00   -3.9111106582E-05
    7.9795164689E-02    1.0997014739E+00   -3.9203514958E-05
    7.9930525443E-02    1.0994087132E+00   -3.9295574576E-05
    8.0065886198E-02    1.0991159392E+00   -3.9387286957E-05
    8.0201246952E-02    1.0988231501E+00   -3.9478653613E-05
    8.0336607706E-02    1.0985303440E+00   -3.9569676051E-05
    8.0471968461E-02    1.0982375191E+00   -3.9660355768E-05
    8.0607329215E-02    1.0979446736E+00   -3.9750694253E-05
    8.0742689969E-02    1.0976518058E+00   -3.9840692990E-05
    8.0878050724E-02    1.0973589139E+00   -3.9930353454E-05
    8.1013411478E-02    1.0970659963E+00   -4.0019677111E-05
    8.1148772232E-02    1.0967730513E+00   -4.0108665423E-05
    8.1284132987E-02    1.0964800773E+00   -4.0197319841E-05
    8.1419493741E-02    1.0961870727E+00   -4.0285641810E-05
    8.1554854496E-02    1.0958940359E+00   -4.0373632769E-05
    8.1690215250E-02    1.0956009654E+00   -4.0461294147E-05
    8.1825576004E-02    1.0953078597E+00   -4.0548627367E-05
    8.1960936759E-02    1.0950147174E+00   -4.0635633846E-05
    8.2096297513E-02    1.0947215370E+00   -4.0722314991E-05
    8.2231658267E-02    1.0944283173E+00   -4.0808672204E-05
    8.2367019022E-02    1.0941350567E+00   -4.0894706879E-05
    8.2502379776E-02    1.0938417541E+00   -4.0980420402E-05
    8.2637740530E-02    1.0935484082E+00   -4.1065814153E-05
    8.2773101285E-02    1.0932550177E+00   -4.1150889505E-05
    8.2908462039E-02    1.0929615815E+00   -4.1235647824E-05
    8.3043822793E-02    1.0926680984E+00   -4.1320090467E-05
    8.3179183548E-02    1.0923745673E+00   -4.1404218786E-05
    8.3314544302E-02    1.0920809872E+00   -4.1488034125E-05
    8.3449905056E-02    1.0917873570E+00   -4.1571537823E-05
    8.3585265811E-02    1.0914936758E+00   -4.1654731209E-05
    8.3720626565E-02    1.0911999427E+00   -4.1737615607E-05
    8.3855987319E-02    1.0909061567E+00   -4.1820192333E-05
    8.3991348074E-02    1.0906123171E+00   -4.1902462699E-05
    8.4126708828E-02    1.0903184230E+00   -4.1984428007E-05
    8.4262069583E-02    1.0900244738E+00   -4.2066089552E-05
    8.4397430337E-02    1.0897304687E+00   -4.2147448626E-05
    8.4532791091E-02    1.0894364071E+00   -4.2228506511E-05
    8.4668151846E-02    1.0891422884E+00   -4.2309264482E-05
    8.4803512600E-02    1.0888481120E+00   -4.2389723810E-05
    8.4938873354E-02    1.0885538776E+00   -4.2469885758E-05
    8.5074234109E-02    1.0882595846E+00   -4.2549751582E-05
    8.5209594863E-02    1.0879652327E+00   -4.2629322532E-05
    8.5344955617E-02    1.0876708216E+00   -4.2708599850E-05
    8.5480316372E-02    1.0873763509E+00   -4.2787584775E-05
    8.5615677126E-02    1.0870818206E+00   -4.2866278536E-05
    8.5751037880E-02    1.0867872303E+00   -4.2944682356E-05
    8.5886398635E-02    1.0864925802E+00   -4.3022797455E-05
    8.6021759389E-02    1.0861978700E+00   -4.3100625041E-05
    8.6157120143E-02    1.0859030999E+00   -4.3178166322E-05
    8.6292480898E-02    1.0856082700E+00   -4.3255422494E-05
    8.6427841652E-02    1.0853133803E+00   -4.3332394750E-05
    8.6563202406E-02    1.0850184311E+00   -4.3409084275E-05
    8.6698563161E-02    1.0847234228E+00   -4.3485492251E-05
    8.6833923915E-02    1.0844283556E+00   -4.3561619849E-05
    8.6969284670E-02    1.0841332299E+00   -4.3637468237E-05
    8.7104645424E-02    1.0838380463E+00   -4.3713038577E-05
    8.7240006178E-02    1.0835428053E+00   -4.3788332023E-05
    8.7375366933E-02    1.0832475076E+00   -4.3863349725E-05
    8.7510727687E-02    1.0829521537E+00   -4.3938092825E-05
    8.7646088441E-02    1.0826567446E+00   -4.4012562460E-05
    8.7781449196E-02    1.0823612810E+00   -4.4086759762E-05
    8.7916809950E-02    1.0820657639E+00   -4.4160685854E-05
    8.8052170704E-02    1.0817701942E+00   -4.4234341857E-05
    8.8187531459E-02    1.0814745731E+00   -4.4307728882E-05
    8.8322892213E-02    1.0811789016E+00   -4.4380848039E-05
    8.8458252967E-02    1.0808831811E+00   -4.4453700427E-05
    8.8593613722E-02    1.0805874128E+00   -4.4526287143E-05
    8.8728974476E-02    1.0802915981E+00   -4.4598609277E-05
    8.8864335230E-02    1.0799957385E+00   -4.4670667912E-05
    8.8999695985E-02    1.0796998357E+00   -4.4742464127E-05
    8.9135056739E-02    1.0794038911E+00   -4.4813998995E-05
    8.9270417493E-02    1.0791079067E+00   -4.4885273583E-05
    8.9405778248E-02    1.0788118842E+00   -4.4956288952E-05
    8.9541139002E-02    1.0785158255E+00   -4.5027046158E-05
    8.9676499757E-02    1.0782197327E+00   -4.5097546251E-05
    8.9811860511E-02    1.0779236079E+00   -4.5167790277E-05
    8.9947221265E-02    1.0776274533E+00   -4.5237779274E-05
    9.0082582020E-02    1.0773312712E+00   -4.5307514275E-05
    9.0217942774E-02    1.0770350640E+00   -4.5376996311E-05
    9.0353303528E-02    1.0767388343E+00   -4.5446226402E-05
    9.0488664283E-02    1.0764425847E+00   -4.5515205568E-05
    9.0624025037E-02    1.0761463178E+00   -4.5583934820E-05
    9.0759385791E-02    1.0758500365E+00   -4.5652415165E-05
    9.0894746546E-02    1.0755537438E+00   -4.5720647604E-05
    9.1030107300E-02    1.0752574428E+00   -4.5788633135E-05
    9.1165468054E-02    1.0749611365E+00   -4.5856372747E-05
    9.1300828809E-02    1.0746648283E+00   -4.5923867428E-05
    9.1436189563E-02    1.0743685216E+00   -4.5991118157E-05
    9.1571550317E-02    1.0740722199E+00   -4.6058125911E-05
    9.1706911072E-02    1.0737759269E+00   -4.6124891660E-05
    9.1842271826E-02    1.0734796463E+00   -4.6191416370E-05
    9.1977632580E-02    1.0731833821E+00   -4.6257701001E-05
    9.2112993335E-02    1.0728871382E+00   -4.6323746508E-05
    9.2248354089E-02    1.0725909190E+00   -4.6389553842E-05
    9.2383714844E-02    1.0722947287E+00   -4.6455123949E-05
    9.2519075598E-02    1.0719985717E+00   -4.6520457769E-05
    9.2654436352E-02    1.0717024527E+00   -4.6585556238E-05
    9.2789797107E-02    1.0714063764E+00   -4.6650420287E-05
    9.2925157861E-02    1.0711103477E+00   -4.6715050843E-05
    9.3060518615E-02    1.0708143717E+00   -4.6779448826E-05
    9.3195879370E-02    1.0705184536E+00   -4.6843615153E-05
    9.3331240124E-02    1.0702225989E+00   -4.6907550736E-05
    9.3466600878E-02    1.0699268130E+00   -4.6971256484E-05
    9.3601961633E-02    1.0696311017E+00   -4.7034733297E-05
    9.3737322387E-02    1.0693354710E+00   -4.7097982075E-05
    9.3872683141E-02    1.0690399269E+00   -4.7161003710E-05
    9.4008043896E-02    1.0687444757E+00   -4.7223799092E-05
    9.4143404650E-02    1.0684491239E+00   -4.7286369106E-05
    9.4278765404E-02    1.0681538782E+00   -4.7348714631E-05
    9.4414126159E-02    1.0678587455E+00   -4.7410836543E-05
    9.4549486913E-02    1.0675637329E+00   -4.7472735713E-05
    9.4684847667E-02    1.0672688478E+00   -4.7534413008E-05
    9.4820208422E-02    1.0669740977E+00   -4.7595869290E-05
    9.4955569176E-02    1.0666794904E+00   -4.7657105419E-05
    9.5090929930E-02    1.0663850340E+00   -4.7718122248E-05
    9.5226290685E-02    1.0660907367E+00   -4.7778920626E-05
    9.5361651439E-02    1.0657966072E+00   -4.7839501401E-05
    9.5497012194E-02    1.0655026542E+00   -4.7899865412E-05
    9.5632372948E-02    1.0652088868E+00   -4.7960013498E-05
    9.5767733702E-02    1.0649153145E+00   -4.8019946493E-05
    9.5903094457E-02    1.0646219469E+00   -4.8079665225E-05
    9.6038455211E-02    1.0643287940E+00   -4.8139170521E-05
    9.6173815965E-02    1.0640358660E+00   -4.8198463202E-05
    9.6309176720E-02    1.0637431737E+00   -4.8257544086E-05
    9.6444537474E-02    1.0634507279E+00   -4.8316413987E-05
    9.6579898228E-02    1.0631585399E+00   -4.8375073715E-05
    9.6715258983E-02    1.0628666213E+00   -4.8433524077E-05
    9.6850619737E-02    1.0625749841E+00   -4.8491765875E-05
    9.6985980491E-02    1.0622836406E+00   -4.8549799909E-05
    9.7121341246E-02    1.0619926035E+00   -4.8607626975E-05
    9.7256702000E-02    1.0617018859E+00   -4.8665247864E-05
    9.7392062754E-02    1.0614115011E+00   -4.8722663366E-05
    9.7527423509E-02    1.0611214629E+00   -4.8779874265E-05
    9.7662784263E-02    1.0608317855E+00   -4.8836881345E-05
    9.7798145017E-02    1.0605424835E+00   -4.8893685383E-05
    9.7933505772E-02    1.0602535716E+00   -4.8950287154E-05
    9.8068866526E-02    1.0599650652E+00   -4.9006687432E-05
    9.8204227281E-02    1.0596769797E+00   -4.9062886986E-05
    9.8339588035E-02    1.0593893313E+00   -4.9118886581E-05
    9.8474948789E-02    1.0591021360E+00   -4.9174686981E-05
    9.8610309544E-02    1.0588154105E+00   -4.9230288946E-05
    9.8745670298E-02    1.0585291715E+00   -4.9285693233E-05
    9.8881031052E-02    1.0582434363E+00   -4.9340900597E-05
    9.9016391807E-02    1.0579582221E+00   -4.9395911790E-05
    9.9151752561E-02    1.0576735465E+00   -4.9450727561E-05
    9.9287113315E-02    1.0573894273E+00   -4.9505348656E-05
    9.9422474070E-02    1.0571058824E+00   -4.9559775820E-05
    9.9557834824E-02    1.0568229297E+00   -4.9614009794E-05
    9.9693195578E-02    1.0565405874E+00   -4.9668051316E-05
    9.9828556333E-02    1.0562588736E+00   -4.9721901124E-05
    9.9963917087E-02    1.0559778064E+00   -4.9775559952E-05
