&CONTROL
  calculation = 'bands'
  verbosity = 'high'
  prefix = 'si'
  outdir = './tmp'
  pseudo_dir = '../pseudo'
  tprnfor = .true.
  tstress = .true.
/
&SYSTEM
  ibrav = 2
  A = 5.397607551
  nbnd = 8
  nat = 2
  ntyp = 1
  ecutwfc = 60
  ecutrho = 640
  occupations = 'fixed'
/
&ELECTRONS
  conv_thr = 1.0d-12
/
ATOMIC_SPECIES
Si 28.085 Si.pbe-n-rrkjus_psl.1.0.0.UPF
ATOMIC_POSITIONS alat
Si 0.00 0.00 0.00
Si 0.25 0.25 0.25
K_POINTS tpiba
66
0.8443008814 -0.0400000000 0.0000000000 1.0
0.8443008814 -0.0375000000 0.0000000000 1.0
0.8443008814 -0.0350000000 0.0000000000 1.0
0.8443008814 -0.0325000000 0.0000000000 1.0
0.8443008814 -0.0300000000 0.0000000000 1.0
0.8443008814 -0.0275000000 0.0000000000 1.0
0.8443008814 -0.0250000000 0.0000000000 1.0
0.8443008814 -0.0225000000 0.0000000000 1.0
0.8443008814 -0.0200000000 0.0000000000 1.0
0.8443008814 -0.0175000000 0.0000000000 1.0
0.8443008814 -0.0150000000 0.0000000000 1.0
0.8443008814 -0.0125000000 0.0000000000 1.0
0.8443008814 -0.0100000000 0.0000000000 1.0
0.8443008814 -0.0075000000 0.0000000000 1.0
0.8443008814 -0.0050000000 0.0000000000 1.0
0.8443008814 -0.0025000000 0.0000000000 1.0
0.8443008814 0.0000000000 0.0000000000 1.0
0.8443008814 0.0025000000 0.0000000000 1.0
0.8443008814 0.0050000000 0.0000000000 1.0
0.8443008814 0.0075000000 0.0000000000 1.0
0.8443008814 0.0100000000 0.0000000000 1.0
0.8443008814 0.0125000000 0.0000000000 1.0
0.8443008814 0.0150000000 0.0000000000 1.0
0.8443008814 0.0175000000 0.0000000000 1.0
0.8443008814 0.0200000000 0.0000000000 1.0
0.8443008814 0.0225000000 0.0000000000 1.0
0.8443008814 0.0250000000 0.0000000000 1.0
0.8443008814 0.0275000000 0.0000000000 1.0
0.8443008814 0.0300000000 0.0000000000 1.0
0.8443008814 0.0325000000 0.0000000000 1.0
0.8443008814 0.0350000000 0.0000000000 1.0
0.8443008814 0.0375000000 0.0000000000 1.0
0.8443008814 0.0400000000 0.0000000000 1.0
0.8443008814 0.0000000000 -0.0400000000 1.0
0.8443008814 0.0000000000 -0.0375000000 1.0
0.8443008814 0.0000000000 -0.0350000000 1.0
0.8443008814 0.0000000000 -0.0325000000 1.0
0.8443008814 0.0000000000 -0.0300000000 1.0
0.8443008814 0.0000000000 -0.0275000000 1.0
0.8443008814 0.0000000000 -0.0250000000 1.0
0.8443008814 0.0000000000 -0.0225000000 1.0
0.8443008814 0.0000000000 -0.0200000000 1.0
0.8443008814 0.0000000000 -0.0175000000 1.0
0.8443008814 0.0000000000 -0.0150000000 1.0
0.8443008814 0.0000000000 -0.0125000000 1.0
0.8443008814 0.0000000000 -0.0100000000 1.0
0.8443008814 0.0000000000 -0.0075000000 1.0
0.8443008814 0.0000000000 -0.0050000000 1.0
0.8443008814 0.0000000000 -0.0025000000 1.0
0.8443008814 0.0000000000 0.0000000000 1.0
0.8443008814 0.0000000000 0.0025000000 1.0
0.8443008814 0.0000000000 0.0050000000 1.0
0.8443008814 0.0000000000 0.0075000000 1.0
0.8443008814 0.0000000000 0.0100000000 1.0
0.8443008814 0.0000000000 0.0125000000 1.0
0.8443008814 0.0000000000 0.0150000000 1.0
0.8443008814 0.0000000000 0.0175000000 1.0
0.8443008814 0.0000000000 0.0200000000 1.0
0.8443008814 0.0000000000 0.0225000000 1.0
0.8443008814 0.0000000000 0.0250000000 1.0
0.8443008814 0.0000000000 0.0275000000 1.0
0.8443008814 0.0000000000 0.0300000000 1.0
0.8443008814 0.0000000000 0.0325000000 1.0
0.8443008814 0.0000000000 0.0350000000 1.0
0.8443008814 0.0000000000 0.0375000000 1.0
0.8443008814 0.0000000000 0.0400000000 1.0
