              w [eV]            znorm(w)       delta(w) [eV]
    2.0304113152E-04    1.3414099604E+00    2.1132811267E-04
    6.0912339457E-04    1.3413544722E+00    2.1123285930E-04
    1.0152056576E-03    1.3412436200E+00    2.1104262397E-04
    1.4212879207E-03    1.3410776508E+00    2.1075794646E-04
    1.8273701837E-03    1.3408569324E+00    2.1037962892E-04
    2.2334524468E-03    1.3405819497E+00    2.0990872716E-04
    2.6395347098E-03    1.3402533003E+00    2.0934653924E-04
    3.0456169729E-03    1.3398716888E+00    2.0869459198E-04
    3.4516992359E-03    1.3394379214E+00    2.0795462542E-04
    3.8577814990E-03    1.3389528979E+00    2.0712857580E-04
    4.2638637620E-03    1.3384176055E+00    2.0621855737E-04
    4.6699460251E-03    1.3378331100E+00    2.0522684341E-04
    5.0760282881E-03    1.3372005485E+00    2.0415584685E-04
    5.4821105512E-03    1.3365211206E+00    2.0300810087E-04
    5.8881928142E-03    1.3357960811E+00    2.0178623971E-04
    6.2942750772E-03    1.3350267312E+00    2.0049298002E-04
    6.7003573403E-03    1.3342144110E+00    1.9913110297E-04
    7.1064396033E-03    1.3333604919E+00    1.9770343729E-04
    7.5125218664E-03    1.3324663698E+00    1.9621284340E-04
    7.9186041294E-03    1.3315334578E+00    1.9466219866E-04
    8.3246863925E-03    1.3305631801E+00    1.9305438393E-04
    8.7307686555E-03    1.3295569661E+00    1.9139227128E-04
    9.1368509186E-03    1.3285162454E+00    1.8967871307E-04
    9.5429331816E-03    1.3274424421E+00    1.8791653213E-04
    9.9490154447E-03    1.3263369714E+00    1.8610851326E-04
    1.0355097708E-02    1.3252012346E+00    1.8425739567E-04
    1.0761179971E-02    1.3240366163E+00    1.8236586666E-04
    1.1167262234E-02    1.3228444812E+00    1.8043655616E-04
    1.1573344497E-02    1.3216261710E+00    1.7847203219E-04
    1.1979426760E-02    1.3203830027E+00    1.7647479720E-04
    1.2385509023E-02    1.3191162660E+00    1.7444728502E-04
    1.2791591286E-02    1.3178272222E+00    1.7239185868E-04
    1.3197673549E-02    1.3165171023E+00    1.7031080860E-04
    1.3603755812E-02    1.3151871063E+00    1.6820635148E-04
    1.4009838075E-02    1.3138384023E+00    1.6608062960E-04
    1.4415920338E-02    1.3124721256E+00    1.6393571050E-04
    1.4822002601E-02    1.3110893786E+00    1.6177358703E-04
    1.5228084864E-02    1.3096912301E+00    1.5959617775E-04
    1.5634167127E-02    1.3082787156E+00    1.5740532754E-04
    1.6040249390E-02    1.3068528370E+00    1.5520280848E-04
    1.6446331653E-02    1.3054145631E+00    1.5299032087E-04
    1.6852413917E-02    1.3039648292E+00    1.5076949446E-04
    1.7258496180E-02    1.3025045381E+00    1.4854188980E-04
    1.7664578443E-02    1.3010345601E+00    1.4630899968E-04
    1.8070660706E-02    1.2995557336E+00    1.4407225069E-04
    1.8476742969E-02    1.2980688657E+00    1.4183300481E-04
    1.8882825232E-02    1.2965747325E+00    1.3959256113E-04
    1.9288907495E-02    1.2950740799E+00    1.3735215751E-04
    1.9694989758E-02    1.2935676244E+00    1.3511297232E-04
    2.0101072021E-02    1.2920560534E+00    1.3287612624E-04
    2.0507154284E-02    1.2905400263E+00    1.3064268398E-04
    2.0913236547E-02    1.2890201748E+00    1.2841365607E-04
    2.1319318810E-02    1.2874971040E+00    1.2619000061E-04
    2.1725401073E-02    1.2859713928E+00    1.2397262500E-04
    2.2131483336E-02    1.2844435948E+00    1.2176238772E-04
    2.2537565599E-02    1.2829142390E+00    1.1956009997E-04
    2.2943647862E-02    1.2813838307E+00    1.1736652740E-04
    2.3349730125E-02    1.2798528516E+00    1.1518239175E-04
    2.3755812388E-02    1.2783217616E+00    1.1300837247E-04
    2.4161894651E-02    1.2767909983E+00    1.1084510832E-04
    2.4567976914E-02    1.2752609785E+00    1.0869319893E-04
    2.4974059177E-02    1.2737320989E+00    1.0655320631E-04
    2.5380141441E-02    1.2722047361E+00    1.0442565632E-04
    2.5786223704E-02    1.2706792480E+00    1.0231104017E-04
    2.6192305967E-02    1.2691559741E+00    1.0020981576E-04
    2.6598388230E-02    1.2676352362E+00    9.8122409101E-05
    2.7004470493E-02    1.2661173390E+00    9.6049215631E-05
    2.7410552756E-02    1.2646025707E+00    9.3990601497E-05
    2.7816635019E-02    1.2630912037E+00    9.1946904822E-05
    2.8222717282E-02    1.2615834950E+00    8.9918436910E-05
    2.8628799545E-02    1.2600796871E+00    8.7905483433E-05
    2.9034881808E-02    1.2585800079E+00    8.5908305559E-05
    2.9440964071E-02    1.2570846722E+00    8.3927141064E-05
    2.9847046334E-02    1.2555938811E+00    8.1962205387E-05
    3.0253128597E-02    1.2541078234E+00    8.0013692666E-05
    3.0659210860E-02    1.2526266757E+00    7.8081776727E-05
    3.1065293123E-02    1.2511506029E+00    7.6166612041E-05
    3.1471375386E-02    1.2496797587E+00    7.4268334650E-05
    3.1877457649E-02    1.2482142860E+00    7.2387063056E-05
    3.2283539912E-02    1.2467543173E+00    7.0522899079E-05
    3.2689622175E-02    1.2452999753E+00    6.8675928679E-05
    3.3095704438E-02    1.2438513731E+00    6.6846222755E-05
    3.3501786701E-02    1.2424086146E+00    6.5033837907E-05
    3.3907868965E-02    1.2409717950E+00    6.3238817168E-05
    3.4313951228E-02    1.2395410010E+00    6.1461190712E-05
    3.4720033491E-02    1.2381163114E+00    5.9700976532E-05
    3.5126115754E-02    1.2366977970E+00    5.7958181090E-05
    3.5532198017E-02    1.2352855216E+00    5.6232799938E-05
    3.5938280280E-02    1.2338795414E+00    5.4524818324E-05
    3.6344362543E-02    1.2324799062E+00    5.2834211759E-05
    3.6750444806E-02    1.2310866591E+00    5.1160946571E-05
    3.7156527069E-02    1.2296998371E+00    4.9504980433E-05
    3.7562609332E-02    1.2283194711E+00    4.7866262863E-05
    3.7968691595E-02    1.2269455863E+00    4.6244735714E-05
    3.8374773858E-02    1.2255782026E+00    4.4640333630E-05
    3.8780856121E-02    1.2242173346E+00    4.3052984494E-05
    3.9186938384E-02    1.2228629919E+00    4.1482609845E-05
    3.9593020647E-02    1.2215151792E+00    3.9929125286E-05
    3.9999102910E-02    1.2201738969E+00    3.8392440872E-05
    4.0405185173E-02    1.2188391409E+00    3.6872461472E-05
    4.0811267436E-02    1.2175109029E+00    3.5369087126E-05
    4.1217349699E-02    1.2161891708E+00    3.3882213382E-05
    4.1623431962E-02    1.2148739285E+00    3.2411731610E-05
    4.2029514226E-02    1.2135651564E+00    3.0957529316E-05
    4.2435596489E-02    1.2122628315E+00    2.9519490426E-05
    4.2841678752E-02    1.2109669273E+00    2.8097495566E-05
    4.3247761015E-02    1.2096774143E+00    2.6691422326E-05
    4.3653843278E-02    1.2083942601E+00    2.5301145514E-05
    4.4059925541E-02    1.2071174292E+00    2.3926537390E-05
    4.4466007804E-02    1.2058468836E+00    2.2567467898E-05
    4.4872090067E-02    1.2045825825E+00    2.1223804879E-05
    4.5278172330E-02    1.2033244828E+00    1.9895414282E-05
    4.5684254593E-02    1.2020725390E+00    1.8582160351E-05
    4.6090336856E-02    1.2008267032E+00    1.7283905818E-05
    4.6496419119E-02    1.1995869255E+00    1.6000512075E-05
    4.6902501382E-02    1.1983531541E+00    1.4731839341E-05
    4.7308583645E-02    1.1971253350E+00    1.3477746823E-05
    4.7714665908E-02    1.1959034125E+00    1.2238092860E-05
    4.8120748171E-02    1.1946873291E+00    1.1012735073E-05
    4.8526830434E-02    1.1934770257E+00    9.8015304918E-06
    4.8932912697E-02    1.1922724415E+00    8.6043356870E-06
    4.9338994960E-02    1.1910735143E+00    7.4210068875E-06
    4.9745077223E-02    1.1898801805E+00    6.2514000951E-06
    5.0151159486E-02    1.1886923750E+00    5.0953711912E-06
    5.0557241750E-02    1.1875100315E+00    3.9527760380E-06
    5.0963324013E-02    1.1863330826E+00    2.8234705737E-06
    5.1369406276E-02    1.1851614595E+00    1.7073109023E-06
    5.1775488539E-02    1.1839950924E+00    6.0415337793E-07
    5.2181570802E-02    1.1828339105E+00   -4.8614531553E-07
    5.2587653065E-02    1.1816778421E+00   -1.5637280900E-06
    5.2993735328E-02    1.1805268143E+00   -2.6287373829E-06
    5.3399817591E-02    1.1793807536E+00   -3.6813150919E-06
    5.3805899854E-02    1.1782395855E+00   -4.7216025128E-06
    5.4211982117E-02    1.1771032348E+00   -5.7497402823E-06
    5.4618064380E-02    1.1759716255E+00   -6.7658683243E-06
    5.5024146643E-02    1.1748446809E+00   -7.7701257993E-06
    5.5430228906E-02    1.1737223238E+00   -8.7626510579E-06
    5.5836311169E-02    1.1726044761E+00   -9.7435815973E-06
    5.6242393432E-02    1.1714910595E+00   -1.0713054021E-05
    5.6648475695E-02    1.1703819947E+00   -1.1671203999E-05
    5.7054557958E-02    1.1692772024E+00   -1.2618166239E-05
    5.7460640221E-02    1.1681766024E+00   -1.3554074448E-05
    5.7866722484E-02    1.1670801143E+00   -1.4479061304E-05
    5.8272804747E-02    1.1659876573E+00   -1.5393258433E-05
    5.8678887010E-02    1.1648991502E+00   -1.6296796380E-05
    5.9084969274E-02    1.1638145114E+00   -1.7189804587E-05
    5.9491051537E-02    1.1627336591E+00   -1.8072411374E-05
    5.9897133800E-02    1.1616565111E+00   -1.8944743919E-05
    6.0303216063E-02    1.1605829851E+00   -1.9806928242E-05
    6.0709298326E-02    1.1595129986E+00   -2.0659089188E-05
    6.1115380589E-02    1.1584464688E+00   -2.1501350417E-05
    6.1521462852E-02    1.1573833128E+00   -2.2333834387E-05
    6.1927545115E-02    1.1563234475E+00   -2.3156662350E-05
    6.2333627378E-02    1.1552667899E+00   -2.3969954338E-05
    6.2739709641E-02    1.1542132568E+00   -2.4773829157E-05
    6.3145791904E-02    1.1531627650E+00   -2.5568404380E-05
    6.3551874167E-02    1.1521152313E+00   -2.6353796345E-05
    6.3957956430E-02    1.1510705725E+00   -2.7130120145E-05
    6.4364038693E-02    1.1500287056E+00   -2.7897489629E-05
    6.4770120956E-02    1.1489895476E+00   -2.8656017400E-05
    6.5176203219E-02    1.1479530155E+00   -2.9405814813E-05
    6.5582285482E-02    1.1469190268E+00   -3.0146991972E-05
    6.5988367745E-02    1.1458874989E+00   -3.0879657737E-05
    6.6394450008E-02    1.1448583495E+00   -3.1603919717E-05
    6.6800532271E-02    1.1438314968E+00   -3.2319884280E-05
    6.7206614535E-02    1.1428068590E+00   -3.3027656551E-05
    6.7612696798E-02    1.1417843549E+00   -3.3727340414E-05
    6.8018779061E-02    1.1407639036E+00   -3.4419038523E-05
    6.8424861324E-02    1.1397454248E+00   -3.5102852298E-05
    6.8830943587E-02    1.1387288384E+00   -3.5778881934E-05
    6.9237025850E-02    1.1377140651E+00   -3.6447226409E-05
    6.9643108113E-02    1.1367010261E+00   -3.7107983485E-05
    7.0049190376E-02    1.1356896433E+00   -3.7761249717E-05
    7.0455272639E-02    1.1346798394E+00   -3.8407120460E-05
    7.0861354902E-02    1.1336715376E+00   -3.9045689873E-05
    7.1267437165E-02    1.1326646621E+00   -3.9677050932E-05
    7.1673519428E-02    1.1316591381E+00   -4.0301295433E-05
    7.2079601691E-02    1.1306548916E+00   -4.0918514000E-05
    7.2485683954E-02    1.1296518497E+00   -4.1528796098E-05
    7.2891766217E-02    1.1286499407E+00   -4.2132230034E-05
    7.3297848480E-02    1.1276490938E+00   -4.2728902974E-05
    7.3703930743E-02    1.1266492399E+00   -4.3318900944E-05
    7.4110013006E-02    1.1256503109E+00   -4.3902308845E-05
    7.4516095269E-02    1.1246522403E+00   -4.4479210461E-05
    7.4922177532E-02    1.1236549632E+00   -4.5049688463E-05
    7.5328259795E-02    1.1226584162E+00   -4.5613824427E-05
    7.5734342059E-02    1.1216625379E+00   -4.6171698837E-05
    7.6140424322E-02    1.1206672684E+00   -4.6723391099E-05
    7.6546506585E-02    1.1196725500E+00   -4.7268979545E-05
    7.6952588848E-02    1.1186783272E+00   -4.7808541450E-05
    7.7358671111E-02    1.1176845465E+00   -4.8342153038E-05
    7.7764753374E-02    1.1166911568E+00   -4.8869889490E-05
    7.8170835637E-02    1.1156981096E+00   -4.9391824958E-05
    7.8576917900E-02    1.1147053589E+00   -4.9908032574E-05
    7.8983000163E-02    1.1137128616E+00   -5.0418584457E-05
    7.9389082426E-02    1.1127205774E+00   -5.0923551726E-05
    7.9795164689E-02    1.1117284691E+00   -5.1423004512E-05
    8.0201246952E-02    1.1107365029E+00   -5.1917011961E-05
    8.0607329215E-02    1.1097446484E+00   -5.2405642252E-05
    8.1013411478E-02    1.1087528786E+00   -5.2888962601E-05
    8.1419493741E-02    1.1077611706E+00   -5.3367039275E-05
    8.1825576004E-02    1.1067695054E+00   -5.3839937600E-05
    8.2231658267E-02    1.1057778681E+00   -5.4307721972E-05
    8.2637740530E-02    1.1047862482E+00   -5.4770455865E-05
    8.3043822793E-02    1.1037946401E+00   -5.5228201845E-05
    8.3449905056E-02    1.1028030426E+00   -5.5681021577E-05
    8.3855987319E-02    1.1018114601E+00   -5.6128975832E-05
    8.4262069583E-02    1.1008199019E+00   -5.6572124506E-05
    8.4668151846E-02    1.0998283829E+00   -5.7010526620E-05
    8.5074234109E-02    1.0988369240E+00   -5.7444240336E-05
    8.5480316372E-02    1.0978455520E+00   -5.7873322966E-05
    8.5886398635E-02    1.0968543001E+00   -5.8297830981E-05
    8.6292480898E-02    1.0958632079E+00   -5.8717820020E-05
    8.6698563161E-02    1.0948723220E+00   -5.9133344903E-05
    8.7104645424E-02    1.0938816960E+00   -5.9544459637E-05
    8.7510727687E-02    1.0928913908E+00   -5.9951217432E-05
    8.7916809950E-02    1.0919014751E+00   -6.0353670703E-05
    8.8322892213E-02    1.0909120253E+00   -6.0751871088E-05
    8.8728974476E-02    1.0899231260E+00   -6.1145869453E-05
    8.9135056739E-02    1.0889348703E+00   -6.1535715905E-05
    8.9541139002E-02    1.0879473595E+00   -6.1921459800E-05
    8.9947221265E-02    1.0869607043E+00   -6.2303149756E-05
    9.0353303528E-02    1.0859750240E+00   -6.2680833663E-05
    9.0759385791E-02    1.0849904474E+00   -6.3054558690E-05
    9.1165468054E-02    1.0840071123E+00   -6.3424371303E-05
    9.1571550317E-02    1.0830251665E+00   -6.3790317270E-05
    9.1977632580E-02    1.0820447670E+00   -6.4152441672E-05
    9.2383714844E-02    1.0810660807E+00   -6.4510788919E-05
    9.2789797107E-02    1.0800892839E+00   -6.4865402759E-05
    9.3195879370E-02    1.0791145627E+00   -6.5216326286E-05
    9.3601961633E-02    1.0781421125E+00   -6.5563601960E-05
    9.4008043896E-02    1.0771721382E+00   -6.5907271610E-05
    9.4414126159E-02    1.0762048537E+00   -6.6247376454E-05
    9.4820208422E-02    1.0752404815E+00   -6.6583957108E-05
    9.5226290685E-02    1.0742792526E+00   -6.6917053598E-05
    9.5632372948E-02    1.0733214057E+00   -6.7246705375E-05
    9.6038455211E-02    1.0723671869E+00   -6.7572951326E-05
    9.6444537474E-02    1.0714168487E+00   -6.7895829793E-05
    9.6850619737E-02    1.0704706498E+00   -6.8215378578E-05
    9.7256702000E-02    1.0695288534E+00   -6.8531634963E-05
    9.7662784263E-02    1.0685917273E+00   -6.8844635724E-05
    9.8068866526E-02    1.0676595419E+00   -6.9154417141E-05
    9.8474948789E-02    1.0667325699E+00   -6.9461015016E-05
    9.8881031052E-02    1.0658110849E+00   -6.9764464684E-05
    9.9287113315E-02    1.0648953602E+00   -7.0064801029E-05
    9.9693195578E-02    1.0639856674E+00   -7.0362058496E-05
