&CONTROL
 calculation = 'bands'
 prefix = 'mos2'
 pseudo_dir = '../pseudo'
 outdir = './tmp'
 verbosity = 'high'
 tstress = .true.
 tprnfor = .true.
 nstep = 40
 etot_conv_thr = 1.0d-8
 forc_conv_thr = 1.0d-5
/
&SYSTEM
 ibrav = 0
 nat = 3
 ntyp = 2
 ecutwfc = 60
 ecutrho = 480
 nbnd = 16
 occupations = 'fixed'
 nosym = .true.
 noinv = .true.
/
&ELECTRONS
 conv_thr = 1.0d-12
 mixing_beta = 0.3
 diagonalization = 'cg'
 diago_thr_init = 1.0d-10
 diago_full_acc = .true.
 diago_cg_maxiter = 200
/
ATOMIC_SPECIES
Mo 95.95 Mo.pbe-spn-rrkjus_psl.1.0.0.UPF
S 32.06 S.pbe-n-rrkjus_psl.1.0.0.UPF
CELL_PARAMETERS angstrom
3.15090067113353 0.00000000000000 0.00000000000000
-1.57545033556677 2.75632325858916 0.00000000000000
0.00000000000000 0.00000000000000 23.19000000000000
ATOMIC_POSITIONS crystal
Mo -0.00037322873319 -0.00074645746637 0.50000000000000
S 0.66685328103359 0.33370656206619 0.56771157715415
S 0.66685328103359 0.33370656206619 0.43228842284585
K_POINTS crystal
97
0.31828889082326 0.32769508044746 0.00000000000000 1.0
0.31828889082326 0.33208190516110 0.00000000000000 1.0
0.31828889082326 0.33646872987473 0.00000000000000 1.0
0.31828889082326 0.34085555458837 0.00000000000000 1.0
0.31828889082326 0.34524237930201 0.00000000000000 1.0
0.31828889082326 0.34962920401564 0.00000000000000 1.0
0.31828889082326 0.35401602872928 0.00000000000000 1.0
0.32330370499328 0.32518767336245 0.00000000000000 1.0
0.32330370499328 0.32957449807609 0.00000000000000 1.0
0.32330370499328 0.33396132278972 0.00000000000000 1.0
0.32330370499328 0.33834814750336 0.00000000000000 1.0
0.32330370499328 0.34273497221699 0.00000000000000 1.0
0.32330370499328 0.34712179693063 0.00000000000000 1.0
0.32330370499328 0.35150862164427 0.00000000000000 1.0
0.32831851916331 0.32268026627744 0.00000000000000 1.0
0.32831851916331 0.32706709099107 0.00000000000000 1.0
0.32831851916331 0.33145391570471 0.00000000000000 1.0
0.32831851916331 0.33584074041835 0.00000000000000 1.0
0.32831851916331 0.34022756513198 0.00000000000000 1.0
0.32831851916331 0.34461438984562 0.00000000000000 1.0
0.32831851916331 0.34900121455925 0.00000000000000 1.0
0.33333333333333 0.32017285919242 0.00000000000000 1.0
0.33333333333333 0.32455968390606 0.00000000000000 1.0
0.33333333333333 0.32894650861970 0.00000000000000 1.0
0.33333333333333 0.33333333333333 0.00000000000000 1.0
0.33333333333333 0.33772015804697 0.00000000000000 1.0
0.33333333333333 0.34210698276061 0.00000000000000 1.0
0.33333333333333 0.34649380747424 0.00000000000000 1.0
0.33834814750336 0.31766545210741 0.00000000000000 1.0
0.33834814750336 0.32205227682105 0.00000000000000 1.0
0.33834814750336 0.32643910153468 0.00000000000000 1.0
0.33834814750336 0.33082592624832 0.00000000000000 1.0
0.33834814750336 0.33521275096196 0.00000000000000 1.0
0.33834814750336 0.33959957567559 0.00000000000000 1.0
0.33834814750336 0.34398640038923 0.00000000000000 1.0
0.34336296167338 0.31515804502240 0.00000000000000 1.0
0.34336296167338 0.31954486973604 0.00000000000000 1.0
0.34336296167338 0.32393169444967 0.00000000000000 1.0
0.34336296167338 0.32831851916331 0.00000000000000 1.0
0.34336296167338 0.33270534387694 0.00000000000000 1.0
0.34336296167338 0.33709216859058 0.00000000000000 1.0
0.34336296167338 0.34147899330422 0.00000000000000 1.0
0.34837777584341 0.31265063793739 0.00000000000000 1.0
0.34837777584341 0.31703746265102 0.00000000000000 1.0
0.34837777584341 0.32142428736466 0.00000000000000 1.0
0.34837777584341 0.32581111207830 0.00000000000000 1.0
0.34837777584341 0.33019793679193 0.00000000000000 1.0
0.34837777584341 0.33458476150557 0.00000000000000 1.0
0.34837777584341 0.33897158621920 0.00000000000000 1.0
0.00000000000000 0.00000000000000 0.00000000000000 1.0
0.50000000000000 0.00000000000000 0.00000000000000 1.0
-0.33333333333333 -0.33333333333333 -0.00000000000000 1.0
0.08333333333333 0.08333333333333 0.00000000000000 1.0
0.10000000000000 0.10000000000000 0.00000000000000 1.0
0.11666666666667 0.11666666666667 0.00000000000000 1.0
0.13333333333333 0.13333333333333 0.00000000000000 1.0
0.15000000000000 0.15000000000000 0.00000000000000 1.0
0.16666666666667 0.16666666666667 0.00000000000000 1.0
0.18333333333333 0.18333333333333 0.00000000000000 1.0
0.20000000000000 0.20000000000000 0.00000000000000 1.0
0.21666666666667 0.21666666666667 0.00000000000000 1.0
0.23333333333333 0.23333333333333 0.00000000000000 1.0
0.25000000000000 0.25000000000000 0.00000000000000 1.0
0.26666666666667 0.26666666666667 0.00000000000000 1.0
0.28333333333333 0.28333333333333 0.00000000000000 1.0
0.30000000000000 0.30000000000000 0.00000000000000 1.0
0.31666666666667 0.31666666666667 0.00000000000000 1.0
-0.16666666666667 0.08333333333333 0.00000000000000 1.0
-0.20000000000000 0.10000000000000 0.00000000000000 1.0
-0.23333333333333 0.11666666666667 0.00000000000000 1.0
-0.26666666666667 0.13333333333333 0.00000000000000 1.0
-0.30000000000000 0.15000000000000 0.00000000000000 1.0
-0.33333333333333 0.16666666666667 0.00000000000000 1.0
-0.36666666666667 0.18333333333333 0.00000000000000 1.0
-0.40000000000000 0.20000000000000 0.00000000000000 1.0
-0.43333333333333 0.21666666666667 0.00000000000000 1.0
-0.46666666666667 0.23333333333333 0.00000000000000 1.0
-0.50000000000000 0.25000000000000 0.00000000000000 1.0
-0.53333333333333 0.26666666666667 0.00000000000000 1.0
-0.56666666666667 0.28333333333333 0.00000000000000 1.0
-0.60000000000000 0.30000000000000 0.00000000000000 1.0
-0.63333333333333 0.31666666666667 0.00000000000000 1.0
0.08333333333333 -0.16666666666667 0.00000000000000 1.0
0.10000000000000 -0.20000000000000 0.00000000000000 1.0
0.11666666666667 -0.23333333333333 0.00000000000000 1.0
0.13333333333333 -0.26666666666667 0.00000000000000 1.0
0.15000000000000 -0.30000000000000 0.00000000000000 1.0
0.16666666666667 -0.33333333333333 0.00000000000000 1.0
0.18333333333333 -0.36666666666667 0.00000000000000 1.0
0.20000000000000 -0.40000000000000 0.00000000000000 1.0
0.21666666666667 -0.43333333333333 0.00000000000000 1.0
0.23333333333333 -0.46666666666667 0.00000000000000 1.0
0.25000000000000 -0.50000000000000 0.00000000000000 1.0
0.26666666666667 -0.53333333333333 0.00000000000000 1.0
0.28333333333333 -0.56666666666667 0.00000000000000 1.0
0.30000000000000 -0.60000000000000 0.00000000000000 1.0
0.31666666666667 -0.63333333333333 0.00000000000000 1.0
