#  E (eV)   dos(E)     Int dos(E) EFermi =   -2.125 eV
  -2.625  0.7598E+00  0.7598E-02
  -2.615  0.1004E+01  0.1764E-01
  -2.605  0.1303E+01  0.3067E-01
  -2.595  0.1644E+01  0.4711E-01
  -2.585  0.1997E+01  0.6708E-01
  -2.575  0.2320E+01  0.9027E-01
  -2.565  0.2568E+01  0.1160E+00
  -2.555  0.2712E+01  0.1431E+00
  -2.545  0.2745E+01  0.1705E+00
  -2.535  0.2693E+01  0.1975E+00
  -2.525  0.2607E+01  0.2235E+00
  -2.515  0.2536E+01  0.2489E+00
  -2.505  0.2516E+01  0.2741E+00
  -2.495  0.2551E+01  0.2996E+00
  -2.485  0.2614E+01  0.3257E+00
  -2.475  0.2668E+01  0.3524E+00
  -2.465  0.2681E+01  0.3792E+00
  -2.455  0.2642E+01  0.4056E+00
  -2.445  0.2575E+01  0.4314E+00
  -2.435  0.2526E+01  0.4566E+00
  -2.425  0.2551E+01  0.4821E+00
  -2.415  0.2697E+01  0.5091E+00
  -2.405  0.2981E+01  0.5389E+00
  -2.395  0.3386E+01  0.5728E+00
  -2.385  0.3861E+01  0.6114E+00
  -2.375  0.4339E+01  0.6548E+00
  -2.365  0.4755E+01  0.7023E+00
  -2.355  0.5061E+01  0.7529E+00
  -2.345  0.5239E+01  0.8053E+00
  -2.335  0.5291E+01  0.8583E+00
  -2.325  0.5233E+01  0.9106E+00
  -2.315  0.5082E+01  0.9614E+00
  -2.305  0.4851E+01  0.1010E+01
  -2.295  0.4553E+01  0.1055E+01
  -2.285  0.4205E+01  0.1097E+01
  -2.275  0.3839E+01  0.1136E+01
  -2.265  0.3499E+01  0.1171E+01
  -2.255  0.3242E+01  0.1203E+01
  -2.245  0.3124E+01  0.1235E+01
  -2.235  0.3188E+01  0.1266E+01
  -2.225  0.3457E+01  0.1301E+01
  -2.215  0.3919E+01  0.1340E+01
  -2.205  0.4524E+01  0.1385E+01
  -2.195  0.5185E+01  0.1437E+01
  -2.185  0.5793E+01  0.1495E+01
  -2.175  0.6244E+01  0.1558E+01
  -2.165  0.6469E+01  0.1622E+01
  -2.155  0.6449E+01  0.1687E+01
  -2.145  0.6221E+01  0.1749E+01
  -2.135  0.5856E+01  0.1808E+01
  -2.125  0.5433E+01  0.1862E+01
  -2.115  0.5011E+01  0.1912E+01
  -2.105  0.4615E+01  0.1958E+01
  -2.095  0.4240E+01  0.2001E+01
  -2.085  0.3872E+01  0.2039E+01
  -2.075  0.3503E+01  0.2074E+01
  -2.065  0.3140E+01  0.2106E+01
  -2.055  0.2813E+01  0.2134E+01
  -2.045  0.2553E+01  0.2159E+01
  -2.035  0.2385E+01  0.2183E+01
  -2.025  0.2318E+01  0.2206E+01
  -2.015  0.2336E+01  0.2230E+01
  -2.005  0.2412E+01  0.2254E+01
  -1.995  0.2518E+01  0.2279E+01
  -1.985  0.2635E+01  0.2305E+01
  -1.975  0.2760E+01  0.2333E+01
  -1.965  0.2910E+01  0.2362E+01
  -1.955  0.3107E+01  0.2393E+01
  -1.945  0.3373E+01  0.2427E+01
  -1.935  0.3716E+01  0.2464E+01
  -1.925  0.4121E+01  0.2505E+01
  -1.915  0.4557E+01  0.2551E+01
  -1.905  0.4977E+01  0.2601E+01
  -1.895  0.5331E+01  0.2654E+01
  -1.885  0.5581E+01  0.2710E+01
  -1.875  0.5702E+01  0.2767E+01
  -1.865  0.5691E+01  0.2824E+01
  -1.855  0.5562E+01  0.2879E+01
  -1.845  0.5352E+01  0.2933E+01
  -1.835  0.5110E+01  0.2984E+01
  -1.825  0.4893E+01  0.3033E+01
  -1.815  0.4751E+01  0.3080E+01
  -1.805  0.4709E+01  0.3127E+01
  -1.795  0.4755E+01  0.3175E+01
  -1.785  0.4844E+01  0.3223E+01
  -1.775  0.4917E+01  0.3273E+01
  -1.765  0.4924E+01  0.3322E+01
  -1.755  0.4849E+01  0.3370E+01
  -1.745  0.4713E+01  0.3417E+01
  -1.735  0.4571E+01  0.3463E+01
  -1.725  0.4487E+01  0.3508E+01
  -1.715  0.4519E+01  0.3553E+01
  -1.705  0.4710E+01  0.3600E+01
  -1.695  0.5080E+01  0.3651E+01
  -1.685  0.5617E+01  0.3707E+01
  -1.675  0.6278E+01  0.3770E+01
  -1.665  0.6991E+01  0.3840E+01
  -1.655  0.7667E+01  0.3917E+01
  -1.645  0.8222E+01  0.3999E+01
  -1.635  0.8596E+01  0.4085E+01
  -1.625  0.8759E+01  0.4172E+01
