 &plot nbnd=  24, nks=    40 /
            0.000000  0.000000  0.000000
   -5.82123235   -3.43044532   -0.82914193    5.01655818    5.01655818    6.23000113    6.23000113    6.23000113    7.78911927    8.80009053
    8.80009053    8.80009053    9.56101347    9.56101347    9.70346278   13.82315237   13.99728473   13.99728484   14.00867263   16.78707351
   16.78707352   17.45417920   17.45417923   17.45417924
           -0.083333  0.000000 -0.000000
   -5.79033100   -3.45578226   -0.75216785    4.81431455    5.00695205    6.03692522    6.10200389    6.10200389    7.96157396    8.72159639
    8.96520556    8.96520556    9.55492251    9.62417993    9.88963763   13.75135884   13.93097475   14.03113137   14.14723545   16.11482310
   16.34550556   17.50755950   17.50755955   17.53541700
           -0.166667 -0.000000  0.000000
   -5.69779787   -3.52072038   -0.53482430    4.32907187    4.98117007    5.55278559    5.79113689    5.79113689    8.32377361    8.51072488
    9.38683119    9.38683119    9.59268637    9.80865128   10.32014004   13.20217960   14.13248558   14.16555881   14.53733108   15.20475194
   15.68456822   17.41080383   17.66724272   17.66724272
           -0.250000  0.000000  0.000000
   -5.54397913   -3.60071769   -0.20971604    3.73269975    4.92050788    4.94713836    5.40754508    5.40754508    8.22054428    8.59656237
    9.83349574    9.95338246    9.95338246   10.09957007   10.68593805   12.74380026   14.10748488   14.30158912   14.34162010   15.12335358
   15.38948778   17.40684385   17.93110578   17.93110578
           -0.333333  0.000000 -0.000000
   -5.32939085   -3.67283591    0.17926054    3.13062460    4.22042650    4.91436245    5.01462622    5.01462622    7.90143701    8.67298048
   10.33598418   10.46847221   10.54131046   10.59938756   10.59938756   12.86499239   13.50765369   13.56686001   14.53819630   15.60727567
   15.85040440   17.65411346   18.29351055   18.29351056
           -0.416667 -0.000000  0.000000
   -5.05499196   -3.72161746    0.55679102    2.62010948    3.48814127    4.64239327    4.64239327    4.89110238    7.58918068    8.66769679
    9.97220406   10.84890994   10.94535374   11.29258280   11.29258280   12.80346795   12.94484634   13.49880948   14.84206892   15.80852403
   16.67313739   18.22803874   18.73925226   18.73925226
           -0.500000  0.000000  0.000000
   -4.72188055   -3.73871181    0.74150920    2.39042303    2.74057500    4.30583424    4.30583424    4.88273773    7.30724828    8.65951517
    9.31699995   11.04604872   11.33558694   12.01632701   12.01632701   12.38079271   12.66766473   14.31365422   15.21314873   15.86929935
   17.55108971   18.78359925   19.22696616   19.22696616
           -0.583333  0.000000 -0.000000
   -4.33162760   -3.72161746    0.55679102    1.98704683    2.62010948    4.01310321    4.01310321    4.89110238    7.07083498    8.66769679
    8.69755052   10.84890994   10.94535373   12.76139437   12.76139437   12.80346795   12.94484634   15.18392452   15.65081300   15.80852403
   18.22803874   18.43451067   19.30186998   19.63593078
           -0.666667 -0.000000  0.000000
   -3.88609508   -3.67283591    0.17926055    1.23539457    3.13062460    3.76909920    3.76909920    4.91436245    6.89039925    8.15207380
    8.67298048   10.33598417   10.46847221   13.50765368   13.52326319   13.52326320   13.56686002   15.60727567   16.06458909   16.15485548
   17.65411346   19.02595411   19.24172205   19.68616174
           -0.750000  0.000000  0.000000
   -3.60071770   -3.38774830   -0.20971603    0.49259183    3.57685713    3.57685713    3.73269975    4.94713844    6.77337829    7.69375964
    8.59656237    9.83349574   10.09957007   14.10748489   14.29898669   14.29898672   14.34162010   15.38948778   16.72472642   16.92894855
   17.40684384   18.65928882   19.22537761   19.22537761
           -0.833333  0.000000 -0.000000
   -3.52072038   -2.83965136   -0.53482430   -0.23384297    3.43835097    3.43835097    4.32907186    4.98117007    6.72585308    7.32627757
    8.32377361    9.59268638    9.80865128   14.16555882   15.08454280   15.08454280   15.20475194   15.68456822   17.35942258   17.41080379
   17.75902993   18.25086069   18.49851389   18.49851389
           -0.916667 -0.000000  0.000000
   -3.45578226   -2.24531555   -0.93671305   -0.75216784    3.35480186    3.35480186    4.81431455    5.00695205    6.75293028    7.04910428
    7.96157396    9.55492251    9.62417993   13.93097475   15.85968940   15.85968940   16.11482309   16.34550556   17.53541704   17.71564696
   17.71564696   17.81871761   18.05897154   18.34838741
           -1.000000  0.000000  0.000000
   -3.43044532   -1.60924357   -1.60924355   -0.82914192    3.32687845    3.32687845    5.01655818    5.01655818    6.85922731    6.85922739
    7.78911927    9.56101347    9.56101347   13.82315237   16.38435455   16.38435455   16.78707352   16.78707352   17.18323540   17.18323540
   17.50119135   17.62532712   17.62532712   18.82205154
           -1.000000  0.083333  0.000000
   -3.45578226   -1.59838511   -1.59838510   -0.75216784    3.23356336    3.23356336    4.81431455    5.00695204    7.02905544    7.02905549
    7.96157396    9.55492251    9.62417994   13.93097475   16.06762261   16.06762280   16.11482305   16.34550557   16.94827136   16.94827138
   17.53541704   17.81871761   18.34838741   18.97167446
           -1.000000  0.166667  0.000000
   -3.52072038   -1.56802183   -1.56802182   -0.53482430    3.00496835    3.00496835    4.32907187    4.98117007    7.48856085    7.48856087
    8.32377361    9.59268638    9.80865128   14.16555882   15.16648718   15.16648720   15.20475191   15.68456822   16.83213720   16.83213722
   17.41080383   18.25086070   19.05359884   19.05359949
           -1.000000  0.250000  0.000000
   -3.60071770   -1.52474509   -1.52474507   -0.20971604    2.73520183    2.73520183    3.73269975    4.94713843    8.14715209    8.14715211
    8.59656237    9.83349574   10.09957007   14.09236930   14.09236946   14.10748478   14.34162014   15.38948778   16.81281327   16.81281329
   17.40684385   18.65928882   19.12883096   19.12883207
           -1.000000  0.333333  0.000000
   -3.67283591   -1.47913950   -1.47913947    0.17926055    2.49700457    2.49700457    3.13062460    4.91436245    8.67298048    8.93566205
    8.93566207   10.33598418   10.46847221   13.00511069   13.00511101   13.50765368   13.56686002   15.60727567   16.81367155   16.81367156
   17.65411346   19.02595411   19.20542295   19.20542412
           -1.000000  0.416667  0.000000
   -3.72161746   -1.44407398   -1.44407395    0.55679102    2.33634628    2.33634628    2.62010948    4.89110238    8.66769679    9.79753061
    9.79753064   10.84890994   10.94535373   11.96588907   11.96588931   12.80346795   12.94484634   15.80852404   16.81798628   16.81798640
   18.22803874   19.26568518   19.26568522   19.30186986
           -1.000000  0.500000  0.000000
   -3.73871181   -1.43090325   -1.43090325    0.74150920    2.27978292    2.27978292    2.39042303    4.88273773    8.65951516   10.44503788
   10.44503794   11.04604872   11.25953191   11.25953237   11.33558694   12.38079271   12.66766473   15.86929935   16.81989782   16.81989784
   18.78359925   19.28875510   19.28875591   19.43184477
           -0.944444  0.500000  0.055556
   -3.31280588   -1.79762431   -1.08330813    0.25381280    2.05886279    2.05945884    2.60274255    4.60211613    8.34458591   10.11147860
   10.46812285   11.26060739   11.56398701   11.68040994   11.84114907   12.74909311   12.99489136   14.74140153   15.98853416   17.28110298
   18.75546005   19.34172244   19.98173253   20.12676938
           -0.888889  0.500000  0.111111
   -2.88675450   -2.15216599   -0.80359166   -0.17924486    1.82269602    1.99337767    2.98795968    4.33208237    8.03192031    9.78876199
   10.14174758   11.71972038   12.13119257   12.20308108   12.30846789   13.18818676   13.40828207   13.61299802   14.93294142   17.41947878
   18.43553992   19.93145530   20.51065296   20.55197154
           -0.833333  0.500000  0.166667
   -2.48807297   -2.47657302   -0.64046423   -0.55644266    1.70628638    2.13361728    3.40470196    4.08251755    7.74017676    9.53353061
    9.78842996   11.98625976   12.30986132   12.74476192   12.76982994   13.32331011   13.68090351   13.80798184   13.89597194   17.33005078
   18.20812770   19.66445944   20.55079205   21.12780917
           -0.777778  0.500000  0.222222
   -2.76056377   -2.14986813   -0.87686393   -0.59929869    1.73914892    2.48322707    3.82456699    3.86106630    7.48104361    9.36321028
    9.45820406   10.89078594   12.69164536   12.97732408   13.35409451   13.40034917   13.89224156   14.21201550   14.44645046   17.02127975
   18.02465928   18.87295644   21.01842809   21.39930514
           -0.722222  0.500000  0.277778
   -2.99822801   -1.89954777   -1.13988195   -0.63693743    1.93900540    2.99251666    3.67343418    4.21788892    7.26194249    9.14701850
    9.28772597    9.77216392   11.64806398   13.69909499   13.90664801   14.09050661   14.58995167   14.76482100   15.04701436   16.52054701
   17.87249129   18.36807212   20.73451657   20.84206845
           -0.666667  0.500000  0.333333
   -3.18588379   -1.74174277   -1.34496101   -0.70434575    2.29099521    3.52377523    3.59705393    4.55445779    7.08767905    8.72716719
    8.82447763    9.30719309   10.73321003   14.27964769   14.47777306   14.80136643   15.31645470   15.33884727   15.68146013   16.09822627
   17.75060145   18.08231163   20.20230527   20.24048065
           -0.611111  0.500000  0.388889
   -3.32128803   -1.65730530   -1.49169130   -0.76908909    2.73373333    3.41498933    4.22804799    4.80851894    6.96134891    7.81263017
    8.43622888    9.40003947   10.04968001   14.22562186   15.30383599   15.50199340   15.82819196   16.10730412   16.15236626   16.32211345
   17.66093460   17.89533617   19.18297990   19.65179021
           -0.555556  0.500000  0.444444
   -3.40303698   -1.61957887   -1.57981846   -0.81350213    3.14532019    3.34899769    4.77495914    4.96437892    6.88492017    7.12935590
    8.00552279    9.51057577    9.67264632   13.95191837   16.10752874   16.15709571   16.22533110   16.54174141   16.81944928   16.89934692
   17.60417354   17.73291631   18.21178167   19.09821154
           -0.500000  0.500000  0.500000
   -3.43044532   -1.60924356   -1.60924355   -0.82914192    3.32687845    3.32687845    5.01655818    5.01655818    6.85922734    6.85922736
    7.78911927    9.56101347    9.56101347   13.82315237   16.38435455   16.38435455   16.78707352   16.78707352   17.18323540   17.18323541
   17.50119136   17.62532711   17.62532712   18.82205154
           -0.458333  0.458333  0.458333
   -3.53037954   -1.92541896   -1.27333241   -0.68562522    3.22843654    3.34629647    5.02913379    5.02913379    6.85406630    7.05513118
    7.80334678    9.57601605    9.57601605   13.84672586   16.04587671   16.09634390   16.26306853   16.26306853   17.15937493   17.17588358
   17.19234015   18.20009319   18.20009319   18.59390841
           -0.416667  0.416667  0.416667
   -3.77931570   -2.21467596   -0.93085409   -0.30664122    2.98868561    3.40422493    5.06678949    5.06678949    6.92576198    7.50479752
    7.84567621    9.61807156    9.61807156   13.91232138   15.33646332   15.42384221   15.52385170   15.52385171   16.53523945   17.09138501
   17.14427512   18.56936450   19.03264218   19.08762503
           -0.375000  0.375000  0.375000
   -4.09311924   -2.47303844   -0.60567745    0.22292948    2.71604968    3.49968082    5.12940715    5.12940715    7.05023338    7.91597957
    8.14132486    9.67788913    9.67788913   13.99713071   14.52739042   14.59989874   14.83357751   14.83357751   15.85197044   16.98681018
   17.05041443   18.59410895   19.06350761   20.00885348
           -0.333333  0.333333  0.333333
   -4.41821752   -2.69850771   -0.33919371    0.84771246    2.51273595    3.63084696    5.21656144    5.21656145    7.22279092    8.01298616
    8.90145545    9.73800908    9.73800908   13.70938665   13.72717585   14.01557964   14.23383615   14.23383616   15.26787484   16.84885971
   16.94762088   18.59554151   19.08822967   19.77969186
           -0.291667  0.291667  0.291667
   -4.72755269   -2.89055397   -0.18686558    1.53815031    2.46689970    3.79479933    5.32732949    5.32732949    7.43919474    8.13495115
    9.74616706    9.77169066    9.77169074   12.84908988   12.91702421   13.73911547   13.75770669   13.75770669   15.01877790   16.66816705
   16.85574262   18.54388674   18.89485806   19.07116529
           -0.250000  0.250000  0.250000
   -5.00763943   -3.04963755   -0.17891495    2.27637990    2.62508551    3.98701692    5.45977734    5.45977734    7.69247582    8.27831374
    9.74624267    9.74624267   10.64252200   11.99928965   12.16864508   13.14975790   13.43907187   13.43907188   15.09988211   16.41663727
   16.78483723   17.98016462   18.43561517   18.90382930
           -0.208333  0.208333  0.208333
   -5.25121112   -3.17709103   -0.28293131    2.96132744    3.04873711    4.20055749    5.61037129    5.61037129    7.96917417    8.43736522
    9.63845582    9.63845583   11.05970972   11.47795491   11.71061682   12.45121071   13.30056991   13.30056991   15.23867436   16.05539195
   16.73949711   17.20908487   18.28310598   18.37320156
           -0.166667  0.166667  0.166667
   -5.45405688   -3.27509546   -0.43683477    3.41299548    3.84019217    4.42482898    5.77284253    5.77284253    8.23894869    8.60151437
    9.45415864    9.45415864   10.34620123   10.85976289   11.72242102   12.64462077   13.33313731   13.33313731   15.17970000   15.58992412
   16.72081712   16.80012440   17.97250898   18.10743019
           -0.125000  0.125000  0.125000
   -5.61375918   -3.34644875   -0.59198601    3.92130364    4.62888691    4.64385519    5.93643952    5.93643952    8.41417849    8.75205903
    9.22960925    9.22960925    9.73708676   10.33240712   10.99918677   13.49343599   13.49343602   13.58328645   14.82070304   15.14886657
   16.72635620   16.85128837   17.74603545   17.93076709
           -0.083333  0.083333  0.083333
   -5.72873646   -3.39425501   -0.71893380    4.42775463    4.83465287    5.37265406    6.08388170    6.08388170    8.29345551    8.85401734
    9.01434072    9.01434072    9.47748325    9.92041407   10.33673276   13.71533177   13.71533177   14.06828788   14.40624152   15.23642726
   16.74899389   17.10701050   17.62984934   17.77559088
           -0.041667  0.041667  0.041667
   -5.79807778   -3.42156130   -0.80090369    4.84321995    4.96810529    5.97496185    6.19044263    6.19044263    7.95751459    8.85269109
    8.85779356    8.85779371    9.51668841    9.65390273    9.86121026   13.91473460   13.91473463   13.92094684   14.11281211   16.08615596
   16.77516050   17.35268237   17.57468083   17.61010573
            0.000000  0.000000  0.000000
   -5.82123235   -3.43044532   -0.82914193    5.01655818    5.01655818    6.23000113    6.23000113    6.23000113    7.78911927    8.80009053
    8.80009053    8.80009053    9.56101347    9.56101347    9.70346277   13.82315237   13.99728474   13.99728474   14.00867272   16.78707352
   16.78707352   17.45417920   17.45417920   17.45417921
