 &plot nbnd=  24, nks=    40 /
            0.000000  0.000000  0.000000
     -5.821232     -3.430445     -0.829142      5.016558      5.016558      6.230001      6.230001      6.230001      7.789119      8.800091
      8.800091      8.800091      9.561013      9.561013      9.703463     13.823152     13.997285     13.997285     14.008673     16.787074
     16.787074     17.454179     17.454179     17.454179
           -0.041667  0.000000 -0.000000
     -5.790331     -3.455782     -0.752168      4.814315      5.006952      6.036925      6.102004      6.102004      7.961574      8.721596
      8.965206      8.965206      9.554923      9.624180      9.889638     13.751359     13.930975     14.031131     14.147235     16.114823
     16.345506     17.507559     17.507560     17.535417
           -0.083333 -0.000000  0.000000
     -5.697798     -3.520720     -0.534824      4.329072      4.981170      5.552786      5.791137      5.791137      8.323774      8.510725
      9.386831      9.386831      9.592686      9.808651     10.320140     13.202180     14.132486     14.165559     14.537331     15.204752
     15.684568     17.410804     17.667243     17.667243
           -0.125000  0.000000  0.000000
     -5.543979     -3.600718     -0.209716      3.732700      4.920508      4.947138      5.407545      5.407545      8.220544      8.596562
      9.833496      9.953382      9.953382     10.099570     10.685938     12.743800     14.107485     14.301589     14.341620     15.123354
     15.389488     17.406844     17.931106     17.931106
           -0.166667  0.000000 -0.000000
     -5.329391     -3.672836      0.179261      3.130625      4.220426      4.914362      5.014626      5.014626      7.901437      8.672980
     10.335984     10.468472     10.541310     10.599388     10.599388     12.864992     13.507654     13.566860     14.538196     15.607276
     15.850404     17.654113     18.293511     18.293511
           -0.208333 -0.000000  0.000000
     -5.054992     -3.721617      0.556791      2.620109      3.488141      4.642393      4.642393      4.891102      7.589181      8.667697
      9.972204     10.848910     10.945354     11.292583     11.292583     12.803468     12.944846     13.498809     14.842069     15.808524
     16.673137     18.228039     18.739252     18.739252
           -0.250000  0.000000  0.000000
     -4.721881     -3.738712      0.741509      2.390423      2.740575      4.305834      4.305834      4.882738      7.307248      8.659515
      9.317000     11.046049     11.335587     12.016327     12.016327     12.380793     12.667665     14.313654     15.213149     15.869299
     17.551090     18.783599     19.226966     19.226966
           -0.291667  0.000000 -0.000000
     -4.331628     -3.721617      0.556791      1.987047      2.620109      4.013103      4.013103      4.891102      7.070835      8.667697
      8.697551     10.848910     10.945354     12.761394     12.761394     12.803468     12.944846     15.183925     15.650813     15.808524
     18.228039     18.434511     19.301870     19.635931
           -0.333333 -0.000000  0.000000
     -3.886095     -3.672836      0.179261      1.235395      3.130625      3.769099      3.769099      4.914362      6.890399      8.152074
      8.672980     10.335984     10.468472     13.507654     13.523263     13.523263     13.566860     15.607276     16.064589     16.154855
     17.654113     19.025954     19.241722     19.686162
           -0.375000  0.000000  0.000000
     -3.600718     -3.387748     -0.209716      0.492592      3.576857      3.576857      3.732700      4.947138      6.773378      7.693760
      8.596562      9.833496     10.099570     14.107485     14.298987     14.298987     14.341620     15.389488     16.724726     16.928949
     17.406844     18.659289     19.225378     19.225378
           -0.416667  0.000000 -0.000000
     -3.520720     -2.839651     -0.534824     -0.233843      3.438351      3.438351      4.329072      4.981170      6.725853      7.326278
      8.323774      9.592686      9.808651     14.165559     15.084543     15.084543     15.204752     15.684568     17.359423     17.410804
     17.759030     18.250861     18.498514     18.498514
           -0.458333 -0.000000  0.000000
     -3.455782     -2.245316     -0.936713     -0.752168      3.354802      3.354802      4.814315      5.006952      6.752930      7.049104
      7.961574      9.554923      9.624180     13.930975     15.859689     15.859689     16.114823     16.345506     17.535417     17.715647
     17.715647     17.818718     18.058972     18.348387
           -0.500000  0.000000  0.000000
     -3.430445     -1.609244     -1.609244     -0.829142      3.326878      3.326878      5.016558      5.016558      6.859227      6.859227
      7.789119      9.561013      9.561013     13.823152     16.384355     16.384355     16.787074     16.787074     17.183235     17.183235
     17.501191     17.625327     17.625327     18.822052
           -0.500000  0.083333  0.000000
     -3.455782     -1.598385     -1.598385     -0.752168      3.233563      3.233563      4.814315      5.006952      7.029055      7.029055
      7.961574      9.554923      9.624180     13.930975     16.067623     16.067623     16.114823     16.345506     16.948271     16.948271
     17.535417     17.818718     18.348387     18.971674
           -0.500000  0.166667  0.000000
     -3.520720     -1.568022     -1.568022     -0.534824      3.004968      3.004968      4.329072      4.981170      7.488561      7.488561
      8.323774      9.592686      9.808651     14.165559     15.166487     15.166487     15.204752     15.684568     16.832137     16.832137
     17.410804     18.250861     19.053599     19.053599
           -0.500000  0.250000  0.000000
     -3.600718     -1.524745     -1.524745     -0.209716      2.735202      2.735202      3.732700      4.947138      8.147152      8.147152
      8.596562      9.833496     10.099570     14.092369     14.092369     14.107485     14.341620     15.389488     16.812813     16.812813
     17.406844     18.659289     19.128831     19.128832
           -0.500000  0.333333  0.000000
     -3.672836     -1.479139     -1.479139      0.179261      2.497005      2.497005      3.130625      4.914362      8.672980      8.935662
      8.935662     10.335984     10.468472     13.005111     13.005111     13.507654     13.566860     15.607276     16.813672     16.813672
     17.654113     19.025954     19.205423     19.205424
           -0.500000  0.416667  0.000000
     -3.721617     -1.444074     -1.444074      0.556791      2.336346      2.336346      2.620109      4.891102      8.667697      9.797531
      9.797531     10.848910     10.945354     11.965889     11.965889     12.803468     12.944846     15.808524     16.817986     16.817986
     18.228039     19.265685     19.265685     19.301870
           -0.500000  0.500000  0.000000
     -3.738712     -1.430903     -1.430903      0.741509      2.279783      2.279783      2.390423      4.882738      8.659515     10.445038
     10.445038     11.046049     11.259532     11.259532     11.335587     12.380793     12.667665     15.869299     16.819898     16.819898
     18.783599     19.288755     19.288756     19.431845
           -0.472222  0.500000  0.055556
     -3.312806     -1.797624     -1.083308      0.253813      2.058863      2.059459      2.602743      4.602116      8.344586     10.111479
     10.468123     11.260607     11.563987     11.680410     11.841149     12.749093     12.994891     14.741402     15.988534     17.281103
     18.755460     19.341722     19.981733     20.126769
           -0.444444  0.500000  0.111111
     -2.886754     -2.152166     -0.803592     -0.179245      1.822696      1.993378      2.987960      4.332082      8.031920      9.788762
     10.141748     11.719720     12.131193     12.203081     12.308468     13.188187     13.408282     13.612998     14.932941     17.419479
     18.435540     19.931455     20.510653     20.551972
           -0.416667  0.500000  0.166667
     -2.488073     -2.476573     -0.640464     -0.556443      1.706286      2.133617      3.404702      4.082518      7.740177      9.533531
      9.788430     11.986260     12.309861     12.744762     12.769830     13.323310     13.680904     13.807982     13.895972     17.330051
     18.208128     19.664459     20.550792     21.127809
           -0.388889  0.500000  0.222222
     -2.760564     -2.149868     -0.876864     -0.599299      1.739149      2.483227      3.824567      3.861066      7.481044      9.363210
      9.458204     10.890786     12.691645     12.977324     13.354095     13.400349     13.892242     14.212015     14.446450     17.021280
     18.024659     18.872956     21.018428     21.399305
           -0.361111  0.500000  0.277778
     -2.998228     -1.899548     -1.139882     -0.636937      1.939005      2.992517      3.673434      4.217889      7.261942      9.147019
      9.287726      9.772164     11.648064     13.699095     13.906648     14.090507     14.589952     14.764821     15.047014     16.520547
     17.872491     18.368072     20.734517     20.842068
           -0.333333  0.500000  0.333333
     -3.185884     -1.741743     -1.344961     -0.704346      2.290995      3.523775      3.597054      4.554458      7.087679      8.727167
      8.824478      9.307193     10.733210     14.279648     14.477773     14.801366     15.316455     15.338847     15.681460     16.098226
     17.750601     18.082312     20.202305     20.240481
           -0.305556  0.500000  0.388889
     -3.321288     -1.657305     -1.491691     -0.769089      2.733733      3.414989      4.228048      4.808519      6.961349      7.812630
      8.436229      9.400039     10.049680     14.225622     15.303836     15.501993     15.828192     16.107304     16.152366     16.322113
     17.660935     17.895336     19.182980     19.651790
           -0.277778  0.500000  0.444444
     -3.403037     -1.619579     -1.579818     -0.813502      3.145320      3.348998      4.774959      4.964379      6.884920      7.129356
      8.005523      9.510576      9.672646     13.951918     16.107529     16.157096     16.225331     16.541741     16.819449     16.899347
     17.604174     17.732916     18.211782     19.098212
           -0.250000  0.500000  0.500000
     -3.430445     -1.609244     -1.609244     -0.829142      3.326878      3.326878      5.016558      5.016558      6.859227      6.859227
      7.789119      9.561013      9.561013     13.823152     16.384355     16.384355     16.787074     16.787074     17.183235     17.183235
     17.501191     17.625327     17.625327     18.822052
           -0.229167  0.458333  0.458333
     -3.530380     -1.925419     -1.273332     -0.685625      3.228437      3.346296      5.029134      5.029134      6.854066      7.055131
      7.803347      9.576016      9.576016     13.846726     16.045877     16.096344     16.263069     16.263069     17.159375     17.175884
     17.192340     18.200093     18.200093     18.593908
           -0.208333  0.416667  0.416667
     -3.779316     -2.214676     -0.930854     -0.306641      2.988686      3.404225      5.066789      5.066789      6.925762      7.504798
      7.845676      9.618072      9.618072     13.912321     15.336463     15.423842     15.523852     15.523852     16.535239     17.091385
     17.144275     18.569365     19.032642     19.087625
           -0.187500  0.375000  0.375000
     -4.093119     -2.473038     -0.605677      0.222929      2.716050      3.499681      5.129407      5.129407      7.050233      7.915980
      8.141325      9.677889      9.677889     13.997131     14.527390     14.599899     14.833578     14.833578     15.851970     16.986810
     17.050414     18.594109     19.063508     20.008853
           -0.166667  0.333333  0.333333
     -4.418218     -2.698508     -0.339194      0.847712      2.512736      3.630847      5.216561      5.216561      7.222791      8.012986
      8.901455      9.738009      9.738009     13.709387     13.727176     14.015580     14.233836     14.233836     15.267875     16.848860
     16.947621     18.595542     19.088230     19.779692
           -0.145833  0.291667  0.291667
     -4.727553     -2.890554     -0.186866      1.538150      2.466900      3.794799      5.327329      5.327329      7.439195      8.134951
      9.746167      9.771691      9.771691     12.849090     12.917024     13.739115     13.757707     13.757707     15.018778     16.668167
     16.855743     18.543887     18.894858     19.071165
           -0.125000  0.250000  0.250000
     -5.007639     -3.049638     -0.178915      2.276380      2.625086      3.987017      5.459777      5.459777      7.692476      8.278314
      9.746243      9.746243     10.642522     11.999290     12.168645     13.149758     13.439072     13.439072     15.099882     16.416637
     16.784837     17.980165     18.435615     18.903829
           -0.104167  0.208333  0.208333
     -5.251211     -3.177091     -0.282931      2.961327      3.048737      4.200557      5.610371      5.610371      7.969174      8.437365
      9.638456      9.638456     11.059710     11.477955     11.710617     12.451211     13.300570     13.300570     15.238674     16.055392
     16.739497     17.209085     18.283106     18.373202
           -0.083333  0.166667  0.166667
     -5.454057     -3.275095     -0.436835      3.412995      3.840192      4.424829      5.772843      5.772843      8.238949      8.601514
      9.454159      9.454159     10.346201     10.859763     11.722421     12.644621     13.333137     13.333137     15.179700     15.589924
     16.720817     16.800124     17.972509     18.107430
           -0.062500  0.125000  0.125000
     -5.613759     -3.346449     -0.591986      3.921304      4.628887      4.643855      5.936440      5.936440      8.414178      8.752059
      9.229609      9.229609      9.737087     10.332407     10.999187     13.493436     13.493436     13.583286     14.820703     15.148867
     16.726356     16.851288     17.746035     17.930767
           -0.041667  0.083333  0.083333
     -5.728736     -3.394255     -0.718934      4.427755      4.834653      5.372654      6.083882      6.083882      8.293456      8.854017
      9.014341      9.014341      9.477483      9.920414     10.336733     13.715332     13.715332     14.068288     14.406242     15.236427
     16.748994     17.107010     17.629849     17.775591
           -0.020833  0.041667  0.041667
     -5.798078     -3.421561     -0.800904      4.843220      4.968105      5.974962      6.190443      6.190443      7.957515      8.852691
      8.857794      8.857794      9.516688      9.653903      9.861210     13.914735     13.914735     13.920947     14.112812     16.086156
     16.775160     17.352682     17.574681     17.610106
            0.000000  0.000000  0.000000
     -5.821232     -3.430445     -0.829142      5.016558      5.016558      6.230001      6.230001      6.230001      7.789119      8.800091
      8.800091      8.800091      9.561013      9.561013      9.703463     13.823152     13.997285     13.997285     14.008673     16.787074
     16.787074     17.454179     17.454179     17.454179
