&CONTROL
 calculation = 'bands'
 prefix = 'si'
 pseudo_dir = '../pseudo'
 outdir = './tmp'
 verbosity = 'high'
 tprnfor = .true.
 tstress = .true.
/
&SYSTEM
 ibrav = 0
 celldm(1) = 10.2
 nat = 4
 ntyp = 1
 ecutwfc = 40
 ecutrho = 160
 nbnd = 24
 occupations = 'fixed'
 nosym = .true.
 noinv = .true.
/
&ELECTRONS
 conv_thr = 1.0d-12
 diagonalization = 'cg'
 diago_thr_init = 1.0d-10
 diago_full_acc = .true.
 diago_cg_maxiter = 200
/
ATOMIC_SPECIES
Si 28.0855 Si.pz-vbc.UPF
CELL_PARAMETERS alat
-1.0 0.0 1.0
0.0 0.5 0.5
-0.5 0.5 0.0
ATOMIC_POSITIONS crystal
Si 0.000 0.00 0.00
Si 0.375 0.75 0.75
Si 0.500 0.00 0.00
Si 0.875 0.75 0.75
K_POINTS crystal
40
0.000000000000 0.000000000000 0.000000000000 1.0
0.083333333333 0.000000000000 0.041666666667 1.0
0.166666666667 0.000000000000 0.083333333333 1.0
0.250000000000 0.000000000000 0.125000000000 1.0
0.333333333333 0.000000000000 0.166666666667 1.0
0.416666666667 0.000000000000 0.208333333333 1.0
0.500000000000 0.000000000000 0.250000000000 1.0
0.583333333333 0.000000000000 0.291666666667 1.0
0.666666666667 0.000000000000 0.333333333333 1.0
0.750000000000 0.000000000000 0.375000000000 1.0
0.833333333333 0.000000000000 0.416666666667 1.0
0.916666666667 0.000000000000 0.458333333333 1.0
1.000000000000 0.000000000000 0.500000000000 1.0
1.000000000000 0.041666666667 0.541666666667 1.0
1.000000000000 0.083333333333 0.583333333333 1.0
1.000000000000 0.125000000000 0.625000000000 1.0
1.000000000000 0.166666666667 0.666666666667 1.0
1.000000000000 0.208333333333 0.708333333333 1.0
1.000000000000 0.250000000000 0.750000000000 1.0
1.000000000000 0.277777777778 0.722222222222 1.0
1.000000000000 0.305555555556 0.694444444444 1.0
1.000000000000 0.333333333333 0.666666666667 1.0
1.000000000000 0.361111111111 0.638888888889 1.0
1.000000000000 0.388888888889 0.611111111111 1.0
1.000000000000 0.416666666667 0.583333333333 1.0
1.000000000000 0.444444444444 0.555555555556 1.0
1.000000000000 0.472222222222 0.527777777778 1.0
1.000000000000 0.500000000000 0.500000000000 1.0
0.916666666667 0.458333333333 0.458333333333 1.0
0.833333333333 0.416666666667 0.416666666667 1.0
0.750000000000 0.375000000000 0.375000000000 1.0
0.666666666667 0.333333333333 0.333333333333 1.0
0.583333333333 0.291666666667 0.291666666667 1.0
0.500000000000 0.250000000000 0.250000000000 1.0
0.416666666667 0.208333333333 0.208333333333 1.0
0.333333333333 0.166666666667 0.166666666667 1.0
0.250000000000 0.125000000000 0.125000000000 1.0
0.166666666667 0.083333333333 0.083333333333 1.0
0.083333333333 0.041666666667 0.041666666667 1.0
0.000000000000 0.000000000000 0.000000000000 1.0

