 &plot nbnd=  24, nks=    40 /
            0.000000  0.000000  0.000000
    1.000000    0.000000    0.000000    0.000000    0.000000    1.000000    1.000000    1.000000    0.000000    1.000000
    1.000000    1.000000    0.000000    0.000000    1.000000    0.000000    1.000000    1.000000    1.000000    0.000000
    0.000000    1.000000    1.000000    0.999999
           -0.041667  0.000000 -0.000000
    1.000000    0.000000    0.000000    0.000000    0.000000    1.000000    1.000000    1.000000    0.000000    1.000000
    1.000000    1.000000    0.000000    0.000000    1.000000    1.000000    0.000000    1.000000    1.000000    0.000000
    0.000000    1.000000    0.999998    0.000002
           -0.083333 -0.000000  0.000000
    1.000000    0.000000    0.000000    0.000000    0.000000    1.000000    1.000000    1.000000    0.000000    1.000000
    1.000000    1.000000    0.000000    0.000000    0.999999    1.000000    0.999999    0.000000    0.999999    0.000000
    0.000000    0.000000    1.000000    1.000000
           -0.125000  0.000000  0.000000
    1.000000    0.000000    0.000000    0.000000    0.999997    0.000003    1.000000    1.000000    1.000000    0.000000
    0.000000    1.000000    1.000000    0.000000    0.999999    0.999999    0.000000    0.999999    0.000001    0.999999
    0.000000    0.000000    1.000000    1.000000
           -0.166667  0.000000 -0.000000
    1.000000    0.000000    0.000000    0.000000    1.000000    0.000000    1.000000    1.000000    1.000000    0.000000
    0.000000    0.000000    1.000000    1.000000    1.000000    0.999999    0.000000    0.000000    1.000000    0.000000
    0.999999    0.000001    1.000000    1.000000
           -0.208333 -0.000000  0.000000
    1.000000    0.000000    0.000000    0.000000    1.000000    1.000000    1.000000    0.000000    1.000000    0.000000
    1.000000    0.000000    0.000000    1.000000    1.000000    0.000000    0.000000    0.999998    1.000000    0.000000
    0.999999    0.000001    1.000000    1.000000
           -0.250000  0.000000  0.000000
    1.000000    0.000000    0.000000    0.000000    1.000000    1.000000    1.000000    0.000000    1.000000    0.000000
    1.000000    0.000000    0.000000    1.000000    1.000000    0.000001    0.000000    0.999998    1.000000    0.000000
    0.999999    0.000001    0.999999    0.999999
           -0.291667  0.000000 -0.000000
    1.000000    0.000000    0.000000    1.000000    0.000000    1.000000    1.000000    0.000000    1.000000    0.000000
    1.000000    0.000000    0.000000    0.999999    0.999999    0.000001    0.000000    0.999997    0.999999    0.000000
    0.000001    0.999999    0.000001    0.999999
           -0.333333 -0.000000  0.000000
    1.000000    0.000000    0.000000    1.000000    0.000000    1.000000    1.000000    0.000000    1.000000    1.000000
    0.000000    0.000001    0.000000    0.000001    0.999999    0.999999    0.000000    0.000000    0.999997    0.999999
    0.000001    0.000001    1.000000    0.999998
           -0.375000  0.000000  0.000000
    0.000000    1.000000    0.000000    1.000000    1.000000    1.000000    0.000000    0.000000    1.000000    1.000000
    0.000000    0.000000    0.000000    0.000000    0.999999    0.999998    0.000002    0.000001    0.999999    0.999997
    0.000001    0.000001    0.999998    0.999998
           -0.416667  0.000000 -0.000000
    0.000000    1.000000    0.000000    1.000000    1.000000    1.000000    0.000000    0.000000    1.000000    1.000000
    0.000001    0.000000    0.000000    0.000000    0.999999    0.999999    0.000001    0.000001    0.999999    0.000002
    0.999997    0.000001    0.999998    0.999998
           -0.458333 -0.000000  0.000000
    0.000000    1.000000    1.000000    0.000000    1.000000    1.000000    0.000000    0.000000    1.000000    1.000000
    0.000001    0.000000    0.000000    0.000000    0.999999    0.999999    0.000001    0.000001    0.000001    0.999997
    0.999998    0.000001    0.999999    0.000001
           -0.500000  0.000000  0.000000
    0.000000    1.000000    1.000000    0.000000    1.000000    1.000000    0.000000    0.000000    1.000000    1.000000
    0.000001    0.000000    0.000000    0.000000    1.000000    1.000000    0.000001    0.000002    0.999997    0.999997
    0.000002    0.000001    0.000001    0.999999
           -0.500000  0.083333  0.000000
    0.000000    1.000000    0.999999    0.000000    1.000000    1.000000    0.000000    0.000000    1.000000    1.000000
    0.000001    0.000000    0.000000    0.000000    0.999999    0.999999    0.000002    0.000002    0.999997    0.999997
    0.000001    0.000003    0.000001    0.999999
           -0.500000  0.166667  0.000000
    0.000000    1.000000    0.999999    0.000000    1.000000    1.000000    0.000000    0.000000    1.000000    1.000000
    0.000001    0.000000    0.000000    0.000000    0.999998    0.999999    0.000002    0.000001    0.999998    0.999998
    0.000001    0.000003    0.999998    0.999998
           -0.500000  0.250000  0.000000
    0.000000    0.999999    1.000000    0.000000    1.000000    1.000000    0.000000    0.000000    1.000000    1.000000
    0.000001    0.000000    0.000000    0.999999    0.999992    0.000007    0.000001    0.000001    0.999998    0.999998
    0.000001    0.000003    0.999998    0.999998
           -0.500000  0.333333  0.000000
    0.000000    0.999999    1.000000    0.000001    1.000000    1.000000    0.000000    0.000000    0.000001    1.000000
    1.000000    0.000000    0.000000    0.999999    0.999999    0.000001    0.000001    0.000001    0.999998    0.999998
    0.000001    0.000003    0.999998    0.999998
           -0.500000  0.416667  0.000000
    0.000000    0.999999    0.999999    0.000001    1.000000    1.000000    0.000000    0.000000    0.000001    0.999999
    1.000000    0.000000    0.000001    0.999999    0.999999    0.000001    0.000001    0.000001    0.999998    0.999998
    0.000001    0.999996    0.999996    0.000007
           -0.500000  0.500000  0.000000
    0.000000    0.999999    1.000000    0.000001    1.000000    1.000000    0.000000    0.000000    0.000001    0.999999
    0.999999    0.000000    0.999999    0.999999    0.000001    0.000001    0.000001    0.000001    0.999998    0.999998
    0.000002    0.999997    0.999997    0.000004
           -0.472222  0.500000  0.055556
    0.000000    0.999999    1.000000    0.000001    0.999424    0.000576    1.000000    0.000000    0.000001    0.999999
    0.999999    0.999999    0.000000    0.999999    0.000001    0.000001    0.000001    0.000001    0.999998    0.999998
    0.999997    0.000003    0.000002    0.999997
           -0.444444  0.500000  0.111111
    0.000000    0.999999    1.000000    0.000000    0.000000    1.000000    1.000000    0.000000    0.000001    1.000000
    0.999999    0.999999    0.000001    0.999998    0.000001    0.000001    0.000001    0.000001    0.999999    0.999998
    0.999997    0.000002    0.000001    0.999999
           -0.416667  0.500000  0.166667
    0.000000    0.999999    1.000000    0.000000    0.000000    1.000000    1.000000    0.000000    0.000001    1.000000
    0.999999    0.000001    0.999999    0.000000    0.999999    0.000001    0.000001    0.999999    0.000001    0.999998
    0.999998    0.999999    0.000001    0.000001
           -0.388889  0.500000  0.222222
    0.999999    0.000000    0.000000    1.000000    0.000000    1.000000    1.000000    0.000000    0.000001    1.000000
    0.999999    0.000000    0.999999    0.999999    0.999999    0.000000    0.000001    0.000001    0.000001    0.999998
    0.999998    0.999998    0.000000    0.000003
           -0.361111  0.500000  0.277778
    1.000000    0.000000    0.000000    1.000000    0.000000    1.000000    0.000000    1.000000    0.000001    0.999999
    1.000000    0.000000    0.999999    0.999999    0.999999    0.000000    0.000001    0.000001    0.000002    0.999999
    0.999999    0.999998    0.000001    0.000003
           -0.333333  0.500000  0.333333
    1.000000    0.000000    0.000000    1.000000    0.000000    0.000000    1.000000    1.000000    0.000001    0.000000
    0.999999    1.000000    1.000000    1.000000    0.999999    0.000000    0.000001    0.000001    0.000002    0.999999
    0.999999    0.999998    0.999997    0.000001
           -0.305556  0.500000  0.388889
    1.000000    0.000000    0.000000    1.000000    0.000000    0.000000    1.000000    1.000000    0.000001    0.000000
    0.999999    1.000000    1.000000    1.000000    0.999998    0.000000    0.000000    0.000001    0.999999    0.000002
    0.999999    0.999998    0.999998    0.000002
           -0.277778  0.500000  0.444444
    1.000000    0.000000    0.000000    1.000000    0.000000    0.000000    1.000000    1.000000    0.000000    0.000000
    0.999999    1.000000    1.000000    1.000000    0.000000    0.999998    0.000000    0.999999    0.000001    0.000002
    0.999999    0.999999    0.999998    0.000002
           -0.250000  0.500000  0.500000
    1.000000    0.000000    0.000000    1.000000    0.000000    0.000000    1.000000    1.000000    0.000000    0.000000
    0.999999    1.000000    1.000000    1.000000    0.000000    0.000000    0.999998    0.999998    0.000001    0.000002
    0.999998    0.999999    0.999999    0.000001
           -0.229167  0.458333  0.458333
    1.000000    0.000000    0.000000    1.000000    0.000000    0.000000    1.000000    1.000000    0.000000    0.000000
    0.999999    1.000000    1.000000    1.000000    0.000000    0.000001    0.999999    0.999999    0.000002    0.999991
    0.000007    0.999999    0.999999    0.000000
           -0.208333  0.416667  0.416667
    1.000000    0.000000    0.000000    1.000000    0.000000    0.000000    1.000000    1.000000    0.000000    0.000000
    0.999999    1.000000    1.000000    1.000000    0.000000    0.000001    0.999999    0.999999    0.999998    0.000001
    0.000000    0.000000    0.000001    0.999999
           -0.187500  0.375000  0.375000
    1.000000    0.000000    0.000000    1.000000    0.000000    0.000000    1.000000    1.000000    0.000000    0.999999
    0.000000    1.000000    1.000000    1.000000    0.000000    0.000001    0.999999    1.000000    0.999998    0.000000
    0.000000    0.000000    0.000001    0.999999
           -0.166667  0.333333  0.333333
    1.000000    0.000000    0.000000    1.000000    0.000000    0.000000    1.000000    1.000000    0.000000    0.999999
    0.000000    1.000000    1.000000    0.000000    0.000001    1.000000    0.999999    0.999999    0.999998    0.000000
    0.000000    0.000000    0.000000    0.999999
           -0.145833  0.291667  0.291667
    1.000000    0.000000    0.000000    1.000000    0.000000    0.000000    1.000000    1.000000    0.000000    0.999999
    0.000004    0.999997    1.000000    0.000001    0.000000    0.999999    0.999999    0.999999    0.999999    0.000000
    0.000000    0.000000    0.999998    0.000001
           -0.125000  0.250000  0.250000
    1.000000    0.000000    0.000000    1.000000    0.000000    0.000000    1.000000    1.000000    0.000000    1.000000
    1.000000    1.000000    0.000000    0.000001    0.000000    0.999999    1.000000    1.000000    1.000000    0.000000
    0.000000    0.999999    0.000000    0.000000
           -0.104167  0.208333  0.208333
    1.000000    0.000000    0.000000    0.000000    1.000000    0.000000    1.000000    1.000000    0.000000    1.000000
    1.000000    1.000000    0.000000    0.000000    0.000000    0.999999    1.000000    1.000000    1.000000    0.000000
    0.000000    0.999999    0.000000    0.000000
           -0.083333  0.166667  0.166667
    1.000000    0.000000    0.000000    0.000000    1.000000    0.000000    1.000000    1.000000    0.000000    1.000000
    1.000000    1.000000    0.000000    0.000000    0.999999    0.000000    1.000000    1.000000    1.000000    0.000000
    0.000000    1.000000    0.000000    0.000000
           -0.062500  0.125000  0.125000
    1.000000    0.000000    0.000000    0.000000    1.000000    0.000000    1.000000    1.000000    0.000000    1.000000
    1.000000    1.000000    0.000000    0.000000    0.999999    1.000000    0.999999    0.000001    1.000000    0.000000
    0.000000    1.000000    0.000000    0.000000
           -0.041667  0.083333  0.083333
    1.000000    0.000000    0.000000    0.000000    0.000000    1.000000    1.000000    1.000000    0.000000    1.000000
    1.000000    1.000000    0.000000    0.000000    0.999999    1.000000    1.000000    0.000000    1.000000    0.000000
    0.000000    1.000000    0.000000    0.000000
           -0.020833  0.041667  0.041667
    1.000000    0.000000    0.000000    0.000000    0.000000    1.000000    1.000000    1.000000    0.000000    1.000000
    1.000000    1.000000    0.000000    0.000000    1.000000    0.999994    0.999989    0.000017    1.000000    0.000000
    0.000000    1.000000    0.000000    1.000000
            0.000000  0.000000  0.000000
    1.000000    0.000000    0.000000    0.000000    0.000000    1.000000    1.000000    1.000000    0.000000    1.000000
    1.000000    1.000000    0.000000    0.000000    1.000000    0.000000    1.000000    1.000000    1.000000    0.000000
    0.000000    1.000000    1.000000    1.000000
