    0.000000000    0.314611296    0.314610560
    0.136946090    0.314609996    0.314610722
    0.273892180    0.314611267    0.314610563
    0.410838271    0.314610051    0.314610714
    0.547784361    0.314611182    0.314610572
    0.684730451    0.314610156    0.314610698
    0.821676541    0.314611049    0.314610585
    0.958622631    0.314610303    0.314610676
    1.095568721    0.314610879    0.314610602
    1.232514812    0.314610477    0.314610649
    1.369460902    0.314610686    0.314610621
    1.506406992    0.314610665    0.314610619
    1.643353082    0.314610485    0.314610639
    1.780299172    0.314610849    0.314610589
    1.917245263    0.314610295    0.314610654
    2.054191353    0.314611013    0.314610560
    2.191137443    0.314610130    0.314610665
    2.328083533    0.314611142    0.314610534
    2.465029623    0.314610004    0.314610670
    2.601975714    0.314611223    0.314610512
    2.738921804    0.314609929    0.314610667
    2.875867894    0.314611249    0.314610496
    3.012813984    0.314609908    0.314610656
    3.149760074    0.314611216    0.314610487
    3.286706164    0.314609945    0.314610637
    3.423652255    0.314611124    0.314610483
    3.560598345    0.314610035    0.314610610
    3.697544435    0.314610981    0.314610484
    3.834490525    0.314610170    0.314610575
    3.971436615    0.314610796    0.314610489
    4.108382706    0.314610337    0.314610535
    4.245328796    0.314610583    0.314610496
    4.382274886    0.314610521    0.314610492
    4.519220976    0.314610360    0.314610503
    4.656167066    0.314610704    0.314610447
    4.793113157    0.314610144    0.314610507
    4.930059247    0.314610869    0.314610403
    5.067005337    0.314609951    0.314610506
    5.203951427    0.314610999    0.314610362
    5.340897517    0.314609797    0.314610499
    5.477843607    0.314611081    0.314610325
    5.614789698    0.314609694    0.314610483
    5.751735788    0.314611103    0.314610293
    5.888681878    0.314609649    0.314610458
    6.025627968    0.314611061    0.314610266
    6.162574058    0.314609664    0.314610422
    6.299520149    0.314610953    0.314610244
    6.436466239    0.314609738    0.314610375
    6.573412329    0.314610785    0.314610226
    6.710358419    0.314609860    0.314610318
    6.847304509    0.314610565    0.314610209
    6.984250600    0.314610017    0.314610250
    7.121196690    0.314610307    0.314610189
    7.258142780    0.314610191    0.314610172
    7.395088870    0.314610027    0.314610163
    7.532034960    0.314610360    0.314610084
    7.668981050    0.314609740    0.314610125
    7.805927141    0.314610502    0.314609984
    7.942873231    0.314609463    0.314610066
    8.079819321    0.314610591    0.314609868
    8.216765411    0.314609205    0.314609978
    8.353711501    0.314610602    0.314609729
    8.490657592    0.314608972    0.314609847
    8.627603682    0.314610511    0.314609553
    8.764549772    0.314608759    0.314609644
    8.901495862    0.314610292    0.314609301
    9.038441952    0.314608529    0.314609332
    9.175388043    0.314609845    0.314608941
    9.312334133    0.314608202    0.314608871
    9.449280223    0.314609183    0.314608426
    9.586226313    0.314607780    0.314608212
    9.723172403    0.314608270    0.314607700
    9.860118493    0.314607176    0.314607292
    9.997064584    0.314607029    0.314606671
   10.134010674    0.314606259    0.314605994
   10.270956764    0.314605345    0.314605190
   10.407902854    0.314604840    0.314604138
   10.544848944    0.314603035    0.314603028
   10.681795035    0.314602644    0.314601452
   10.818741125    0.314599813    0.314599844
   10.955687215    0.314599261    0.314597521
   11.092633305    0.314595226    0.314595118
   11.229579395    0.314594086    0.314591710
   11.366525486    0.314588579    0.314588061
   11.503471576    0.314586214    0.314583083
   11.640417666    0.314578788    0.314577596
   11.777363756    0.314574272    0.314570318
   11.914309846    0.314564413    0.314561965
   12.051255936    0.314556819    0.314551149
   12.188202027    0.314543142    0.314538339
   12.325148117    0.314530109    0.314522061
   12.462094207    0.314510504    0.314502318
   12.599040297    0.314489112    0.314477501
   12.735986387    0.314460329    0.314446995
   12.872932478    0.314426208    0.314408988
   13.009878568    0.314383103    0.314361907
   13.146824658    0.314329598    0.314303500
   13.283770748    0.314264059    0.314230840
   13.420716838    0.314180936    0.314140815
   13.557662929    0.314080268    0.314028562
   13.694609019    0.313951703    0.313889403
   13.831555109    0.313796036    0.313715671
   13.968501199    0.313597329    0.313499974
   14.105447289    0.313355491    0.313230484
   14.242393379    0.313047934    0.312895245
   14.379339470    0.312671055    0.312476109
   14.516285560    0.312193836    0.311953614
   14.653231650    0.311605034    0.311299818
   14.790177740    0.310862087    0.310483086
   14.927123830    0.309939863    0.309460067
   15.064069921    0.308778919    0.308179461
   15.201016011    0.307330806    0.306573367
   15.337962101    0.305509922    0.304558870
   15.474908191    0.303229599    0.302028803
   15.611854281    0.300362373    0.298849640
   15.748800372    0.296760607    0.294851370
   15.885746462    0.292229397    0.289819788
   16.022692552    0.286524777    0.283484988
   16.159638642    0.279342913    0.275505849
   16.296584732    0.270288849    0.265456450
   16.433530822    0.258885999    0.252800262
   16.570476913    0.244508399    0.236874364
   16.707423003    0.226414815    0.216851745
   16.844369093    0.203636078    0.191727612
   16.981315183    0.175043494    0.160276407
   17.118261273    0.139184581    0.121129393
   17.255207364    0.094419915    0.072827766
   17.392153454    0.038727568    0.013958007
   17.529099544   -0.029520702   -0.056437058
   17.666045634   -0.111696574   -0.138504424
   17.802991724   -0.208452230   -0.231342183
   17.939937815   -0.317721964   -0.332767028
   18.076883905   -0.435286980   -0.439305120
   18.213829995   -0.555444395   -0.546349256
   18.350776085   -0.671246352   -0.648494318
   18.487722175   -0.775287344   -0.740159355
   18.624668265   -0.861005527   -0.816182911
   18.761614356   -0.923467663   -0.872367204
   18.898560446   -0.959377224   -0.905981141
   19.035506536   -0.967451872   -0.916076504
   19.172452626   -0.948734443   -0.903590398
   19.309398716   -0.906543917   -0.871328172
   19.446344807   -0.845954885   -0.823833352
   19.583290897   -0.773602780   -0.767032154
   19.720236987   -0.697632085   -0.707762188
   19.857183077   -0.626913483   -0.653292233
   19.994129167   -0.569843485   -0.610827185
   20.131075258   -0.533844684   -0.587067460
   20.268021348   -0.525254230   -0.588110958
   20.404967438   -0.548699550   -0.619316934
   20.541913528   -0.607284699   -0.684922411
   20.678859618   -0.704936573   -0.787641880
   20.815805708   -0.845355314   -0.927532948
   20.952751799   -1.029081824   -1.100979954
   21.089697889   -1.252880972   -1.300204936
   21.226643979   -1.504491700   -1.512979237
   21.363590069   -1.762828593   -1.723501387
   21.500536159   -2.001859575   -1.913951468
   21.637482250   -2.194356677   -2.066255668
   21.774428340   -2.319010367   -2.164807807
   21.911374430   -2.362232395   -2.198955090
   22.048320520   -2.319010367   -2.164807807
   22.185266610   -2.194356677   -2.066255668
   22.322212701   -2.001859575   -1.913951468
   22.459158791   -1.762828593   -1.723501387
   22.596104881   -1.504491700   -1.512979237
   22.733050971   -1.252880972   -1.300204936
   22.869997061   -1.029081824   -1.100979954
   23.006943151   -0.845355314   -0.927532948
   23.143889242   -0.704936573   -0.787641880
   23.280835332   -0.607284699   -0.684922411
   23.417781422   -0.548699550   -0.619316934
   23.554727512   -0.525254230   -0.588110958
   23.691673602   -0.533844684   -0.587067460
   23.828619693   -0.569843485   -0.610827185
   23.965565783   -0.626913483   -0.653292233
   24.102511873   -0.697632085   -0.707762188
   24.239457963   -0.773602780   -0.767032154
   24.376404053   -0.845954885   -0.823833352
   24.513350144   -0.906543917   -0.871328172
   24.650296234   -0.948734443   -0.903590398
   24.787242324   -0.967451872   -0.916076504
   24.924188414   -0.959377224   -0.905981141
   25.061134504   -0.923467663   -0.872367204
   25.198080594   -0.861005527   -0.816182911
   25.335026685   -0.775287344   -0.740159355
   25.471972775   -0.671246352   -0.648494318
   25.608918865   -0.555444395   -0.546349256
   25.745864955   -0.435286980   -0.439305120
   25.882811045   -0.317721964   -0.332767028
   26.019757136   -0.208452230   -0.231342183
   26.156703226   -0.111696574   -0.138504424
   26.293649316   -0.029520702   -0.056437058
   26.430595406    0.038727568    0.013958007
   26.567541496    0.094419915    0.072827766
   26.704487587    0.139184581    0.121129393
   26.841433677    0.175043494    0.160276407
   26.978379767    0.203636078    0.191727612
   27.115325857    0.226414815    0.216851745
   27.252271947    0.244508399    0.236874364
   27.389218037    0.258885999    0.252800262
   27.526164128    0.270288849    0.265456450
   27.663110218    0.279342913    0.275505849
   27.800056308    0.286524777    0.283484988
   27.937002398    0.292229397    0.289819788
   28.073948488    0.296760607    0.294851370
   28.210894579    0.300362373    0.298849640
   28.347840669    0.303229599    0.302028803
   28.484786759    0.305509922    0.304558870
   28.621732849    0.307330806    0.306573367
   28.758678939    0.308778919    0.308179461
   28.895625030    0.309939863    0.309460067
   29.032571120    0.310862087    0.310483086
   29.169517210    0.311605034    0.311299818
   29.306463300    0.312193836    0.311953614
   29.443409390    0.312671055    0.312476109
   29.580355480    0.313047934    0.312895245
   29.717301571    0.313355491    0.313230484
   29.854247661    0.313597329    0.313499974
   29.991193751    0.313796036    0.313715671
   30.128139841    0.313951703    0.313889403
   30.265085931    0.314080268    0.314028562
   30.402032022    0.314180936    0.314140815
   30.538978112    0.314264059    0.314230840
   30.675924202    0.314329598    0.314303500
   30.812870292    0.314383103    0.314361907
   30.949816382    0.314426208    0.314408988
   31.086762473    0.314460329    0.314446995
   31.223708563    0.314489112    0.314477501
   31.360654653    0.314510504    0.314502318
   31.497600743    0.314530109    0.314522061
   31.634546833    0.314543142    0.314538339
   31.771492923    0.314556819    0.314551149
   31.908439014    0.314564413    0.314561965
   32.045385104    0.314574272    0.314570318
   32.182331194    0.314578788    0.314577596
   32.319277284    0.314586214    0.314583083
   32.456223374    0.314588579    0.314588061
   32.593169465    0.314594086    0.314591710
   32.730115555    0.314595226    0.314595118
   32.867061645    0.314599261    0.314597521
   33.004007735    0.314599813    0.314599844
   33.140953825    0.314602644    0.314601452
   33.277899916    0.314603035    0.314603028
   33.414846006    0.314604840    0.314604138
   33.551792096    0.314605345    0.314605190
   33.688738186    0.314606259    0.314605994
   33.825684276    0.314607029    0.314606671
   33.962630366    0.314607176    0.314607292
   34.099576457    0.314608270    0.314607700
   34.236522547    0.314607780    0.314608212
   34.373468637    0.314609183    0.314608426
   34.510414727    0.314608202    0.314608871
   34.647360817    0.314609845    0.314608941
   34.784306908    0.314608529    0.314609332
   34.921252998    0.314610292    0.314609301
   35.058199088    0.314608759    0.314609644
   35.195145178    0.314610511    0.314609553
   35.332091268    0.314608972    0.314609847
   35.469037359    0.314610602    0.314609729
   35.605983449    0.314609205    0.314609978
   35.742929539    0.314610591    0.314609868
   35.879875629    0.314609463    0.314610066
   36.016821719    0.314610502    0.314609984
   36.153767809    0.314609740    0.314610125
   36.290713900    0.314610360    0.314610084
   36.427659990    0.314610027    0.314610163
   36.564606080    0.314610191    0.314610172
   36.701552170    0.314610307    0.314610189
   36.838498260    0.314610017    0.314610250
   36.975444351    0.314610565    0.314610209
   37.112390441    0.314609860    0.314610318
   37.249336531    0.314610785    0.314610226
   37.386282621    0.314609738    0.314610375
   37.523228711    0.314610953    0.314610244
   37.660174802    0.314609664    0.314610422
   37.797120892    0.314611061    0.314610266
   37.934066982    0.314609649    0.314610458
   38.071013072    0.314611103    0.314610293
   38.207959162    0.314609694    0.314610483
   38.344905252    0.314611081    0.314610325
   38.481851343    0.314609797    0.314610499
   38.618797433    0.314610999    0.314610362
   38.755743523    0.314609951    0.314610506
   38.892689613    0.314610869    0.314610403
   39.029635703    0.314610144    0.314610507
   39.166581794    0.314610704    0.314610447
   39.303527884    0.314610360    0.314610503
   39.440473974    0.314610521    0.314610492
   39.577420064    0.314610583    0.314610496
   39.714366154    0.314610337    0.314610535
   39.851312245    0.314610796    0.314610489
   39.988258335    0.314610170    0.314610575
   40.125204425    0.314610981    0.314610484
   40.262150515    0.314610035    0.314610610
   40.399096605    0.314611124    0.314610483
   40.536042695    0.314609945    0.314610637
   40.672988786    0.314611216    0.314610487
   40.809934876    0.314609908    0.314610656
   40.946880966    0.314611249    0.314610496
   41.083827056    0.314609929    0.314610667
   41.220773146    0.314611223    0.314610512
   41.357719237    0.314610004    0.314610670
   41.494665327    0.314611142    0.314610534
   41.631611417    0.314610130    0.314610665
   41.768557507    0.314611013    0.314610560
   41.905503597    0.314610295    0.314610654
   42.042449688    0.314610849    0.314610589
   42.179395778    0.314610485    0.314610639
   42.316341868    0.314610665    0.314610619
   42.453287958    0.314610686    0.314610621
   42.590234048    0.314610477    0.314610649
   42.727180138    0.314610879    0.314610602
   42.864126229    0.314610303    0.314610676
   43.001072319    0.314611049    0.314610585
   43.138018409    0.314610156    0.314610698
   43.274964499    0.314611182    0.314610572
   43.411910589    0.314610051    0.314610714
   43.548856680    0.314611267    0.314610563
   43.685802770    0.314609996    0.314610722
