              w [eV]            znorm(w)       delta(w) [eV]
    6.7680377175E-05    1.3414852175E+00    2.2205627833E-04
    2.0304113152E-04    1.3414790515E+00    2.2204515151E-04
    3.3840188587E-04    1.3414667209E+00    2.2202290140E-04
    4.7376264022E-04    1.3414482288E+00    2.2198953507E-04
    6.0912339457E-04    1.3414235799E+00    2.2194506308E-04
    7.4448414892E-04    1.3413927802E+00    2.2188949953E-04
    8.7984490327E-04    1.3413558374E+00    2.2182286197E-04
    1.0152056576E-03    1.3413127607E+00    2.2174517146E-04
    1.1505664120E-03    1.3412635608E+00    2.2165645245E-04
    1.2859271663E-03    1.3412082497E+00    2.2155673285E-04
    1.4212879207E-03    1.3411468410E+00    2.2144604391E-04
    1.5566486750E-03    1.3410793500E+00    2.2132442022E-04
    1.6920094294E-03    1.3410057930E+00    2.2119189969E-04
    1.8273701837E-03    1.3409261882E+00    2.2104852345E-04
    1.9627309381E-03    1.3408405547E+00    2.2089433586E-04
    2.0980916924E-03    1.3407489135E+00    2.2072938440E-04
    2.2334524468E-03    1.3406512867E+00    2.2055371966E-04
    2.3688132011E-03    1.3405476977E+00    2.2036739526E-04
    2.5041739555E-03    1.3404381713E+00    2.2017046778E-04
    2.6395347098E-03    1.3403227337E+00    2.1996299672E-04
    2.7748954642E-03    1.3402014122E+00    2.1974504441E-04
    2.9102562185E-03    1.3400742356E+00    2.1951667597E-04
    3.0456169729E-03    1.3399412336E+00    2.1927795918E-04
    3.1809777272E-03    1.3398024372E+00    2.1902896448E-04
    3.3163384816E-03    1.3396578788E+00    2.1876976484E-04
    3.4516992359E-03    1.3395075916E+00    2.1850043569E-04
    3.5870599903E-03    1.3393516101E+00    2.1822105487E-04
    3.7224207446E-03    1.3391899698E+00    2.1793170253E-04
    3.8577814990E-03    1.3390227074E+00    2.1763246104E-04
    3.9931422533E-03    1.3388498602E+00    2.1732341492E-04
    4.1285030077E-03    1.3386714670E+00    2.1700465075E-04
    4.2638637620E-03    1.3384875671E+00    2.1667625710E-04
    4.3992245164E-03    1.3382982010E+00    2.1633832442E-04
    4.5345852707E-03    1.3381034100E+00    2.1599094500E-04
    4.6699460251E-03    1.3379032361E+00    2.1563421282E-04
    4.8053067794E-03    1.3376977224E+00    2.1526822353E-04
    4.9406675338E-03    1.3374869124E+00    2.1489307433E-04
    5.0760282881E-03    1.3372708507E+00    2.1450886391E-04
    5.2113890425E-03    1.3370495825E+00    2.1411569232E-04
    5.3467497968E-03    1.3368231534E+00    2.1371366095E-04
    5.4821105512E-03    1.3365916101E+00    2.1330287241E-04
    5.6174713055E-03    1.3363549995E+00    2.1288343044E-04
    5.7528320599E-03    1.3361133695E+00    2.1245543988E-04
    5.8881928142E-03    1.3358667680E+00    2.1201900653E-04
    6.0235535686E-03    1.3356152439E+00    2.1157423711E-04
    6.1589143229E-03    1.3353588464E+00    2.1112123918E-04
    6.2942750772E-03    1.3350976251E+00    2.1066012106E-04
    6.4296358316E-03    1.3348316301E+00    2.1019099175E-04
    6.5649965859E-03    1.3345609117E+00    2.0971396086E-04
    6.7003573403E-03    1.3342855209E+00    2.0922913857E-04
    6.8357180946E-03    1.3340055086E+00    2.0873663550E-04
    6.9710788490E-03    1.3337209265E+00    2.0823656270E-04
    7.1064396033E-03    1.3334318261E+00    2.0772903157E-04
    7.2418003577E-03    1.3331382594E+00    2.0721415376E-04
    7.3771611120E-03    1.3328402786E+00    2.0669204117E-04
    7.5125218664E-03    1.3325379359E+00    2.0616280584E-04
    7.6478826207E-03    1.3322312840E+00    2.0562655990E-04
    7.7832433751E-03    1.3319203754E+00    2.0508341555E-04
    7.9186041294E-03    1.3316052629E+00    2.0453348495E-04
    8.0539648838E-03    1.3312859993E+00    2.0397688021E-04
    8.1893256381E-03    1.3309626375E+00    2.0341371331E-04
    8.3246863925E-03    1.3306352306E+00    2.0284409609E-04
    8.4600471468E-03    1.3303038314E+00    2.0226814016E-04
    8.5954079012E-03    1.3299684929E+00    2.0168595686E-04
    8.7307686555E-03    1.3296292681E+00    2.0109765724E-04
    8.8661294099E-03    1.3292862098E+00    2.0050335201E-04
    9.0014901642E-03    1.3289393710E+00    1.9990315150E-04
    9.1368509186E-03    1.3285888042E+00    1.9929716559E-04
    9.2722116729E-03    1.3282345623E+00    1.9868550372E-04
    9.4075724273E-03    1.3278766977E+00    1.9806827482E-04
    9.5429331816E-03    1.3275152629E+00    1.9744558732E-04
    9.6782939360E-03    1.3271503101E+00    1.9681754904E-04
    9.8136546903E-03    1.3267818914E+00    1.9618426725E-04
    9.9490154447E-03    1.3264100586E+00    1.9554584857E-04
    1.0084376199E-02    1.3260348636E+00    1.9490239899E-04
    1.0219736953E-02    1.3256563578E+00    1.9425402380E-04
    1.0355097708E-02    1.3252745925E+00    1.9360082763E-04
    1.0490458462E-02    1.3248896187E+00    1.9294291433E-04
    1.0625819216E-02    1.3245014873E+00    1.9228038706E-04
    1.0761179971E-02    1.3241102487E+00    1.9161334817E-04
    1.0896540725E-02    1.3237159533E+00    1.9094189925E-04
    1.1031901479E-02    1.3233186510E+00    1.9026614107E-04
    1.1167262234E-02    1.3229183915E+00    1.8958617358E-04
    1.1302622988E-02    1.3225152243E+00    1.8890209591E-04
    1.1437983743E-02    1.3221091984E+00    1.8821400632E-04
    1.1573344497E-02    1.3217003626E+00    1.8752200220E-04
    1.1708705251E-02    1.3212887653E+00    1.8682618007E-04
    1.1844066006E-02    1.3208744546E+00    1.8612663556E-04
    1.1979426760E-02    1.3204574784E+00    1.8542346339E-04
    1.2114787514E-02    1.3200378840E+00    1.8471675739E-04
    1.2250148269E-02    1.3196157184E+00    1.8400661044E-04
    1.2385509023E-02    1.3191910285E+00    1.8329311450E-04
    1.2520869777E-02    1.3187638606E+00    1.8257636062E-04
    1.2656230532E-02    1.3183342605E+00    1.8185643886E-04
    1.2791591286E-02    1.3179022740E+00    1.8113343838E-04
    1.2926952040E-02    1.3174679462E+00    1.8040744735E-04
    1.3062312795E-02    1.3170313220E+00    1.7967855301E-04
    1.3197673549E-02    1.3165924457E+00    1.7894684162E-04
    1.3333034303E-02    1.3161513616E+00    1.7821239849E-04
    1.3468395058E-02    1.3157081131E+00    1.7747530794E-04
    1.3603755812E-02    1.3152627436E+00    1.7673565335E-04
    1.3739116566E-02    1.3148152959E+00    1.7599351712E-04
    1.3874477321E-02    1.3143658125E+00    1.7524898067E-04
    1.4009838075E-02    1.3139143354E+00    1.7450212447E-04
    1.4145198830E-02    1.3134609063E+00    1.7375302799E-04
    1.4280559584E-02    1.3130055664E+00    1.7300176976E-04
    1.4415920338E-02    1.3125483565E+00    1.7224842733E-04
    1.4551281093E-02    1.3120893171E+00    1.7149307728E-04
    1.4686641847E-02    1.3116284881E+00    1.7073579523E-04
    1.4822002601E-02    1.3111659091E+00    1.6997665584E-04
    1.4957363356E-02    1.3107016193E+00    1.6921573281E-04
    1.5092724110E-02    1.3102356575E+00    1.6845309887E-04
    1.5228084864E-02    1.3097680620E+00    1.6768882582E-04
    1.5363445619E-02    1.3092988707E+00    1.6692298449E-04
    1.5498806373E-02    1.3088281212E+00    1.6615564479E-04
    1.5634167127E-02    1.3083558505E+00    1.6538687566E-04
    1.5769527882E-02    1.3078820955E+00    1.6461674513E-04
    1.5904888636E-02    1.3074068922E+00    1.6384532028E-04
    1.6040249390E-02    1.3069302767E+00    1.6307266726E-04
    1.6175610145E-02    1.3064522844E+00    1.6229885133E-04
    1.6310970899E-02    1.3059729503E+00    1.6152393681E-04
    1.6446331653E-02    1.3054923091E+00    1.6074798710E-04
    1.6581692408E-02    1.3050103950E+00    1.5997106473E-04
    1.6717053162E-02    1.3045272419E+00    1.5919323130E-04
    1.6852413917E-02    1.3040428832E+00    1.5841454753E-04
    1.6987774671E-02    1.3035573519E+00    1.5763507326E-04
    1.7123135425E-02    1.3030706806E+00    1.5685486745E-04
    1.7258496180E-02    1.3025829016E+00    1.5607398817E-04
    1.7393856934E-02    1.3020940468E+00    1.5529249266E-04
    1.7529217688E-02    1.3016041475E+00    1.5451043725E-04
    1.7664578443E-02    1.3011132348E+00    1.5372787747E-04
    1.7799939197E-02    1.3006213394E+00    1.5294486797E-04
    1.7935299951E-02    1.3001284916E+00    1.5216146258E-04
    1.8070660706E-02    1.2996347212E+00    1.5137771429E-04
    1.8206021460E-02    1.2991400577E+00    1.5059367527E-04
    1.8341382214E-02    1.2986445303E+00    1.4980939687E-04
    1.8476742969E-02    1.2981481677E+00    1.4902492963E-04
    1.8612103723E-02    1.2976509983E+00    1.4824032331E-04
    1.8747464477E-02    1.2971530501E+00    1.4745562684E-04
    1.8882825232E-02    1.2966543506E+00    1.4667088839E-04
    1.9018185986E-02    1.2961549273E+00    1.4588615535E-04
    1.9153546740E-02    1.2956548069E+00    1.4510147431E-04
    1.9288907495E-02    1.2951540159E+00    1.4431689114E-04
    1.9424268249E-02    1.2946525807E+00    1.4353245091E-04
    1.9559629003E-02    1.2941505269E+00    1.4274819798E-04
    1.9694989758E-02    1.2936478801E+00    1.4196417595E-04
    1.9830350512E-02    1.2931446653E+00    1.4118042767E-04
    1.9965711267E-02    1.2926409074E+00    1.4039699530E-04
    2.0101072021E-02    1.2921366307E+00    1.3961392026E-04
    2.0236432775E-02    1.2916318593E+00    1.3883124325E-04
    2.0371793530E-02    1.2911266169E+00    1.3804900430E-04
    2.0507154284E-02    1.2906209270E+00    1.3726724271E-04
    2.0642515038E-02    1.2901148126E+00    1.3648599712E-04
    2.0777875793E-02    1.2896082964E+00    1.3570530546E-04
    2.0913236547E-02    1.2891014009E+00    1.3492520502E-04
    2.1048597301E-02    1.2885941481E+00    1.3414573241E-04
    2.1183958056E-02    1.2880865598E+00    1.3336692357E-04
    2.1319318810E-02    1.2875786575E+00    1.3258881380E-04
    2.1454679564E-02    1.2870704622E+00    1.3181143778E-04
    2.1590040319E-02    1.2865619948E+00    1.3103482952E-04
    2.1725401073E-02    1.2860532758E+00    1.3025902243E-04
    2.1860761827E-02    1.2855443254E+00    1.2948404927E-04
    2.1996122582E-02    1.2850351634E+00    1.2870994222E-04
    2.2131483336E-02    1.2845258095E+00    1.2793673282E-04
    2.2266844090E-02    1.2840162830E+00    1.2716445205E-04
    2.2402204845E-02    1.2835066028E+00    1.2639313028E-04
    2.2537565599E-02    1.2829967877E+00    1.2562279728E-04
    2.2672926354E-02    1.2824868561E+00    1.2485348227E-04
    2.2808287108E-02    1.2819768261E+00    1.2408521389E-04
    2.2943647862E-02    1.2814667156E+00    1.2331802021E-04
    2.3079008617E-02    1.2809565422E+00    1.2255192876E-04
    2.3214369371E-02    1.2804463231E+00    1.2178696651E-04
    2.3349730125E-02    1.2799360753E+00    1.2102315990E-04
    2.3485090880E-02    1.2794258157E+00    1.2026053481E-04
    2.3620451634E-02    1.2789155607E+00    1.1949911663E-04
    2.3755812388E-02    1.2784053265E+00    1.1873893019E-04
    2.3891173143E-02    1.2778951291E+00    1.1797999984E-04
    2.4026533897E-02    1.2773849841E+00    1.1722234940E-04
    2.4161894651E-02    1.2768749071E+00    1.1646600219E-04
    2.4297255406E-02    1.2763649131E+00    1.1571098105E-04
    2.4432616160E-02    1.2758550172E+00    1.1495730832E-04
    2.4567976914E-02    1.2753452339E+00    1.1420500587E-04
    2.4703337669E-02    1.2748355779E+00    1.1345409508E-04
    2.4838698423E-02    1.2743260631E+00    1.1270459686E-04
    2.4974059177E-02    1.2738167037E+00    1.1195653168E-04
    2.5109419932E-02    1.2733075132E+00    1.1120991954E-04
    2.5244780686E-02    1.2727985053E+00    1.1046477998E-04
    2.5380141441E-02    1.2722896931E+00    1.0972113211E-04
    2.5515502195E-02    1.2717810898E+00    1.0897899461E-04
    2.5650862949E-02    1.2712727080E+00    1.0823838571E-04
    2.5786223704E-02    1.2707645603E+00    1.0749932322E-04
    2.5921584458E-02    1.2702566592E+00    1.0676182453E-04
    2.6056945212E-02    1.2697490167E+00    1.0602590663E-04
    2.6192305967E-02    1.2692416448E+00    1.0529158608E-04
    2.6327666721E-02    1.2687345552E+00    1.0455887905E-04
    2.6463027475E-02    1.2682277593E+00    1.0382780131E-04
    2.6598388230E-02    1.2677212685E+00    1.0309836825E-04
    2.6733748984E-02    1.2672150938E+00    1.0237059487E-04
    2.6869109738E-02    1.2667092461E+00    1.0164449576E-04
    2.7004470493E-02    1.2662037361E+00    1.0092008519E-04
    2.7139831247E-02    1.2656985743E+00    1.0019737702E-04
    2.7275192001E-02    1.2651937709E+00    9.9476384756E-05
    2.7410552756E-02    1.2646893361E+00    9.8757121555E-05
    2.7545913510E-02    1.2641852797E+00    9.8039600215E-05
    2.7681274264E-02    1.2636816114E+00    9.7323833185E-05
    2.7816635019E-02    1.2631783409E+00    9.6609832573E-05
    2.7951995773E-02    1.2626754773E+00    9.5897610149E-05
    2.8087356528E-02    1.2621730299E+00    9.5187177352E-05
    2.8222717282E-02    1.2616710076E+00    9.4478545292E-05
    2.8358078036E-02    1.2611694193E+00    9.3771724757E-05
    2.8493438791E-02    1.2606682735E+00    9.3066726217E-05
    2.8628799545E-02    1.2601675787E+00    9.2363559828E-05
    2.8764160299E-02    1.2596673433E+00    9.1662235441E-05
    2.8899521054E-02    1.2591675752E+00    9.0962762601E-05
    2.9034881808E-02    1.2586682825E+00    9.0265150554E-05
    2.9170242562E-02    1.2581694730E+00    8.9569408254E-05
    2.9305603317E-02    1.2576711542E+00    8.8875544365E-05
    2.9440964071E-02    1.2571733336E+00    8.8183567263E-05
    2.9576324825E-02    1.2566760185E+00    8.7493485046E-05
    2.9711685580E-02    1.2561792161E+00    8.6805305536E-05
    2.9847046334E-02    1.2556829333E+00    8.6119036282E-05
    2.9982407088E-02    1.2551871771E+00    8.5434684565E-05
    3.0117767843E-02    1.2546919540E+00    8.4752257404E-05
    3.0253128597E-02    1.2541972707E+00    8.4071761557E-05
    3.0388489351E-02    1.2537031334E+00    8.3393203529E-05
    3.0523850106E-02    1.2532095486E+00    8.2716589573E-05
    3.0659210860E-02    1.2527165222E+00    8.2041925694E-05
    3.0794571615E-02    1.2522240603E+00    8.1369217656E-05
    3.0929932369E-02    1.2517321687E+00    8.0698470983E-05
    3.1065293123E-02    1.2512408531E+00    8.0029690963E-05
    3.1200653878E-02    1.2507501189E+00    7.9362882656E-05
    3.1336014632E-02    1.2502599718E+00    7.8698050890E-05
    3.1471375386E-02    1.2497704169E+00    7.8035200273E-05
    3.1606736141E-02    1.2492814595E+00    7.7374335192E-05
    3.1742096895E-02    1.2487931045E+00    7.6715459816E-05
    3.1877457649E-02    1.2483053569E+00    7.6058578104E-05
    3.2012818404E-02    1.2478182214E+00    7.5403693803E-05
    3.2148179158E-02    1.2473317028E+00    7.4750810457E-05
    3.2283539912E-02    1.2468458055E+00    7.4099931406E-05
    3.2418900667E-02    1.2463605341E+00    7.3451059793E-05
    3.2554261421E-02    1.2458758927E+00    7.2804198564E-05
    3.2689622175E-02    1.2453918857E+00    7.2159350473E-05
    3.2824982930E-02    1.2449085170E+00    7.1516518088E-05
    3.2960343684E-02    1.2444257907E+00    7.0875703787E-05
    3.3095704438E-02    1.2439437105E+00    7.0236909770E-05
    3.3231065193E-02    1.2434622803E+00    6.9600138057E-05
    3.3366425947E-02    1.2429815037E+00    6.8965390490E-05
    3.3501786701E-02    1.2425013841E+00    6.8332668740E-05
    3.3637147456E-02    1.2420219251E+00    6.7701974308E-05
    3.3772508210E-02    1.2415431299E+00    6.7073308529E-05
    3.3907868965E-02    1.2410650017E+00    6.6446672572E-05
    3.4043229719E-02    1.2405875437E+00    6.5822067448E-05
    3.4178590473E-02    1.2401107589E+00    6.5199494007E-05
    3.4313951228E-02    1.2396346502E+00    6.4578952947E-05
    3.4449311982E-02    1.2391592204E+00    6.3960444811E-05
    3.4584672736E-02    1.2386844723E+00    6.3343969995E-05
    3.4720033491E-02    1.2382104084E+00    6.2729528746E-05
    3.4855394245E-02    1.2377370313E+00    6.2117121168E-05
    3.4990754999E-02    1.2372643435E+00    6.1506747223E-05
    3.5126115754E-02    1.2367923473E+00    6.0898406735E-05
    3.5261476508E-02    1.2363210450E+00    6.0292099391E-05
    3.5396837262E-02    1.2358504388E+00    5.9687824746E-05
    3.5532198017E-02    1.2353805307E+00    5.9085582221E-05
    3.5667558771E-02    1.2349113228E+00    5.8485371111E-05
    3.5802919525E-02    1.2344428170E+00    5.7887190583E-05
    3.5938280280E-02    1.2339750152E+00    5.7291039681E-05
    3.6073641034E-02    1.2335079190E+00    5.6696917328E-05
    3.6209001788E-02    1.2330415302E+00    5.6104822328E-05
    3.6344362543E-02    1.2325758503E+00    5.5514753366E-05
    3.6479723297E-02    1.2321108810E+00    5.4926709015E-05
    3.6615084052E-02    1.2316466237E+00    5.4340687736E-05
    3.6750444806E-02    1.2311830796E+00    5.3756687877E-05
    3.6885805560E-02    1.2307202502E+00    5.3174707682E-05
    3.7021166315E-02    1.2302581366E+00    5.2594745286E-05
    3.7156527069E-02    1.2297967399E+00    5.2016798722E-05
    3.7291887823E-02    1.2293360614E+00    5.1440865922E-05
    3.7427248578E-02    1.2288761019E+00    5.0866944718E-05
    3.7562609332E-02    1.2284168625E+00    5.0295032843E-05
    3.7697970086E-02    1.2279583439E+00    4.9725127938E-05
    3.7833330841E-02    1.2275005470E+00    4.9157227548E-05
    3.7968691595E-02    1.2270434725E+00    4.8591329127E-05
    3.8104052349E-02    1.2265871212E+00    4.8027430040E-05
    3.8239413104E-02    1.2261314935E+00    4.7465527564E-05
    3.8374773858E-02    1.2256765901E+00    4.6905618890E-05
    3.8510134612E-02    1.2252224114E+00    4.6347701124E-05
    3.8645495367E-02    1.2247689579E+00    4.5791771293E-05
    3.8780856121E-02    1.2243162298E+00    4.5237826339E-05
    3.8916216875E-02    1.2238642276E+00    4.4685863130E-05
    3.9051577630E-02    1.2234129514E+00    4.4135878454E-05
    3.9186938384E-02    1.2229624015E+00    4.3587869024E-05
    3.9322299139E-02    1.2225125779E+00    4.3041831481E-05
    3.9457659893E-02    1.2220634807E+00    4.2497762392E-05
    3.9593020647E-02    1.2216151100E+00    4.1955658255E-05
    3.9728381402E-02    1.2211674657E+00    4.1415515499E-05
    3.9863742156E-02    1.2207205476E+00    4.0877330485E-05
    3.9999102910E-02    1.2202743557E+00    4.0341099510E-05
    4.0134463665E-02    1.2198288898E+00    3.9806818805E-05
    4.0269824419E-02    1.2193841496E+00    3.9274484540E-05
    4.0405185173E-02    1.2189401348E+00    3.8744092823E-05
    4.0540545928E-02    1.2184968450E+00    3.8215639703E-05
    4.0675906682E-02    1.2180542799E+00    3.7689121169E-05
    4.0811267436E-02    1.2176124390E+00    3.7164533156E-05
    4.0946628191E-02    1.2171713218E+00    3.6641871540E-05
    4.1081988945E-02    1.2167309277E+00    3.6121132146E-05
    4.1217349699E-02    1.2162912563E+00    3.5602310745E-05
    4.1352710454E-02    1.2158523068E+00    3.5085403057E-05
    4.1488071208E-02    1.2154140785E+00    3.4570404750E-05
    4.1623431962E-02    1.2149765708E+00    3.4057311446E-05
    4.1758792717E-02    1.2145397828E+00    3.3546118717E-05
    4.1894153471E-02    1.2141037139E+00    3.3036822091E-05
    4.2029514226E-02    1.2136683630E+00    3.2529417047E-05
    4.2164874980E-02    1.2132337294E+00    3.2023899025E-05
    4.2300235734E-02    1.2127998120E+00    3.1520263418E-05
    4.2435596489E-02    1.2123666100E+00    3.1018505580E-05
    4.2570957243E-02    1.2119341223E+00    3.0518620823E-05
    4.2706317997E-02    1.2115023478E+00    3.0020604421E-05
    4.2841678752E-02    1.2110712855E+00    2.9524451609E-05
    4.2977039506E-02    1.2106409342E+00    2.9030157584E-05
    4.3112400260E-02    1.2102112928E+00    2.8537717508E-05
    4.3247761015E-02    1.2097823601E+00    2.8047126509E-05
    4.3383121769E-02    1.2093541348E+00    2.7558379678E-05
    4.3518482523E-02    1.2089266157E+00    2.7071472076E-05
    4.3653843278E-02    1.2084998014E+00    2.6586398730E-05
    4.3789204032E-02    1.2080736907E+00    2.6103154638E-05
    4.3924564786E-02    1.2076482821E+00    2.5621734765E-05
    4.4059925541E-02    1.2072235743E+00    2.5142134050E-05
    4.4195286295E-02    1.2067995657E+00    2.4664347401E-05
    4.4330647049E-02    1.2063762550E+00    2.4188369702E-05
    4.4466007804E-02    1.2059536406E+00    2.3714195808E-05
    4.4601368558E-02    1.2055317210E+00    2.3241820550E-05
    4.4736729312E-02    1.2051104946E+00    2.2771238733E-05
    4.4872090067E-02    1.2046899599E+00    2.2302445141E-05
    4.5007450821E-02    1.2042701152E+00    2.1835434531E-05
    4.5142811576E-02    1.2038509588E+00    2.1370201642E-05
    4.5278172330E-02    1.2034324891E+00    2.0906741189E-05
    4.5413533084E-02    1.2030147044E+00    2.0445047869E-05
    4.5548893839E-02    1.2025976028E+00    1.9985116358E-05
    4.5684254593E-02    1.2021811828E+00    1.9526941311E-05
    4.5819615347E-02    1.2017654424E+00    1.9070517370E-05
    4.5954976102E-02    1.2013503799E+00    1.8615839155E-05
    4.6090336856E-02    1.2009359934E+00    1.8162901271E-05
    4.6225697610E-02    1.2005222810E+00    1.7711698309E-05
    4.6361058365E-02    1.2001092408E+00    1.7262224841E-05
    4.6496419119E-02    1.1996968710E+00    1.6814475428E-05
    4.6631779873E-02    1.1992851696E+00    1.6368444615E-05
    4.6767140628E-02    1.1988741345E+00    1.5924126935E-05
    4.6902501382E-02    1.1984637639E+00    1.5481516908E-05
    4.7037862136E-02    1.1980540557E+00    1.5040609042E-05
    4.7173222891E-02    1.1976450079E+00    1.4601397835E-05
    4.7308583645E-02    1.1972366183E+00    1.4163877773E-05
    4.7443944399E-02    1.1968288850E+00    1.3728043333E-05
    4.7579305154E-02    1.1964218059E+00    1.3293888982E-05
    4.7714665908E-02    1.1960153787E+00    1.2861409178E-05
    4.7850026663E-02    1.1956096014E+00    1.2430598372E-05
    4.7985387417E-02    1.1952044718E+00    1.2001451007E-05
    4.8120748171E-02    1.1947999876E+00    1.1573961518E-05
    4.8256108926E-02    1.1943961468E+00    1.1148124334E-05
    4.8391469680E-02    1.1939929471E+00    1.0723933879E-05
    4.8526830434E-02    1.1935903862E+00    1.0301384570E-05
    4.8662191189E-02    1.1931884618E+00    9.8804708206E-06
    4.8797551943E-02    1.1927871718E+00    9.4611870386E-06
    4.8932912697E-02    1.1923865137E+00    9.0435276289E-06
    4.9068273452E-02    1.1919864853E+00    8.6274869925E-06
    4.9203634206E-02    1.1915870842E+00    8.2130595277E-06
    4.9338994960E-02    1.1911883081E+00    7.8002396301E-06
    4.9474355715E-02    1.1907901546E+00    7.3890216935E-06
    4.9609716469E-02    1.1903926213E+00    6.9794001101E-06
    4.9745077223E-02    1.1899957059E+00    6.5713692709E-06
    4.9880437978E-02    1.1895994058E+00    6.1649235664E-06
    5.0015798732E-02    1.1892037188E+00    5.7600573868E-06
    5.0151159486E-02    1.1888086422E+00    5.3567651224E-06
    5.0286520241E-02    1.1884141737E+00    4.9550411642E-06
    5.0421880995E-02    1.1880203107E+00    4.5548799042E-06
    5.0557241750E-02    1.1876270508E+00    4.1562757357E-06
    5.0692602504E-02    1.1872343915E+00    3.7592230539E-06
    5.0827963258E-02    1.1868423302E+00    3.3637162561E-06
    5.0963324013E-02    1.1864508644E+00    2.9697497420E-06
    5.1098684767E-02    1.1860599916E+00    2.5773179146E-06
    5.1234045521E-02    1.1856697091E+00    2.1864151796E-06
    5.1369406276E-02    1.1852800144E+00    1.7970359469E-06
    5.1504767030E-02    1.1848909050E+00    1.4091746298E-06
    5.1640127784E-02    1.1845023781E+00    1.0228256463E-06
    5.1775488539E-02    1.1841144312E+00    6.3798341888E-07
    5.1910849293E-02    1.1837270617E+00    2.5464237484E-07
    5.2046210047E-02    1.1833402668E+00   -1.2720305311E-07
    5.2181570802E-02    1.1829540441E+00   -5.0755842676E-07
    5.2316931556E-02    1.1825683907E+00   -8.8642930201E-07
    5.2452292310E-02    1.1821833040E+00   -1.2638212286E-06
    5.2587653065E-02    1.1817987814E+00   -1.6397397499E-06
    5.2723013819E-02    1.1814148200E+00   -2.0141904023E-06
    5.2858374573E-02    1.1810314173E+00   -2.3871787155E-06
    5.2993735328E-02    1.1806485705E+00   -2.7587102117E-06
    5.3129096082E-02    1.1802662769E+00   -3.1287904056E-06
    5.3264456837E-02    1.1798845336E+00   -3.4974248041E-06
    5.3399817591E-02    1.1795033380E+00   -3.8646189060E-06
    5.3535178345E-02    1.1791226873E+00   -4.2303782018E-06
    5.3670539100E-02    1.1787425788E+00   -4.5947081735E-06
    5.3805899854E-02    1.1783630096E+00   -4.9576142942E-06
    5.3941260608E-02    1.1779839769E+00   -5.3191020281E-06
    5.4076621363E-02    1.1776054781E+00   -5.6791768299E-06
    5.4211982117E-02    1.1772275101E+00   -6.0378441451E-06
    5.4347342871E-02    1.1768500703E+00   -6.3951094093E-06
    5.4482703626E-02    1.1764731558E+00   -6.7509780485E-06
    5.4618064380E-02    1.1760967638E+00   -7.1054554781E-06
    5.4753425134E-02    1.1757208914E+00   -7.4585471035E-06
    5.4888785889E-02    1.1753455358E+00   -7.8102583197E-06
    5.5024146643E-02    1.1749706941E+00   -8.1605945107E-06
    5.5159507397E-02    1.1745963635E+00   -8.5095610497E-06
    5.5294868152E-02    1.1742225410E+00   -8.8571632990E-06
    5.5430228906E-02    1.1738492238E+00   -9.2034066093E-06
    5.5565589660E-02    1.1734764091E+00   -9.5482963202E-06
    5.5700950415E-02    1.1731040938E+00   -9.8918377595E-06
    5.5836311169E-02    1.1727322752E+00   -1.0234036243E-05
    5.5971671923E-02    1.1723609503E+00   -1.0574897076E-05
    5.6107032678E-02    1.1719901161E+00   -1.0914425549E-05
    5.6242393432E-02    1.1716197698E+00   -1.1252626943E-05
    5.6377754187E-02    1.1712499085E+00   -1.1589506525E-05
    5.6513114941E-02    1.1708805291E+00   -1.1925069549E-05
    5.6648475695E-02    1.1705116288E+00   -1.2259321259E-05
    5.6783836450E-02    1.1701432046E+00   -1.2592266883E-05
    5.6919197204E-02    1.1697752536E+00   -1.2923911638E-05
    5.7054557958E-02    1.1694077728E+00   -1.3254260728E-05
    5.7189918713E-02    1.1690407592E+00   -1.3583319342E-05
    5.7325279467E-02    1.1686742098E+00   -1.3911092657E-05
    5.7460640221E-02    1.1683081218E+00   -1.4237585837E-05
    5.7596000976E-02    1.1679424921E+00   -1.4562804031E-05
    5.7731361730E-02    1.1675773177E+00   -1.4886752375E-05
    5.7866722484E-02    1.1672125956E+00   -1.5209435993E-05
    5.8002083239E-02    1.1668483228E+00   -1.5530859991E-05
    5.8137443993E-02    1.1664844965E+00   -1.5851029465E-05
    5.8272804747E-02    1.1661211134E+00   -1.6169949495E-05
    5.8408165502E-02    1.1657581707E+00   -1.6487625146E-05
    5.8543526256E-02    1.1653956653E+00   -1.6804061471E-05
    5.8678887010E-02    1.1650335942E+00   -1.7119263507E-05
    5.8814247765E-02    1.1646719544E+00   -1.7433236277E-05
    5.8949608519E-02    1.1643107428E+00   -1.7745984788E-05
    5.9084969274E-02    1.1639499565E+00   -1.8057514036E-05
    5.9220330028E-02    1.1635895924E+00   -1.8367828997E-05
    5.9355690782E-02    1.1632296475E+00   -1.8676934638E-05
    5.9491051537E-02    1.1628701187E+00   -1.8984835907E-05
    5.9626412291E-02    1.1625110030E+00   -1.9291537737E-05
    5.9761773045E-02    1.1621522974E+00   -1.9597045049E-05
    5.9897133800E-02    1.1617939987E+00   -1.9901362747E-05
    6.0032494554E-02    1.1614361040E+00   -2.0204495718E-05
    6.0167855308E-02    1.1610786103E+00   -2.0506448838E-05
    6.0303216063E-02    1.1607215143E+00   -2.0807226965E-05
    6.0438576817E-02    1.1603648132E+00   -2.1106834941E-05
    6.0573937571E-02    1.1600085038E+00   -2.1405277594E-05
    6.0709298326E-02    1.1596525831E+00   -2.1702559737E-05
    6.0844659080E-02    1.1592970480E+00   -2.1998686166E-05
    6.0980019834E-02    1.1589418954E+00   -2.2293661663E-05
    6.1115380589E-02    1.1585871224E+00   -2.2587490993E-05
    6.1250741343E-02    1.1582327257E+00   -2.2880178905E-05
    6.1386102097E-02    1.1578787024E+00   -2.3171730135E-05
    6.1521462852E-02    1.1575250494E+00   -2.3462149400E-05
    6.1656823606E-02    1.1571717635E+00   -2.3751441404E-05
    6.1792184361E-02    1.1568188418E+00   -2.4039610833E-05
    6.1927545115E-02    1.1564662812E+00   -2.4326662358E-05
    6.2062905869E-02    1.1561140785E+00   -2.4612600635E-05
    6.2198266624E-02    1.1557622307E+00   -2.4897430303E-05
    6.2333627378E-02    1.1554107348E+00   -2.5181155985E-05
    6.2468988132E-02    1.1550595876E+00   -2.5463782289E-05
    6.2604348887E-02    1.1547087860E+00   -2.5745313806E-05
    6.2739709641E-02    1.1543583271E+00   -2.6025755111E-05
    6.2875070395E-02    1.1540082077E+00   -2.6305110765E-05
    6.3010431150E-02    1.1536584247E+00   -2.6583385309E-05
    6.3145791904E-02    1.1533089751E+00   -2.6860583272E-05
    6.3281152658E-02    1.1529598557E+00   -2.7136709165E-05
    6.3416513413E-02    1.1526110635E+00   -2.7411767482E-05
    6.3551874167E-02    1.1522625955E+00   -2.7685762702E-05
    6.3687234921E-02    1.1519144485E+00   -2.7958699289E-05
    6.3822595676E-02    1.1515666195E+00   -2.8230581689E-05
    6.3957956430E-02    1.1512191054E+00   -2.8501414332E-05
    6.4093317184E-02    1.1508719031E+00   -2.8771201633E-05
    6.4228677939E-02    1.1505250095E+00   -2.9039947989E-05
    6.4364038693E-02    1.1501784216E+00   -2.9307657783E-05
    6.4499399448E-02    1.1498321363E+00   -2.9574335381E-05
    6.4634760202E-02    1.1494861506E+00   -2.9839985132E-05
    6.4770120956E-02    1.1491404613E+00   -3.0104611369E-05
    6.4905481711E-02    1.1487950654E+00   -3.0368218409E-05
    6.5040842465E-02    1.1484499599E+00   -3.0630810554E-05
    6.5176203219E-02    1.1481051417E+00   -3.0892392089E-05
    6.5311563974E-02    1.1477606076E+00   -3.1152967281E-05
    6.5446924728E-02    1.1474163548E+00   -3.1412540383E-05
    6.5582285482E-02    1.1470723800E+00   -3.1671115632E-05
    6.5717646237E-02    1.1467286803E+00   -3.1928697248E-05
    6.5853006991E-02    1.1463852526E+00   -3.2185289433E-05
    6.5988367745E-02    1.1460420939E+00   -3.2440896377E-05
    6.6123728500E-02    1.1456992011E+00   -3.2695522251E-05
    6.6259089254E-02    1.1453565712E+00   -3.2949171209E-05
    6.6394450008E-02    1.1450142011E+00   -3.3201847392E-05
    6.6529810763E-02    1.1446720879E+00   -3.3453554922E-05
    6.6665171517E-02    1.1443302284E+00   -3.3704297906E-05
    6.6800532271E-02    1.1439886197E+00   -3.3954080436E-05
    6.6935893026E-02    1.1436472588E+00   -3.4202906586E-05
    6.7071253780E-02    1.1433061426E+00   -3.4450780415E-05
    6.7206614535E-02    1.1429652681E+00   -3.4697705966E-05
    6.7341975289E-02    1.1426246323E+00   -3.4943687266E-05
    6.7477336043E-02    1.1422842322E+00   -3.5188728324E-05
    6.7612696798E-02    1.1419440648E+00   -3.5432833137E-05
    6.7748057552E-02    1.1416041272E+00   -3.5676005682E-05
    6.7883418306E-02    1.1412644163E+00   -3.5918249922E-05
    6.8018779061E-02    1.1409249291E+00   -3.6159569804E-05
    6.8154139815E-02    1.1405856627E+00   -3.6399969260E-05
    6.8289500569E-02    1.1402466142E+00   -3.6639452203E-05
    6.8424861324E-02    1.1399077805E+00   -3.6878022534E-05
    6.8560222078E-02    1.1395691587E+00   -3.7115684135E-05
    6.8695582832E-02    1.1392307458E+00   -3.7352440875E-05
    6.8830943587E-02    1.1388925390E+00   -3.7588296604E-05
    6.8966304341E-02    1.1385545352E+00   -3.7823255158E-05
    6.9101665095E-02    1.1382167315E+00   -3.8057320359E-05
    6.9237025850E-02    1.1378791251E+00   -3.8290496009E-05
    6.9372386604E-02    1.1375417130E+00   -3.8522785899E-05
    6.9507747358E-02    1.1372044923E+00   -3.8754193801E-05
    6.9643108113E-02    1.1368674601E+00   -3.8984723472E-05
    6.9778468867E-02    1.1365306135E+00   -3.9214378655E-05
    6.9913829621E-02    1.1361939496E+00   -3.9443163076E-05
    7.0049190376E-02    1.1358574656E+00   -3.9671080445E-05
    7.0184551130E-02    1.1355211586E+00   -3.9898134458E-05
    7.0319911885E-02    1.1351850257E+00   -4.0124328794E-05
    7.0455272639E-02    1.1348490642E+00   -4.0349667118E-05
    7.0590633393E-02    1.1345132711E+00   -4.0574153079E-05
    7.0725994148E-02    1.1341776436E+00   -4.0797790310E-05
    7.0861354902E-02    1.1338421790E+00   -4.1020582430E-05
    7.0996715656E-02    1.1335068744E+00   -4.1242533040E-05
    7.1132076411E-02    1.1331717270E+00   -4.1463645729E-05
    7.1267437165E-02    1.1328367341E+00   -4.1683924070E-05
    7.1402797919E-02    1.1325018929E+00   -4.1903371618E-05
    7.1538158674E-02    1.1321672006E+00   -4.2121991916E-05
    7.1673519428E-02    1.1318326545E+00   -4.2339788491E-05
    7.1808880182E-02    1.1314982518E+00   -4.2556764855E-05
    7.1944240937E-02    1.1311639898E+00   -4.2772924503E-05
    7.2079601691E-02    1.1308298659E+00   -4.2988270918E-05
    7.2214962445E-02    1.1304958772E+00   -4.3202807565E-05
    7.2350323200E-02    1.1301620212E+00   -4.3416537898E-05
    7.2485683954E-02    1.1298282952E+00   -4.3629465351E-05
    7.2621044708E-02    1.1294946964E+00   -4.3841593347E-05
    7.2756405463E-02    1.1291612224E+00   -4.4052925293E-05
    7.2891766217E-02    1.1288278703E+00   -4.4263464581E-05
    7.3027126972E-02    1.1284946377E+00   -4.4473214588E-05
    7.3162487726E-02    1.1281615220E+00   -4.4682178676E-05
    7.3297848480E-02    1.1278285205E+00   -4.4890360194E-05
    7.3433209235E-02    1.1274956307E+00   -4.5097762475E-05
    7.3568569989E-02    1.1271628500E+00   -4.5304388837E-05
    7.3703930743E-02    1.1268301760E+00   -4.5510242584E-05
    7.3839291498E-02    1.1264976060E+00   -4.5715327006E-05
    7.3974652252E-02    1.1261651377E+00   -4.5919645378E-05
    7.4110013006E-02    1.1258327685E+00   -4.6123200960E-05
    7.4245373761E-02    1.1255004960E+00   -4.6325996998E-05
    7.4380734515E-02    1.1251683176E+00   -4.6528036725E-05
    7.4516095269E-02    1.1248362311E+00   -4.6729323356E-05
    7.4651456024E-02    1.1245042341E+00   -4.6929860096E-05
    7.4786816778E-02    1.1241723240E+00   -4.7129650134E-05
    7.4922177532E-02    1.1238404986E+00   -4.7328696643E-05
    7.5057538287E-02    1.1235087555E+00   -4.7527002784E-05
    7.5192899041E-02    1.1231770924E+00   -4.7724571704E-05
    7.5328259795E-02    1.1228455070E+00   -4.7921406534E-05
    7.5463620550E-02    1.1225139970E+00   -4.8117510394E-05
    7.5598981304E-02    1.1221825602E+00   -4.8312886386E-05
    7.5734342059E-02    1.1218511943E+00   -4.8507537602E-05
    7.5869702813E-02    1.1215198972E+00   -4.8701467117E-05
    7.6005063567E-02    1.1211886666E+00   -4.8894677994E-05
    7.6140424322E-02    1.1208575004E+00   -4.9087173281E-05
    7.6275785076E-02    1.1205263965E+00   -4.9278956013E-05
    7.6411145830E-02    1.1201953526E+00   -4.9470029211E-05
    7.6546506585E-02    1.1198643669E+00   -4.9660395883E-05
    7.6681867339E-02    1.1195334371E+00   -4.9850059022E-05
    7.6817228093E-02    1.1192025614E+00   -5.0039021607E-05
    7.6952588848E-02    1.1188717376E+00   -5.0227286606E-05
    7.7087949602E-02    1.1185409637E+00   -5.0414856972E-05
    7.7223310356E-02    1.1182102380E+00   -5.0601735642E-05
    7.7358671111E-02    1.1178795583E+00   -5.0787925545E-05
    7.7494031865E-02    1.1175489229E+00   -5.0973429591E-05
    7.7629392619E-02    1.1172183299E+00   -5.1158250680E-05
    7.7764753374E-02    1.1168877774E+00   -5.1342391699E-05
    7.7900114128E-02    1.1165572637E+00   -5.1525855519E-05
    7.8035474882E-02    1.1162267870E+00   -5.1708645000E-05
    7.8170835637E-02    1.1158963455E+00   -5.1890762987E-05
    7.8306196391E-02    1.1155659376E+00   -5.2072212315E-05
    7.8441557146E-02    1.1152355616E+00   -5.2252995802E-05
    7.8576917900E-02    1.1149052159E+00   -5.2433116256E-05
    7.8712278654E-02    1.1145748988E+00   -5.2612576470E-05
    7.8847639409E-02    1.1142446089E+00   -5.2791379225E-05
    7.8983000163E-02    1.1139143445E+00   -5.2969527289E-05
    7.9118360917E-02    1.1135841042E+00   -5.3147023417E-05
    7.9253721672E-02    1.1132538866E+00   -5.3323870351E-05
    7.9389082426E-02    1.1129236902E+00   -5.3500070820E-05
    7.9524443180E-02    1.1125935136E+00   -5.3675627541E-05
    7.9659803935E-02    1.1122633556E+00   -5.3850543218E-05
    7.9795164689E-02    1.1119332148E+00   -5.4024820542E-05
    7.9930525443E-02    1.1116030900E+00   -5.4198462191E-05
    8.0065886198E-02    1.1112729800E+00   -5.4371470832E-05
    8.0201246952E-02    1.1109428835E+00   -5.4543849117E-05
    8.0336607706E-02    1.1106127995E+00   -5.4715599688E-05
    8.0471968461E-02    1.1102827269E+00   -5.4886725173E-05
    8.0607329215E-02    1.1099526647E+00   -5.5057228189E-05
    8.0742689969E-02    1.1096226118E+00   -5.5227111338E-05
    8.0878050724E-02    1.1092925673E+00   -5.5396377213E-05
    8.1013411478E-02    1.1089625304E+00   -5.5565028392E-05
    8.1148772232E-02    1.1086325001E+00   -5.5733067442E-05
    8.1284132987E-02    1.1083024756E+00   -5.5900496918E-05
    8.1419493741E-02    1.1079724563E+00   -5.6067319362E-05
    8.1554854496E-02    1.1076424414E+00   -5.6233537305E-05
    8.1690215250E-02    1.1073124302E+00   -5.6399153265E-05
    8.1825576004E-02    1.1069824222E+00   -5.6564169748E-05
    8.1960936759E-02    1.1066524167E+00   -5.6728589248E-05
    8.2096297513E-02    1.1063224134E+00   -5.6892414249E-05
    8.2231658267E-02    1.1059924117E+00   -5.7055647220E-05
    8.2367019022E-02    1.1056624113E+00   -5.7218290620E-05
    8.2502379776E-02    1.1053324119E+00   -5.7380346896E-05
    8.2637740530E-02    1.1050024131E+00   -5.7541818483E-05
    8.2773101285E-02    1.1046724148E+00   -5.7702707805E-05
    8.2908462039E-02    1.1043424168E+00   -5.7863017272E-05
    8.3043822793E-02    1.1040124190E+00   -5.8022749285E-05
    8.3179183548E-02    1.1036824214E+00   -5.8181906233E-05
    8.3314544302E-02    1.1033524240E+00   -5.8340490493E-05
    8.3449905056E-02    1.1030224269E+00   -5.8498504429E-05
    8.3585265811E-02    1.1026924303E+00   -5.8655950396E-05
    8.3720626565E-02    1.1023624343E+00   -5.8812830736E-05
    8.3855987319E-02    1.1020324392E+00   -5.8969147781E-05
    8.3991348074E-02    1.1017024454E+00   -5.9124903850E-05
    8.4126708828E-02    1.1013724534E+00   -5.9280101251E-05
    8.4262069583E-02    1.1010424635E+00   -5.9434742283E-05
    8.4397430337E-02    1.1007124764E+00   -5.9588829231E-05
    8.4532791091E-02    1.1003824927E+00   -5.9742364370E-05
    8.4668151846E-02    1.1000525130E+00   -5.9895349964E-05
    8.4803512600E-02    1.0997225382E+00   -6.0047788265E-05
    8.4938873354E-02    1.0993925691E+00   -6.0199681516E-05
    8.5074234109E-02    1.0990626065E+00   -6.0351031947E-05
    8.5209594863E-02    1.0987326516E+00   -6.0501841777E-05
    8.5344955617E-02    1.0984027053E+00   -6.0652113216E-05
    8.5480316372E-02    1.0980727688E+00   -6.0801848462E-05
    8.5615677126E-02    1.0977428434E+00   -6.0951049701E-05
    8.5751037880E-02    1.0974129303E+00   -6.1099719111E-05
    8.5886398635E-02    1.0970830309E+00   -6.1247858857E-05
    8.6021759389E-02    1.0967531467E+00   -6.1395471094E-05
    8.6157120143E-02    1.0964232793E+00   -6.1542557966E-05
    8.6292480898E-02    1.0960934302E+00   -6.1689121607E-05
    8.6427841652E-02    1.0957636013E+00   -6.1835164140E-05
    8.6563202406E-02    1.0954337942E+00   -6.1980687678E-05
    8.6698563161E-02    1.0951040110E+00   -6.2125694324E-05
    8.6833923915E-02    1.0947742535E+00   -6.2270186168E-05
    8.6969284670E-02    1.0944445240E+00   -6.2414165293E-05
    8.7104645424E-02    1.0941148244E+00   -6.2557633769E-05
    8.7240006178E-02    1.0937851571E+00   -6.2700593658E-05
    8.7375366933E-02    1.0934555245E+00   -6.2843047009E-05
    8.7510727687E-02    1.0931259289E+00   -6.2984995863E-05
    8.7646088441E-02    1.0927963730E+00   -6.3126442251E-05
    8.7781449196E-02    1.0924668592E+00   -6.3267388192E-05
    8.7916809950E-02    1.0921373905E+00   -6.3407835695E-05
    8.8052170704E-02    1.0918079695E+00   -6.3547786762E-05
    8.8187531459E-02    1.0914785993E+00   -6.3687243382E-05
    8.8322892213E-02    1.0911492829E+00   -6.3826207535E-05
    8.8458252967E-02    1.0908200233E+00   -6.3964681191E-05
    8.8593613722E-02    1.0904908239E+00   -6.4102666311E-05
    8.8728974476E-02    1.0901616879E+00   -6.4240164844E-05
    8.8864335230E-02    1.0898326188E+00   -6.4377178731E-05
    8.8999695985E-02    1.0895036201E+00   -6.4513709903E-05
    8.9135056739E-02    1.0891746955E+00   -6.4649760282E-05
    8.9270417493E-02    1.0888458488E+00   -6.4785331779E-05
    8.9405778248E-02    1.0885170838E+00   -6.4920426296E-05
    8.9541139002E-02    1.0881884044E+00   -6.5055045725E-05
    8.9676499757E-02    1.0878598149E+00   -6.5189191950E-05
    8.9811860511E-02    1.0875313193E+00   -6.5322866844E-05
    8.9947221265E-02    1.0872029220E+00   -6.5456072271E-05
    9.0082582020E-02    1.0868746273E+00   -6.5588810086E-05
    9.0217942774E-02    1.0865464399E+00   -6.5721082134E-05
    9.0353303528E-02    1.0862183644E+00   -6.5852890252E-05
    9.0488664283E-02    1.0858904055E+00   -6.5984236266E-05
    9.0624025037E-02    1.0855625681E+00   -6.6115121994E-05
    9.0759385791E-02    1.0852348572E+00   -6.6245549245E-05
    9.0894746546E-02    1.0849072779E+00   -6.6375519819E-05
    9.1030107300E-02    1.0845798355E+00   -6.6505035505E-05
    9.1165468054E-02    1.0842525352E+00   -6.6634098086E-05
    9.1300828809E-02    1.0839253825E+00   -6.6762709333E-05
    9.1436189563E-02    1.0835983831E+00   -6.6890871012E-05
    9.1571550317E-02    1.0832715425E+00   -6.7018584876E-05
    9.1706911072E-02    1.0829448667E+00   -6.7145852672E-05
    9.1842271826E-02    1.0826183615E+00   -6.7272676137E-05
    9.1977632580E-02    1.0822920330E+00   -6.7399056999E-05
    9.2112993335E-02    1.0819658874E+00   -6.7524996980E-05
    9.2248354089E-02    1.0816399309E+00   -6.7650497789E-05
    9.2383714844E-02    1.0813141700E+00   -6.7775561130E-05
    9.2519075598E-02    1.0809886112E+00   -6.7900188697E-05
    9.2654436352E-02    1.0806632611E+00   -6.8024382177E-05
    9.2789797107E-02    1.0803381266E+00   -6.8148143246E-05
    9.2925157861E-02    1.0800132144E+00   -6.8271473574E-05
    9.3060518615E-02    1.0796885316E+00   -6.8394374822E-05
    9.3195879370E-02    1.0793640853E+00   -6.8516848642E-05
    9.3331240124E-02    1.0790398828E+00   -6.8638896679E-05
    9.3466600878E-02    1.0787159314E+00   -6.8760520569E-05
    9.3601961633E-02    1.0783922385E+00   -6.8881721940E-05
    9.3737322387E-02    1.0780688117E+00   -6.9002502413E-05
    9.3872683141E-02    1.0777456588E+00   -6.9122863600E-05
    9.4008043896E-02    1.0774227875E+00   -6.9242807104E-05
    9.4143404650E-02    1.0771002057E+00   -6.9362334523E-05
    9.4278765404E-02    1.0767779215E+00   -6.9481447445E-05
    9.4414126159E-02    1.0764559430E+00   -6.9600147451E-05
    9.4549486913E-02    1.0761342784E+00   -6.9718436113E-05
    9.4684847667E-02    1.0758129361E+00   -6.9836314999E-05
    9.4820208422E-02    1.0754919245E+00   -6.9953785664E-05
    9.4955569176E-02    1.0751712522E+00   -7.0070849661E-05
    9.5090929930E-02    1.0748509278E+00   -7.0187508531E-05
    9.5226290685E-02    1.0745309600E+00   -7.0303763810E-05
    9.5361651439E-02    1.0742113577E+00   -7.0419617026E-05
    9.5497012194E-02    1.0738921298E+00   -7.0535069700E-05
    9.5632372948E-02    1.0735732854E+00   -7.0650123345E-05
    9.5767733702E-02    1.0732548335E+00   -7.0764779468E-05
    9.5903094457E-02    1.0729367833E+00   -7.0879039568E-05
    9.6038455211E-02    1.0726191441E+00   -7.0992905137E-05
    9.6173815965E-02    1.0723019253E+00   -7.1106377660E-05
    9.6309176720E-02    1.0719851362E+00   -7.1219458615E-05
    9.6444537474E-02    1.0716687864E+00   -7.1332149473E-05
    9.6579898228E-02    1.0713528854E+00   -7.1444451699E-05
    9.6715258983E-02    1.0710374429E+00   -7.1556366750E-05
    9.6850619737E-02    1.0707224685E+00   -7.1667896078E-05
    9.6985980491E-02    1.0704079721E+00   -7.1779041125E-05
    9.7121341246E-02    1.0700939633E+00   -7.1889803331E-05
    9.7256702000E-02    1.0697804522E+00   -7.2000184125E-05
    9.7392062754E-02    1.0694674485E+00   -7.2110184933E-05
    9.7527423509E-02    1.0691549622E+00   -7.2219807172E-05
    9.7662784263E-02    1.0688430033E+00   -7.2329052255E-05
    9.7798145017E-02    1.0685315818E+00   -7.2437921586E-05
    9.7933505772E-02    1.0682207078E+00   -7.2546416565E-05
    9.8068866526E-02    1.0679103913E+00   -7.2654538586E-05
    9.8204227281E-02    1.0676006424E+00   -7.2762289034E-05
    9.8339588035E-02    1.0672914713E+00   -7.2869669291E-05
    9.8474948789E-02    1.0669828880E+00   -7.2976680731E-05
    9.8610309544E-02    1.0666749027E+00   -7.3083324724E-05
    9.8745670298E-02    1.0663675255E+00   -7.3189602632E-05
    9.8881031052E-02    1.0660607665E+00   -7.3295515813E-05
    9.9016391807E-02    1.0657546358E+00   -7.3401065618E-05
    9.9151752561E-02    1.0654491436E+00   -7.3506253393E-05
    9.9287113315E-02    1.0651442999E+00   -7.3611080477E-05
    9.9422474070E-02    1.0648401147E+00   -7.3715548206E-05
    9.9557834824E-02    1.0645365982E+00   -7.3819657909E-05
    9.9693195578E-02    1.0642337603E+00   -7.3923410908E-05
    9.9828556333E-02    1.0639316110E+00   -7.4026808522E-05
    9.9963917087E-02    1.0636301602E+00   -7.4129852064E-05
